,HYDRO-STORAGE,HYDRO-ROR,NUCLEAR,HYDRO-PONDAGE,solarPV,wind,Coal,Gas-CCGT,Gas-CT,Diesel,Other,Bat-Storage-Discharge,Bat-Storage-Charge,curtailment,load,Bat-Storage-Energy-MWh
1,2164.415,2295.33513,11444.64,3549.516,0.0,52872.9078343,161903.586036,411.3,8.1,19.2,0.0,0.0,0.0,0.0,234669,0.0
2,2164.415,2295.33513,11444.64,3549.516,0.0,51219.012105,159015.481765,411.3,8.1,19.2,0.0,0.0,0.0,0.0,230127,0.0
3,2164.415,2295.33513,11444.64,3549.516,0.0,49278.6900157,161417.803854,411.3,8.1,19.2,0.0,0.0,0.0,0.0,230589,0.0
4,2164.415,2295.33513,11444.64,3549.516,0.0,45838.732914,166756.760956,411.3,8.1,19.2,0.0,0.0,0.0,0.0,232488,0.0
5,2164.415,2295.33513,11444.64,3549.516,0.0,42557.8091016,175117.684768,411.3,8.1,19.2,0.0,0.0,0.0,0.0,237568,0.0
6,9407.18160898,2295.33513,11444.64,3549.516,0.0,41028.104261,176790.123,568.8,8.1,19.2,0.0,0.0,0.0,0.0,245111,0.0
7,18905.2769257,2295.33513,11444.64,3549.516,0.0,40804.0089443,176790.123,568.8,8.1,19.2,0.0,0.0,0.0,0.0,254385,0.0
8,26789.7519628,2295.33513,11444.64,3549.516,1977.11944452,40748.4144627,176790.123,568.8,8.1,19.2,0.0,0.0,0.0,0.0,264191,0.0
9,28343.967954,2295.33513,11444.64,3549.516,10782.9082211,38135.3448258,176935.187869,568.8,8.1,19.2,0.0,0.0,0.0,0.0,272083,0.0
10,26621.9361659,2295.33513,11444.64,3549.516,19814.299362,35967.0503421,176790.123,568.8,8.1,19.2,0.0,0.0,0.0,0.0,277079,0.0
11,16245.4550063,2295.33513,11444.64,3549.516,26951.0285571,38330.8023067,176952.123,568.8,8.1,19.2,0.0,0.0,0.0,0.0,276365,0.0
12,7078.35728172,2295.33513,11444.64,3549.516,31195.3292312,39701.5993571,176952.123,568.8,8.1,19.2,0.0,0.0,0.0,0.0,272813,0.0
13,2241.00611629,2295.33513,11444.64,3549.516,32204.2984691,38648.9812846,176952.123,568.8,8.1,19.2,0.0,0.0,0.0,0.0,267932,0.0
14,3145.68104568,2295.33513,11444.64,3549.516,31206.3071757,33643.2976486,176952.123,568.8,8.1,19.2,0.0,0.0,0.0,0.0,262833,0.0
15,3154.74608046,2295.33513,11444.64,3549.516,29054.0933141,31333.4464755,176952.123,568.8,8.1,19.2,0.0,0.0,0.0,0.0,258380,0.0
16,5600.76305391,2295.33513,11444.64,3549.516,23471.0157517,33186.5070644,176952.123,568.8,8.1,19.2,0.0,0.0,0.0,0.0,257096,0.0
17,13168.939233,2295.33513,11444.64,3549.516,14479.7678711,36364.5787658,176952.123,568.8,8.1,19.2,0.0,0.0,0.0,0.0,258851,0.0
18,28301.1983932,2295.33513,11444.64,3549.516,2059.87944953,36179.2080273,176952.123,568.8,8.1,19.2,0.0,0.0,0.0,0.0,261378,0.0
19,26001.9417379,2295.33513,11444.64,3549.516,0.0,41417.3441321,176952.123,568.8,8.1,19.2,0.0,0.0,0.0,0.0,262257,0.0
20,15120.9595987,2295.33513,11444.64,3549.516,0.0,51015.3262713,176952.123,568.8,8.1,19.2,0.0,0.0,0.0,0.0,260974,0.0
21,4899.64683551,2295.33513,11444.64,3549.516,0.0,56784.6390345,176952.123,568.8,8.1,19.2,0.0,0.0,0.0,0.0,256522,0.0
22,2164.415,2295.33513,11444.64,3549.516,0.0,57407.6240671,171440.869803,411.3,8.1,19.2,0.0,0.0,0.0,0.0,248741,0.0
23,2164.415,2295.33513,11444.64,3549.516,0.0,55194.4416405,165301.05223,411.3,8.1,19.2,0.0,0.0,0.0,0.0,240388,0.0
24,2164.415,2295.33513,11444.64,3549.516,0.0,51060.7014114,162887.792459,411.3,8.1,19.2,0.0,0.0,0.0,0.0,233841,0.0
25,2109.3875,2280.89906,11444.64,3549.516,0.0,46460.7077524,160913.007688,2275.542,8.1,19.2,0.0,0.0,0.0,0.0,229061,0.0
26,2109.3875,2280.89906,11444.64,3549.516,0.0,43023.7658334,160786.949607,2275.542,8.1,19.2,0.0,0.0,0.0,0.0,225498,0.0
27,2109.3875,2280.89906,11444.64,3549.516,0.0,40170.2611733,162485.454267,2275.542,8.1,19.2,0.0,0.0,0.0,0.0,224343,0.0
28,2109.3875,2280.89906,11444.64,3549.516,0.0,36129.4142124,168706.401228,2402.442,8.1,19.2,0.0,0.0,0.0,0.0,226650,0.0
29,2109.3875,2280.89906,11444.64,3549.516,0.0,33042.863387,177612.952053,2402.442,8.1,19.2,0.0,0.0,0.0,0.0,232470,0.0
30,2109.3875,2280.89906,11444.64,3549.516,0.0,31352.1538684,187767.661572,2402.442,8.1,19.2,0.0,0.0,0.0,0.0,240934,0.0
31,4583.39146973,2280.89906,11444.64,3549.516,0.0,30129.3924703,194456.673,4260.888,176.4,19.2,0.0,0.0,0.0,0.0,250901,0.0
32,14061.3059453,2280.89906,11444.64,3549.516,1986.63294178,28979.8450529,194456.673,4260.888,176.4,19.2,0.0,0.0,0.0,0.0,261216,0.0
33,18190.6398783,2280.89906,11444.64,3549.516,10984.5459467,24882.598115,194456.673,4260.888,176.4,19.2,0.0,0.0,0.0,0.0,270246,0.0
34,17888.8749426,2280.89906,11444.64,3549.516,20144.6739358,21172.2350616,194456.673,4260.888,176.4,19.2,0.0,0.0,0.0,0.0,275394,0.0
35,10758.328994,2280.89906,11444.64,3549.516,26645.5274296,20795.9275164,194456.673,4260.888,176.4,19.2,0.0,0.0,0.0,0.0,274388,0.0
36,7144.75560948,2280.89906,11444.64,3549.516,30950.1396186,16430.8887119,194456.673,4260.888,176.4,19.2,0.0,0.0,0.0,0.0,270714,0.0
37,6413.8428543,2280.89906,11444.64,3549.516,32407.4810795,11402.4600062,194456.673,4260.888,176.4,19.2,0.0,0.0,0.0,0.0,266412,0.0
38,5447.90011038,2280.89906,11444.64,3549.516,33155.9341331,8376.57633328,194484.046363,4260.888,176.4,19.2,0.0,0.0,0.0,0.0,263196,0.0
39,7296.30496933,2280.89906,11444.64,3549.516,31177.9323601,6948.54661059,194591.673,4260.888,176.4,19.2,0.0,0.0,0.0,0.0,261746,0.0
40,13153.2353303,2280.89906,11444.64,3549.516,25566.0769649,8182.47164477,194591.673,4260.888,176.4,19.2,0.0,0.0,0.0,0.0,263225,0.0
41,24706.7695061,2280.89906,11444.64,3549.516,16160.825364,10745.1890699,194591.673,4260.888,176.4,19.2,0.0,0.0,0.0,0.0,267936,0.0
42,36685.0,2280.89906,11444.64,3549.516,2572.1917749,14232.7374992,194659.173,4551.084,967.293,1431.46566591,0.0,0.0,0.0,0.0,272374,0.0
43,34887.2831422,2280.89906,11444.64,3549.516,0.0,22318.5007978,194591.673,4260.888,176.4,19.2,0.0,0.0,0.0,0.0,273529,0.0
44,22637.561803,2280.89906,11444.64,3549.516,0.0,33453.222137,194591.673,4260.888,176.4,19.2,0.0,0.0,0.0,0.0,272414,0.0
45,9502.44694497,2280.89906,11444.64,3549.516,0.0,41895.336995,194591.673,4260.888,176.4,19.2,0.0,0.0,0.0,0.0,267721,0.0
46,2109.3875,2280.89906,11444.64,3549.516,0.0,43563.5570423,193098.573398,2845.827,176.4,19.2,0.0,0.0,0.0,0.0,259088,0.0
47,2109.3875,2280.89906,11444.64,3549.516,0.0,41576.6458199,187011.16962,2402.442,8.1,19.2,0.0,0.0,0.0,0.0,250402,0.0
48,2109.3875,2280.89906,11444.64,3549.516,0.0,39228.333467,182944.481973,2402.442,8.1,19.2,0.0,0.0,0.0,0.0,243987,0.0
49,2212.1055,2295.33513,11444.64,3549.516,0.0,36273.2430888,179988.708281,2737.152,8.1,19.2,0.0,0.0,0.0,0.0,238528,0.0
50,2212.1055,2295.33513,11444.64,3549.516,0.0,34145.0437756,178171.907594,2737.152,8.1,19.2,0.0,0.0,0.0,0.0,234583,0.0
51,2212.1055,2295.33513,11444.64,3549.516,0.0,32403.3955487,179086.555821,2737.152,8.1,19.2,0.0,0.0,0.0,0.0,233756,0.0
52,2212.1055,2295.33513,11444.64,3549.516,0.0,30850.8971388,182947.054231,2737.152,8.1,19.2,0.0,0.0,0.0,0.0,236064,0.0
53,2212.1055,2295.33513,11444.64,3549.516,0.0,28421.5241501,191286.42722,2737.152,8.1,19.2,0.0,0.0,0.0,0.0,241974,0.0
54,2212.1055,2295.33513,11444.64,3549.516,0.0,26899.7533641,201545.2935,3059.352,21.8045059056,19.2,0.0,0.0,0.0,0.0,251047,0.0
55,2473.4229879,2295.33513,11444.64,3549.516,0.0,25761.5038821,210931.938,5019.444,252.0,19.2,0.0,0.0,0.0,0.0,261747,0.0
56,13074.38547,2295.33513,11444.64,3549.516,1934.51578659,24324.0256135,210931.938,5019.444,252.0,19.2,0.0,0.0,0.0,0.0,272845,0.0
57,16908.4082174,2295.33513,11444.64,3549.516,10917.1347831,20210.3838695,210931.938,5019.444,252.0,19.2,0.0,0.0,0.0,0.0,281548,0.0
58,16325.2357532,2295.33513,11444.64,3549.516,20492.4149179,15420.2761989,210931.938,5019.444,252.0,19.2,0.0,0.0,0.0,0.0,285750,0.0
59,7841.19297495,2295.33513,11444.64,3549.516,28321.9645878,14737.7693072,210931.938,5019.444,252.0,19.2,0.0,0.0,0.0,0.0,284413,0.0
60,2212.1055,2295.33513,11444.64,3549.516,33192.740757,12149.0670309,210652.601582,4885.794,252.0,19.2,0.0,0.0,0.0,0.0,280653,0.0
61,2212.1055,2295.33513,11444.64,3549.516,34683.3671646,8883.49653051,208163.345675,4689.594,176.4,19.2,0.0,0.0,0.0,0.0,276117,0.0
62,2212.1055,2295.33513,11444.64,3549.516,35101.6348194,6555.21516292,206248.355388,4595.598,176.4,19.2,0.0,0.0,0.0,0.0,272198,0.0
63,2212.1055,2295.33513,11444.64,3549.516,31862.6739719,5473.35035799,207715.18504,4689.594,176.4,19.2,0.0,0.0,0.0,0.0,269438,0.0
64,5898.60194928,2295.33513,11444.64,3549.516,24874.0855523,5611.2393684,210931.938,5019.444,252.0,19.2,0.0,0.0,0.0,0.0,269896,0.0
65,18171.6539874,2295.33513,11444.64,3549.516,15674.8347472,6338.65660301,210931.938,5072.22553242,252.0,19.2,0.0,0.0,0.0,0.0,273750,0.0
66,34436.1325023,2295.33513,11444.64,3549.516,2370.19478582,7198.04958186,210931.938,5126.994,252.0,19.2,0.0,0.0,0.0,0.0,277624,0.0
67,36300.9708182,2295.33513,11444.64,3549.516,0.0,9770.4060518,210931.938,5126.994,252.0,19.2,0.0,0.0,0.0,0.0,279691,0.0
68,31135.604945,2295.33513,11444.64,3549.516,0.0,14210.771925,210931.938,5126.994,252.0,19.2,0.0,0.0,0.0,0.0,278966,0.0
69,22997.8088087,2295.33513,11444.64,3549.516,0.0,17714.5680613,210931.938,5126.994,252.0,19.2,0.0,0.0,0.0,0.0,274332,0.0
70,15217.4880441,2295.33513,11444.64,3549.516,0.0,16934.8888259,210931.938,5126.994,252.0,19.2,0.0,0.0,0.0,0.0,265772,0.0
71,7228.0620416,2295.33513,11444.64,3549.516,0.0,14856.3148284,210931.938,5126.994,252.0,19.2,0.0,0.0,0.0,0.0,255704,0.0
72,2212.1055,2295.33513,11444.64,3549.516,0.0,12838.4717832,209964.537587,4885.794,176.4,19.2,0.0,0.0,0.0,0.0,247386,0.0
73,7349.86870463,2295.33513,11444.64,3549.516,0.0,11601.6831654,200171.673,4353.084,252.0,19.2,0.0,0.0,0.0,0.0,241037,0.0
74,4056.8664183,2295.33513,11444.64,3549.516,0.0,10101.1148581,200171.673,4353.084,244.570593634,19.2,0.0,0.0,0.0,0.0,236236,0.0
75,3215.53903359,2295.33513,11444.64,3549.516,0.0,8812.61283641,200171.673,4353.084,176.4,19.2,0.0,0.0,0.0,0.0,234038,0.0
76,6358.68586972,2295.33513,11444.64,3549.516,0.0,7369.46600028,200171.673,4353.084,176.4,19.2,0.0,0.0,0.0,0.0,235738,0.0
77,10837.8674706,2295.33513,11444.64,3549.516,0.0,7055.28439938,200171.673,4353.084,176.4,19.2,0.0,0.0,0.0,0.0,239903,0.0
78,16822.531904,2295.33513,11444.64,3549.516,0.0,7532.61996602,200171.673,4353.084,176.4,19.2,0.0,0.0,0.0,0.0,246365,0.0
79,23431.0704678,2295.33513,11444.64,3549.516,0.0,8347.08140218,200171.673,4353.084,176.4,19.2,0.0,0.0,0.0,0.0,253788,0.0
80,27790.0566867,2295.33513,11444.64,3549.516,1860.3483954,9502.14678792,200171.673,4353.084,252.0,19.2,0.0,0.0,0.0,0.0,261238,0.0
81,25206.2282908,2295.33513,11444.64,3549.516,10999.4030031,8211.92057614,200171.673,4353.084,252.0,19.2,0.0,0.0,0.0,0.0,266503,0.0
82,20190.634616,2295.33513,11444.64,3549.516,20275.7180132,6978.19924079,200171.673,4353.084,252.0,19.2,0.0,0.0,0.0,0.0,269530,0.0
83,9424.01352378,2295.33513,11444.64,3549.516,28472.0601017,9387.47824455,200171.673,4353.084,252.0,19.2,0.0,0.0,0.0,0.0,269369,0.0
84,2450.558,2295.33513,11444.64,3549.516,33203.0828488,9270.65241354,199670.731608,4255.884,176.4,19.2,0.0,0.0,0.0,0.0,266336,0.0
85,2450.558,2295.33513,11444.64,3549.516,36383.0973218,8592.89289458,194364.778654,2676.582,176.4,19.2,0.0,0.0,0.0,0.0,261953,0.0
86,2450.558,2295.33513,11444.64,3549.516,35549.126098,8554.70631325,192067.376459,2303.442,8.1,19.2,0.0,0.0,0.0,0.0,258242,0.0
87,2450.558,2295.33513,11444.64,3549.516,32500.4611263,8908.49318737,191863.254556,2303.442,8.1,19.2,0.0,0.0,0.0,0.0,255343,0.0
88,2450.558,2295.33513,11444.64,3549.516,25329.6485932,9718.23345056,197208.423,3078.0458262,176.4,19.2,0.0,0.0,0.0,0.0,255270,0.0
89,8319.9906471,2295.33513,11444.64,3549.516,15290.9261682,12511.6350547,200171.673,4353.084,252.0,19.2,0.0,0.0,0.0,0.0,258208,0.0
90,22285.7848289,2295.33513,11444.64,3549.516,2382.98944507,15193.777596,200171.673,4353.084,252.0,19.2,0.0,0.0,0.0,0.0,261948,0.0
91,22086.9846283,2295.33513,11444.64,3549.516,0.0,19813.5672417,200171.673,4353.084,252.0,19.2,0.0,0.0,0.0,0.0,263986,0.0
92,16582.7858268,2295.33513,11444.64,3549.516,0.0,25733.3660432,200171.673,4353.084,176.4,19.2,0.0,0.0,0.0,0.0,264326,0.0
93,8778.7560829,2295.33513,11444.64,3549.516,0.0,30388.3957871,200171.673,4353.084,176.4,19.2,0.0,0.0,0.0,0.0,261177,0.0
94,2450.558,2295.33513,11444.64,3549.516,0.0,33149.6670753,197312.731795,3458.952,176.4,19.2,0.0,0.0,0.0,0.0,253857,0.0
95,2450.558,2295.33513,11444.64,3549.516,0.0,33491.827916,191508.380954,2303.442,8.1,19.2,0.0,0.0,0.0,0.0,247071,0.0
96,2450.558,2295.33513,11444.64,3549.516,0.0,30917.8946551,188961.314215,2303.442,8.1,19.2,0.0,0.0,0.0,0.0,241950,0.0
97,2597.298,2295.33513,11444.64,3571.84,0.0,27118.5229114,188325.621959,2303.442,8.1,19.2,0.0,0.0,0.0,0.0,237684,0.0
98,2597.298,2295.33513,11444.64,3571.84,0.0,22822.9398092,189325.205061,2303.442,8.1,19.2,0.0,0.0,0.0,0.0,234388,0.0
99,2597.298,2295.33513,11444.64,3571.84,0.0,18973.5562519,192666.088618,2460.942,8.1,19.2,0.0,0.0,0.0,0.0,234037,0.0
100,2597.298,2295.33513,11444.64,3571.84,0.0,16022.6318497,196445.673,3163.98202025,176.4,19.2,0.0,0.0,0.0,0.0,235737,0.0
101,4166.40494782,2295.33513,11444.64,3571.84,0.0,14716.0215318,199159.173,4352.98539042,176.4,19.2,0.0,0.0,0.0,0.0,239902,0.0
102,11111.3270666,2295.33513,11444.64,3571.84,0.0,14232.0008034,199159.173,4353.084,176.4,19.2,0.0,0.0,0.0,0.0,246363,0.0
103,18392.8719766,2295.33513,11444.64,3571.84,0.0,14373.4558934,199159.173,4353.084,176.4,19.2,0.0,0.0,0.0,0.0,253786,0.0
104,23888.943895,2295.33513,11444.64,3571.84,1865.38268294,14461.0012921,199159.173,4353.084,176.4,19.2,0.0,0.0,0.0,0.0,261235,0.0
105,20980.2730046,2295.33513,11444.64,3571.84,11093.4890296,13405.5658358,199159.173,4353.084,176.4,19.2,0.0,0.0,0.0,0.0,266499,0.0
106,16157.5073393,2295.33513,11444.64,3571.84,20729.2029566,11617.6175741,199159.173,4353.084,176.4,19.2,0.0,0.0,0.0,0.0,269524,0.0
107,9404.52543684,2295.33513,11444.64,3571.84,29072.4110367,9867.39139643,199159.173,4353.084,176.4,19.2,0.0,0.0,0.0,0.0,269364,0.0
108,2597.298,2295.33513,11444.64,3571.84,34359.1983286,8497.82713896,199113.377402,4255.884,176.4,19.2,0.0,0.0,0.0,0.0,266331,0.0
109,2597.298,2295.33513,11444.64,3571.84,36780.0016498,6693.53787084,195622.920349,2746.827,176.4,19.2,0.0,0.0,0.0,0.0,261948,0.0
110,2597.298,2295.33513,11444.64,3571.84,36060.9658124,5198.19513362,194126.298924,2746.827,176.4,19.2,0.0,0.0,0.0,0.0,258237,0.0
111,2597.298,2295.33513,11444.64,3571.84,32489.9219384,4224.98210651,195773.555825,2746.827,176.4,19.2,0.0,0.0,0.0,0.0,255340,0.0
112,3753.79696093,2295.33513,11444.64,3571.84,26031.4352661,4463.09564301,199159.173,4353.084,176.4,19.2,0.0,0.0,0.0,0.0,255268,0.0
113,15566.6115316,2295.33513,11444.64,3571.84,16162.2416895,5457.4746489,199159.173,4353.084,176.4,19.2,0.0,0.0,0.0,0.0,258206,0.0
114,31341.9922853,2295.33513,11444.64,3571.84,2726.99815182,6857.33743288,199159.173,4353.084,176.4,19.2,0.0,0.0,0.0,0.0,261946,0.0
115,33150.9329586,2295.33513,11444.64,3571.84,0.0,9812.39491135,199159.173,4353.084,176.4,19.2,0.0,0.0,0.0,0.0,263983,0.0
116,29205.6137976,2295.33513,11444.64,3571.84,0.0,14097.7140724,199159.173,4353.084,176.4,19.2,0.0,0.0,0.0,0.0,264323,0.0
117,22773.8891897,2295.33513,11444.64,3571.84,0.0,17379.4386803,199159.173,4353.084,176.4,19.2,0.0,0.0,0.0,0.0,261173,0.0
118,14452.0256382,2295.33513,11444.64,3571.84,0.0,18383.3022318,199159.173,4353.084,176.4,19.2,0.0,0.0,0.0,0.0,253855,0.0
119,5986.23567122,2295.33513,11444.64,3571.84,0.0,18616.0921988,199159.173,4353.084,176.4,19.2,0.0,0.0,0.0,0.0,245622,0.0
120,2597.298,2295.33513,11444.64,3571.84,0.0,18340.9647743,196715.673,4082.64909567,176.4,19.2,0.0,0.0,0.0,0.0,239244,0.0
121,2766.049,2280.89906,11444.64,3571.84,0.0,17767.0309608,193467.798979,2402.442,8.1,19.2,0.0,0.0,0.0,0.0,233728,0.0
122,2766.049,2280.89906,11444.64,3571.84,0.0,17140.8434466,189384.986493,2402.442,8.1,19.2,0.0,0.0,0.0,0.0,229019,0.0
123,2766.049,2280.89906,11444.64,3571.84,0.0,17091.8317272,187654.998213,2402.442,8.1,19.2,0.0,0.0,0.0,0.0,227240,0.0
124,2766.049,2280.89906,11444.64,3571.84,0.0,16099.9245072,190750.905433,2402.442,8.1,19.2,0.0,0.0,0.0,0.0,229344,0.0
125,2766.049,2280.89906,11444.64,3571.84,0.0,15022.9214743,196241.223466,2845.827,176.4,19.2,0.0,0.0,0.0,0.0,234369,0.0
126,4576.72465966,2280.89906,11444.64,3571.84,0.0,14531.9937856,201073.473,4551.084,222.145494783,19.2,0.0,0.0,0.0,0.0,242272,0.0
127,14367.7879139,2280.89906,11444.64,3571.84,0.0,13686.6760261,201073.473,4551.084,176.4,19.2,0.0,0.0,0.0,0.0,251172,0.0
128,23179.7877776,2280.89906,11444.64,3571.84,1825.87654471,12657.7996177,201073.473,4551.084,176.4,19.2,0.0,0.0,0.0,0.0,260781,0.0
129,23939.3738157,2280.89906,11444.64,3571.84,11135.3033185,10319.7868059,201073.473,4551.084,176.4,19.2,0.0,0.0,0.0,0.0,268512,0.0
130,20501.5066856,2280.89906,11444.64,3571.84,20778.4153383,8868.54191613,201073.473,4551.084,176.4,19.2,0.0,0.0,0.0,0.0,273266,0.0
131,13051.4476237,2280.89906,11444.64,3571.84,28541.1907837,8795.82553254,201073.473,4551.084,176.4,19.2,0.0,0.0,0.0,0.0,273506,0.0
132,4766.55240629,2280.89906,11444.64,3571.84,33799.478123,9847.43341071,201073.473,4551.084,176.4,19.2,0.0,0.0,0.0,0.0,271531,0.0
133,2766.049,2280.89906,11444.64,3571.84,36131.7655758,9842.9327365,198012.385628,4260.888,176.4,19.2,0.0,0.0,0.0,0.0,268507,0.0
134,2766.049,2280.89906,11444.64,3571.84,35939.3247483,9884.20670015,196644.613492,2845.827,176.4,19.2,0.0,0.0,0.0,0.0,265573,0.0
135,2766.049,2280.89906,11444.64,3571.84,32915.8316818,10254.2880809,197590.025177,2845.827,176.4,19.2,0.0,0.0,0.0,0.0,263865,0.0
136,4206.15882058,2280.89906,11444.64,3571.84,26687.4044368,10777.9006826,201073.473,4551.084,176.4,19.2,0.0,0.0,0.0,0.0,264789,0.0
137,18027.2735589,2280.89906,11444.64,3571.84,16954.5841679,11226.6062132,201073.473,4551.084,176.4,19.2,0.0,0.0,0.0,0.0,269326,0.0
138,36008.3964629,2280.89906,11444.64,3571.84,2913.94379083,12506.1236863,201073.473,4551.084,176.4,19.2,0.0,0.0,0.0,0.0,274546,0.0
139,36685.0,2280.89906,11444.64,3571.84,0.0,17733.5465526,201073.473,4551.084,557.317387424,19.2,0.0,0.0,0.0,0.0,277917,0.0
140,29395.1628652,2280.89906,11444.64,3571.84,0.0,25518.3010748,201073.473,4551.084,176.4,19.2,0.0,0.0,0.0,0.0,278031,0.0
141,19812.006392,2280.89906,11444.64,3571.84,0.0,31233.457548,201073.473,4551.084,176.4,19.2,0.0,0.0,0.0,0.0,274163,0.0
142,7530.96471813,2280.89906,11444.64,3571.84,0.0,34346.4992219,201073.473,4551.084,176.4,19.2,0.0,0.0,0.0,0.0,264995,0.0
143,2766.049,2280.89906,11444.64,3571.84,0.0,36315.9327443,195473.212196,2845.827,176.4,19.2,0.0,0.0,0.0,0.0,254894,0.0
144,2766.049,2280.89906,11444.64,3571.84,0.0,36576.88395,187722.94599,2402.442,8.1,19.2,0.0,0.0,0.0,0.0,246793,0.0
145,2828.4135,2266.46299,11444.64,3594.164,0.0,36788.8531363,181513.724374,2402.442,8.1,19.2,0.0,0.0,0.0,0.0,240866,0.0
146,2828.4135,2266.46299,11444.64,3594.164,0.0,36180.2264215,177646.351088,2402.442,8.1,19.2,0.0,0.0,0.0,0.0,236390,0.0
147,2828.4135,2266.46299,11444.64,3594.164,0.0,35493.0544563,176836.523054,2402.442,8.1,19.2,0.0,0.0,0.0,0.0,234893,0.0
148,2828.4135,2266.46299,11444.64,3594.164,0.0,33855.9430309,180536.634479,2402.442,8.1,19.2,0.0,0.0,0.0,0.0,236956,0.0
149,2828.4135,2266.46299,11444.64,3594.164,0.0,31816.048412,187900.529098,2402.442,8.1,19.2,0.0,0.0,0.0,0.0,242280,0.0
150,2828.4135,2266.46299,11444.64,3594.164,0.0,29802.4210426,197665.893,3025.40546743,176.4,19.2,0.0,0.0,0.0,0.0,250823,0.0
151,10935.902767,2266.46299,11444.64,3594.164,0.0,28090.953243,199893.393,4354.884,176.4,19.2,0.0,0.0,0.0,0.0,260776,0.0
152,21136.8832248,2266.46299,11444.64,3594.164,1835.20847996,25894.5250204,199920.632285,4354.884,176.4,19.2,0.0,0.0,0.0,0.0,270643,0.0
153,23367.5487155,2266.46299,11444.64,3594.164,11099.9863601,21491.3209345,200163.393,4354.884,176.4,19.2,0.0,0.0,0.0,0.0,277978,0.0
154,21958.3515139,2266.46299,11444.64,3594.164,21207.0960615,16444.4084346,200028.393,4354.884,176.4,19.2,0.0,0.0,0.0,0.0,281494,0.0
155,13134.5315479,2266.46299,11444.64,3594.164,29179.3517903,15686.9726718,200028.393,4354.884,176.4,19.2,0.0,0.0,0.0,0.0,279885,0.0
156,3960.57629399,2266.46299,11444.64,3594.164,34492.8148432,16088.4648728,200028.393,4354.884,176.4,19.2,0.0,0.0,0.0,0.0,276426,0.0
157,2828.4135,2266.46299,11444.64,3594.164,37059.895643,15780.8581341,196943.138733,2845.827,176.4,19.2,0.0,0.0,0.0,0.0,272959,0.0
158,2828.4135,2266.46299,11444.64,3594.164,36641.1180612,14951.7711818,194809.003267,2845.827,176.4,19.2,0.0,0.0,0.0,0.0,269577,0.0
159,2828.4135,2266.46299,11444.64,3594.164,33631.625209,14845.1035926,196762.163708,2845.827,176.4,19.2,0.0,0.0,0.0,0.0,268414,0.0
160,4229.44373713,2266.46299,11444.64,3594.164,27233.4329959,15493.979277,200163.393,4354.884,176.4,19.2,0.0,0.0,0.0,0.0,268976,0.0
161,17453.3888078,2266.46299,11444.64,3594.164,17114.6911259,16349.7760764,200163.393,4354.884,176.4,19.2,0.0,0.0,0.0,0.0,272937,0.0
162,35874.3459212,2266.46299,11444.64,3594.164,3187.32383061,16475.1862582,200028.393,4354.884,176.4,19.2,0.0,0.0,0.0,0.0,277421,0.0
163,36685.0,2266.46299,11444.64,3594.164,0.0,20500.5639079,200593.773,4551.084,710.112102147,19.2,0.0,0.0,0.0,0.0,280365,0.0
164,30197.4647927,2266.46299,11444.64,3594.164,0.0,27641.3912173,199893.393,4354.884,176.4,19.2,0.0,0.0,0.0,0.0,279588,0.0
165,21728.9159516,2266.46299,11444.64,3594.164,0.0,32523.9400584,199893.393,4354.884,176.4,19.2,0.0,0.0,0.0,0.0,276002,0.0
166,11933.7319266,2266.46299,11444.64,3594.164,0.0,34161.1240834,199893.393,4354.884,176.4,19.2,0.0,0.0,0.0,0.0,267844,0.0
167,2828.4135,2266.46299,11444.64,3594.164,0.0,34626.2140202,199722.62149,4354.884,176.4,19.2,0.0,0.0,0.0,0.0,259033,0.0
168,2828.4135,2266.46299,11444.64,3594.164,0.0,33906.2722428,195478.620267,2845.827,176.4,19.2,0.0,0.0,0.0,0.0,252560,0.0
169,2912.789,2237.59085,11444.64,3594.164,0.0,32361.2903898,191989.09876,2746.827,176.4,19.2,0.0,0.0,0.0,0.0,247482,0.0
170,2912.789,2237.59085,11444.64,3594.164,0.0,30904.0754343,189469.998716,2303.442,8.1,19.2,0.0,0.0,0.0,0.0,242894,0.0
171,2912.789,2237.59085,11444.64,3594.164,0.0,29809.3518029,189386.722347,2303.442,8.1,19.2,0.0,0.0,0.0,0.0,241716,0.0
172,2912.789,2237.59085,11444.64,3594.164,0.0,27909.0333847,193173.355765,2746.827,176.4,19.2,0.0,0.0,0.0,0.0,244214,0.0
173,5851.94423696,2237.59085,11444.64,3594.164,0.0,26664.203913,195424.173,4353.084,252.0,19.2,0.0,0.0,0.0,0.0,249841,0.0
174,15024.2746598,2237.59085,11444.64,3594.164,0.0,26580.8734902,195424.173,4353.084,252.0,19.2,0.0,0.0,0.0,0.0,258930,0.0
175,19273.3780663,2237.59085,11444.64,3594.164,0.0,33357.7700837,195424.173,4353.084,252.0,19.2,0.0,0.0,0.0,0.0,269956,0.0
176,24977.9437067,2237.59085,11444.64,3594.164,1785.18517201,36501.8915795,195424.173,4353.084,241.127691752,19.2,0.0,0.0,0.0,0.0,280579,0.0
177,23675.0122772,2237.59085,11444.64,3594.164,10726.8290041,36486.3068687,195424.173,4353.084,252.0,19.2,0.0,0.0,0.0,0.0,288213,0.0
178,16356.9766212,2237.59085,11444.64,3594.164,20751.9657862,36805.2057426,195424.173,4353.084,252.0,19.2,0.0,0.0,0.0,0.0,291239,0.0
179,2912.789,2237.59085,11444.64,3594.164,29077.570549,43264.4323552,193480.386246,2746.827,176.4,19.2,0.0,0.0,0.0,0.0,288954,0.0
180,2912.789,2237.59085,11444.64,3594.164,34364.2122039,45826.2090857,181942.65286,2303.442,8.1,19.2,0.0,0.0,0.0,0.0,284653,0.0
181,2912.789,2237.59085,11444.64,3594.164,36887.5221228,43074.3863435,177512.165684,2303.442,8.1,19.2,0.0,0.0,0.0,0.0,279994,0.0
182,2912.789,2237.59085,11444.64,3594.164,35916.7201665,39901.1532144,177384.200769,2303.442,8.1,19.2,0.0,0.0,0.0,0.0,275722,0.0
183,2912.789,2237.59085,11444.64,3594.164,32961.6573183,36608.1789708,180880.237861,2303.442,8.1,19.2,0.0,0.0,0.0,0.0,272970,0.0
184,2912.789,2237.59085,11444.64,3594.164,26508.9800048,35063.5381159,188612.556029,2303.442,8.1,19.2,0.0,0.0,0.0,0.0,272705,0.0
185,9162.37843521,2237.59085,11444.64,3594.164,16453.4738111,33581.2959037,195424.173,4353.084,252.0,19.2,0.0,0.0,0.0,0.0,276522,0.0
186,30487.3960419,2237.59085,11444.64,3594.164,2987.50225369,30097.2498544,195424.173,4353.084,252.0,19.2,0.0,0.0,0.0,0.0,280897,0.0
187,34442.3194656,2237.59085,11444.64,3594.164,0.0,31366.8286844,195424.173,4353.084,252.0,19.2,0.0,0.0,0.0,0.0,283134,0.0
188,29203.2873894,2237.59085,11444.64,3594.164,0.0,36906.8607606,195424.173,4353.084,252.0,19.2,0.0,0.0,0.0,0.0,283435,0.0
189,22327.833041,2237.59085,11444.64,3594.164,0.0,40740.315109,195424.173,4353.084,252.0,19.2,0.0,0.0,0.0,0.0,280393,0.0
190,14103.3445155,2237.59085,11444.64,3594.164,0.0,40770.8036345,195424.173,4353.084,252.0,19.2,0.0,0.0,0.0,0.0,272199,0.0
191,6781.86624315,2237.59085,11444.64,3594.164,0.0,38802.2819069,195424.173,4353.084,252.0,19.2,0.0,0.0,0.0,0.0,262909,0.0
192,2912.789,2237.59085,11444.64,3594.164,0.0,36735.7995401,194122.52861,4161.888,176.4,19.2,0.0,0.0,0.0,0.0,255405,0.0
193,3220.943,2237.59085,11444.64,3594.164,0.0,34410.2144571,190754.705693,2402.442,8.1,19.2,0.0,0.0,0.0,0.0,248092,0.0
194,3220.943,2237.59085,11444.64,3594.164,0.0,32548.9904149,186895.929735,2402.442,8.1,19.2,0.0,0.0,0.0,0.0,242372,0.0
195,3220.943,2237.59085,11444.64,3594.164,0.0,31148.7886329,186153.131517,2402.442,8.1,19.2,0.0,0.0,0.0,0.0,240229,0.0
196,3220.943,2237.59085,11444.64,3594.164,0.0,30364.4559243,188790.464226,2402.442,8.1,19.2,0.0,0.0,0.0,0.0,242082,0.0
197,3220.943,2237.59085,11444.64,3594.164,0.0,29867.3997705,193973.32038,2724.642,8.1,19.2,0.0,0.0,0.0,0.0,247090,0.0
198,4124.38030128,2237.59085,11444.64,3594.164,0.0,29645.3437421,199855.397107,4354.884,176.4,19.2,0.0,0.0,0.0,0.0,255452,0.0
199,14189.7943204,2237.59085,11444.64,3594.164,0.0,29734.8338296,199829.493,4354.884,176.4,19.2,0.0,0.0,0.0,0.0,265581,0.0
200,22151.9309337,2237.59085,11444.64,3594.164,1757.44370393,29964.8835123,199999.863,4354.884,176.4,19.2,0.0,0.0,0.0,0.0,275701,0.0
201,21092.8840039,2237.59085,11444.64,3594.164,11028.6088606,28764.5952856,199992.033,4354.884,176.4,19.2,0.0,0.0,0.0,0.0,282705,0.0
202,15996.5641016,2237.59085,11444.64,3594.164,20920.8459866,26463.5880617,199902.123,4354.884,176.4,19.2,0.0,0.0,0.0,0.0,285110,0.0
203,6017.77304601,2237.59085,11444.64,3594.164,29178.3257612,26135.0793428,200027.943,4354.884,176.4,19.2,0.0,0.0,0.0,0.0,283186,0.0
204,3220.943,2237.59085,11444.64,3594.164,34670.0273713,30125.1038948,191397.788884,2402.442,8.1,19.2,0.0,0.0,0.0,0.0,279120,0.0
205,3220.943,2237.59085,11444.64,3594.164,36688.0234147,28221.5518951,187198.34484,2402.442,8.1,19.2,0.0,0.0,0.0,0.0,275035,0.0
206,3220.943,2237.59085,11444.64,3594.164,36571.2422324,23271.9704378,189430.70748,2402.442,8.1,19.2,0.0,0.0,0.0,0.0,272201,0.0
207,3220.943,2237.59085,11444.64,3594.164,33219.0553624,20212.9813546,194383.443433,2775.582,176.4,19.2,0.0,0.0,0.0,0.0,271284,0.0
208,4120.89695005,2237.59085,11444.64,3594.164,27242.5632995,18912.6879004,199970.973,4354.884,176.4,19.2,0.0,0.0,0.0,0.0,272074,0.0
209,19157.8381428,2237.59085,11444.64,3594.164,17492.8337448,18587.5262624,199939.923,4354.884,176.4,19.2,0.0,0.0,0.0,0.0,277005,0.0
210,36685.0,2237.59085,11444.64,3594.164,3517.92300223,19274.2084303,200116.773,4551.084,256.416717451,19.2,0.0,0.0,0.0,0.0,281697,0.0
211,36685.0,2237.59085,11444.64,3594.164,0.0,23260.0563061,200116.773,4551.084,907.403843901,845.288,0.0,0.0,0.0,0.0,283642,0.0
212,30680.5844873,2237.59085,11444.64,3594.164,0.0,31353.1436627,200037.393,4354.884,176.4,19.2,0.0,0.0,0.0,0.0,283898,0.0
213,22783.8690203,2237.59085,11444.64,3594.164,0.0,36667.7591297,199829.493,4354.884,176.4,19.2,0.0,0.0,0.0,0.0,281108,0.0
214,13142.6557582,2237.59085,11444.64,3594.164,0.0,38769.9723918,199829.493,4354.884,176.4,19.2,0.0,0.0,0.0,0.0,273569,0.0
215,4670.03263449,2237.59085,11444.64,3594.164,0.0,38643.5955155,199829.493,4354.884,176.4,19.2,0.0,0.0,0.0,0.0,264970,0.0
216,3220.943,2237.59085,11444.64,3594.164,0.0,36821.1371514,197277.993,3558.93199861,176.4,19.2,0.0,0.0,0.0,0.0,258351,0.0
217,3257.628,2252.02692,11444.64,3460.22,0.0,33997.0239231,194179.719157,2402.442,8.1,19.2,0.0,0.0,0.0,0.0,251021,0.0
218,3257.628,2252.02692,11444.64,3460.22,0.0,30900.6096541,191071.133426,2402.442,8.1,19.2,0.0,0.0,0.0,0.0,244816,0.0
219,3257.628,2252.02692,11444.64,3460.22,0.0,28742.335213,190845.407867,2402.442,8.1,19.2,0.0,0.0,0.0,0.0,242432,0.0
220,3257.628,2252.02692,11444.64,3460.22,0.0,25649.763322,195839.979758,2402.442,8.1,19.2,0.0,0.0,0.0,0.0,244334,0.0
221,3257.628,2252.02692,11444.64,3460.22,0.0,23627.5320018,202286.526078,2845.827,176.4,19.2,0.0,0.0,0.0,0.0,249370,0.0
222,6113.62232453,2252.02692,11444.64,3460.22,0.0,22238.5687555,207937.638,4551.084,252.0,19.2,0.0,0.0,0.0,0.0,258269,0.0
223,17449.1604949,2252.02692,11444.64,3460.22,0.0,20976.0305851,207937.638,4551.084,252.0,19.2,0.0,0.0,0.0,0.0,268342,0.0
224,28785.832569,2252.02692,11444.64,3460.22,1716.94506775,18521.0134432,207937.638,4551.084,176.4,19.2,0.0,0.0,0.0,0.0,278865,0.0
225,31378.920745,2252.02692,11444.64,3460.22,10672.6145195,14771.2558155,207937.638,4551.084,176.4,19.2,0.0,0.0,0.0,0.0,286664,0.0
226,28843.946845,2252.02692,11444.64,3460.22,20236.850632,11891.993603,207937.638,4551.084,176.4,19.2,0.0,0.0,0.0,0.0,290814,0.0
227,22619.3330947,2252.02692,11444.64,3460.22,27843.8371727,9602.62081258,207937.638,4551.084,176.4,19.2,0.0,0.0,0.0,0.0,289907,0.0
228,14022.5410038,2252.02692,11444.64,3460.22,33338.43909,10043.8109862,207937.638,4551.084,176.4,19.2,0.0,0.0,0.0,0.0,287246,0.0
229,6257.59126782,2252.02692,11444.64,3460.22,36268.8459536,11131.3538586,207937.638,4551.084,176.4,19.2,0.0,0.0,0.0,0.0,283499,0.0
230,3257.628,2252.02692,11444.64,3460.22,36461.2830095,12590.3097042,206283.208366,4452.084,176.4,19.2,0.0,0.0,0.0,0.0,280397,0.0
231,3257.628,2252.02692,11444.64,3460.22,33553.5606725,14213.8268075,204296.6096,4260.888,176.4,19.2,0.0,0.0,0.0,0.0,276935,0.0
232,3257.628,2252.02692,11444.64,3460.22,27400.709405,17532.3582046,206225.73347,4452.084,176.4,19.2,0.0,0.0,0.0,0.0,276221,0.0
233,10793.8189019,2252.02692,11444.64,3460.22,17544.3000666,21093.6721115,207937.638,4551.084,176.4,19.2,0.0,0.0,0.0,0.0,279273,0.0
234,24962.3002054,2252.02692,11444.64,3460.22,3496.45379551,24330.0370791,207937.638,4551.084,176.4,19.2,0.0,0.0,0.0,0.0,282630,0.0
235,24928.1740771,2252.02692,11444.64,3460.22,0.0,28499.6170029,207937.638,4551.084,176.4,19.2,0.0,0.0,0.0,0.0,283269,0.0
236,18972.2780834,2252.02692,11444.64,3460.22,0.0,35280.8016719,207937.638,4551.084,178.111324795,19.2,0.0,0.0,0.0,0.0,284096,0.0
237,12080.6188624,2252.02692,11444.64,3460.22,0.0,38957.5722176,207937.638,4551.084,252.0,19.2,0.0,0.0,0.0,0.0,280955,0.0
238,3924.2152251,2252.02692,11444.64,3460.22,0.0,38985.9758549,207937.638,4551.084,252.0,19.2,0.0,0.0,0.0,0.0,272827,0.0
239,3257.628,2252.02692,11444.64,3460.22,0.0,37138.3990347,202644.5985,3043.88754533,176.4,19.2,0.0,0.0,0.0,0.0,263437,0.0
240,3257.628,2252.02692,11444.64,3460.22,0.0,35641.2314079,197919.511672,2402.442,8.1,19.2,0.0,0.0,0.0,0.0,256405,0.0
241,3180.5895,2237.59085,11444.64,3460.22,0.0,33719.8388103,192659.37884,2402.442,8.1,19.2,0.0,0.0,0.0,0.0,249132,0.0
242,3180.5895,2237.59085,11444.64,3460.22,0.0,32856.2628555,187794.954794,2402.442,8.1,19.2,0.0,0.0,0.0,0.0,243404,0.0
243,3180.5895,2237.59085,11444.64,3460.22,0.0,32553.2664904,185913.95116,2402.442,8.1,19.2,0.0,0.0,0.0,0.0,241220,0.0
244,3180.5895,2237.59085,11444.64,3460.22,0.0,31541.2385857,188419.979064,2402.442,8.1,19.2,0.0,0.0,0.0,0.0,242714,0.0
245,3180.5895,2237.59085,11444.64,3460.22,0.0,30247.6161933,193306.601457,2402.442,8.1,19.2,0.0,0.0,0.0,0.0,246307,0.0
246,3180.5895,2237.59085,11444.64,3460.22,0.0,28976.3256731,199308.145977,4260.888,176.4,19.2,0.0,0.0,0.0,0.0,253064,0.0
247,10570.8869846,2237.59085,11444.64,3460.22,0.0,27912.4051654,201338.973,4551.084,252.0,19.2,0.0,0.0,0.0,0.0,261787,0.0
248,20206.7835321,2237.59085,11444.64,3460.22,1638.46326151,26095.1823714,201338.973,4551.084,204.862985083,19.2,0.0,0.0,0.0,0.0,271197,0.0
249,22289.1295831,2237.59085,11444.64,3460.22,10561.2096559,22420.952911,201338.973,4551.084,252.0,19.2,0.0,0.0,0.0,0.0,278575,0.0
250,21228.6705068,2237.59085,11444.64,3460.22,20029.744743,17899.8769001,201338.973,4551.084,252.0,19.2,0.0,0.0,0.0,0.0,282462,0.0
251,13966.712417,2237.59085,11444.64,3460.22,28516.1779441,15247.4017889,201338.973,4551.084,252.0,19.2,0.0,0.0,0.0,0.0,281034,0.0
252,3180.5895,2237.59085,11444.64,3460.22,33399.6201002,19969.3194499,199081.5321,4260.888,176.4,19.2,0.0,0.0,0.0,0.0,277230,0.0
253,3180.5895,2237.59085,11444.64,3460.22,36493.9241724,20077.2543318,193439.039146,2402.442,8.1,19.2,0.0,0.0,0.0,0.0,272763,0.0
254,3180.5895,2237.59085,11444.64,3460.22,36298.4354829,17859.2454327,192386.536734,2402.442,8.1,19.2,0.0,0.0,0.0,0.0,269297,0.0
255,3180.5895,2237.59085,11444.64,3460.22,33076.2554853,16361.2610106,194897.718,2724.642,72.8831541024,19.2,0.0,0.0,0.0,0.0,267475,0.0
256,3180.5895,2237.59085,11444.64,3460.22,26945.4940884,15994.9209084,200664.060653,4354.884,176.4,19.2,0.0,0.0,0.0,0.0,268478,0.0
257,16310.2057987,2237.59085,11444.64,3460.22,17149.069482,15635.0168693,201338.973,4551.084,252.0,19.2,0.0,0.0,0.0,0.0,272398,0.0
258,33023.2892281,2237.59085,11444.64,3460.22,3727.27353988,16610.729382,201338.973,4551.084,252.0,19.2,0.0,0.0,0.0,0.0,276665,0.0
259,36153.5558609,2237.59085,11444.64,3460.22,0.0,19595.7362891,201338.973,4551.084,252.0,19.2,0.0,0.0,0.0,0.0,279053,0.0
260,30402.6381663,2237.59085,11444.64,3460.22,0.0,26267.6539837,201338.973,4551.084,252.0,19.2,0.0,0.0,0.0,0.0,279974,0.0
261,22864.795222,2237.59085,11444.64,3460.22,0.0,31219.496928,201338.973,4551.084,252.0,19.2,0.0,0.0,0.0,0.0,277388,0.0
262,13572.3646033,2237.59085,11444.64,3460.22,0.0,32787.9275467,201338.973,4551.084,252.0,19.2,0.0,0.0,0.0,0.0,269664,0.0
263,4952.52779712,2237.59085,11444.64,3460.22,0.0,32594.7643529,201338.973,4551.084,252.0,19.2,0.0,0.0,0.0,0.0,260851,0.0
264,3180.5895,2237.59085,11444.64,3460.22,0.0,31970.4401279,198079.533,3637.38652211,176.4,19.2,0.0,0.0,0.0,0.0,254206,0.0
265,3151.2415,2237.59085,11444.64,3460.22,0.0,31680.1193903,193293.24626,2625.642,8.1,19.2,0.0,0.0,0.0,0.0,247920,0.0
266,3151.2415,2237.59085,11444.64,3460.22,0.0,30779.9646449,188990.601005,2303.442,8.1,19.2,0.0,0.0,0.0,0.0,242395,0.0
267,3151.2415,2237.59085,11444.64,3460.22,0.0,29636.6384919,187730.927158,2303.442,8.1,19.2,0.0,0.0,0.0,0.0,239992,0.0
268,3151.2415,2237.59085,11444.64,3460.22,0.0,27799.8795098,190812.68614,2303.442,8.1,19.2,0.0,0.0,0.0,0.0,241237,0.0
269,3151.2415,2237.59085,11444.64,3460.22,0.0,25790.8063144,195744.074336,2746.827,176.4,19.2,0.0,0.0,0.0,0.0,244771,0.0
270,5282.63852257,2237.59085,11444.64,3460.22,0.0,23954.8536274,199445.373,4353.084,176.4,19.2,0.0,0.0,0.0,0.0,250374,0.0
271,14023.6971401,2237.59085,11444.64,3460.22,0.0,22595.7950099,199445.373,4353.084,176.4,19.2,0.0,0.0,0.0,0.0,257756,0.0
272,22587.3030151,2237.59085,11444.64,3460.22,1635.78787319,20933.7690272,199445.373,4353.084,241.032234515,19.2,0.0,0.0,0.0,0.0,266358,0.0
273,23991.1070307,2237.59085,11444.64,3460.22,10680.3066779,17456.0784414,199445.373,4353.084,176.4,19.2,0.0,0.0,0.0,0.0,273264,0.0
274,24605.7904189,2237.59085,11444.64,3460.22,20344.5134409,11440.1882901,199445.373,4353.084,176.4,19.2,0.0,0.0,0.0,0.0,277527,0.0
275,19235.7001456,2237.59085,11444.64,3460.22,28675.4074327,8841.38457165,199445.373,4353.084,176.4,19.2,0.0,0.0,0.0,0.0,277889,0.0
276,10568.5817447,2237.59085,11444.64,3460.22,34181.6635536,8897.24685176,199445.373,4353.084,176.4,19.2,0.0,0.0,0.0,0.0,274784,0.0
277,4254.25775558,2237.59085,11444.64,3460.22,36650.793605,8052.44078937,199445.373,4353.084,176.4,19.2,0.0,0.0,0.0,0.0,270094,0.0
278,3151.2415,2237.59085,11444.64,3460.22,36437.4401085,6855.53134323,197515.848198,4161.888,176.4,19.2,0.0,0.0,0.0,0.0,265460,0.0
279,3151.2415,2237.59085,11444.64,3460.22,33464.3310266,6758.32499986,197013.163624,4161.888,176.4,19.2,0.0,0.0,0.0,0.0,261887,0.0
280,3959.96491183,2237.59085,11444.64,3460.22,27363.1150915,8531.41214663,199445.373,4353.084,176.4,19.2,0.0,0.0,0.0,0.0,260991,0.0
281,12691.1446995,2237.59085,11444.64,3460.22,17874.6695379,11715.6779126,199445.373,4353.084,176.4,19.2,0.0,0.0,0.0,0.0,263418,0.0
282,25845.2317537,2237.59085,11444.64,3460.22,3465.35053061,15757.9098656,199445.373,4353.084,176.4,19.2,0.0,0.0,0.0,0.0,266205,0.0
283,25796.834116,2237.59085,11444.64,3460.22,0.0,21124.658034,199445.373,4353.084,176.4,19.2,0.0,0.0,0.0,0.0,268058,0.0
284,19820.9816212,2237.59085,11444.64,3460.22,0.0,28058.5105288,199445.373,4353.084,176.4,19.2,0.0,0.0,0.0,0.0,269016,0.0
285,13799.3268271,2237.59085,11444.64,3460.22,0.0,32757.1653229,199445.373,4353.084,176.4,19.2,0.0,0.0,0.0,0.0,267693,0.0
286,9108.70410906,2237.59085,11444.64,3460.22,0.0,32142.7880409,199445.373,4353.084,176.4,19.2,0.0,0.0,0.0,0.0,262388,0.0
287,6081.88982707,2237.59085,11444.64,3460.22,0.0,29456.6023229,199445.373,4353.084,176.4,19.2,0.0,0.0,0.0,0.0,256675,0.0
288,5128.73306116,2237.59085,11444.64,3460.22,0.0,26266.7590888,199445.373,4353.084,176.4,19.2,0.0,0.0,0.0,0.0,252532,0.0
289,3206.269,2223.15478,11444.64,3460.22,0.0,23440.6659719,201342.623248,2845.827,176.4,19.2,0.0,0.0,0.0,0.0,248159,0.0
290,3206.269,2223.15478,11444.64,3460.22,0.0,21025.4458021,199297.528418,2402.442,8.1,19.2,0.0,0.0,0.0,0.0,243087,0.0
291,3206.269,2223.15478,11444.64,3460.22,0.0,19135.7079233,199551.7935,2454.91479673,8.1,19.2,0.0,0.0,0.0,0.0,241504,0.0
292,3206.269,2223.15478,11444.64,3460.22,0.0,17840.5706397,202629.71858,2845.827,176.4,19.2,0.0,0.0,0.0,0.0,243846,0.0
293,3206.269,2223.15478,11444.64,3460.22,0.0,16332.3721761,206819.860044,4354.884,176.4,19.2,0.0,0.0,0.0,0.0,248037,0.0
294,7809.16518115,2223.15478,11444.64,3460.22,0.0,15518.0980389,209559.438,4551.084,252.0,19.2,0.0,0.0,0.0,0.0,254837,0.0
295,16502.5639401,2223.15478,11444.64,3460.22,0.0,15615.6992799,209559.438,4551.084,252.0,19.2,0.0,0.0,0.0,0.0,263628,0.0
296,24824.3262577,2223.15478,11444.64,3460.22,1646.36941595,14905.5675464,209559.438,4551.084,252.0,19.2,0.0,0.0,0.0,0.0,272886,0.0
297,24402.0876009,2223.15478,11444.64,3460.22,10580.4429974,13547.7326217,209559.438,4551.084,252.0,19.2,0.0,0.0,0.0,0.0,280040,0.0
298,20175.0298689,2223.15478,11444.64,3460.22,20134.5785277,12726.6548235,209559.438,4551.084,252.0,19.2,0.0,0.0,0.0,0.0,284546,0.0
299,14571.4501215,2223.15478,11444.64,3460.22,26632.7286487,12233.0844498,209559.438,4551.084,252.0,19.2,0.0,0.0,0.0,0.0,284947,0.0
300,6323.6633406,2223.15478,11444.64,3460.22,33314.9151209,11934.6847585,209559.438,4551.084,252.0,19.2,0.0,0.0,0.0,0.0,283083,0.0
301,3206.269,2223.15478,11444.64,3460.22,36281.5304402,10430.5222718,207999.648,4480.41550804,176.4,19.2,0.0,0.0,0.0,0.0,279722,0.0
302,3206.269,2223.15478,11444.64,3460.22,34898.694416,9017.04716575,207390.290638,4452.084,176.4,19.2,0.0,0.0,0.0,0.0,276288,0.0
303,3206.269,2223.15478,11444.64,3460.22,31786.7928688,8003.46946979,208039.769881,4551.084,176.4,19.2,0.0,0.0,0.0,0.0,272911,0.0
304,5421.85706551,2223.15478,11444.64,3460.22,25680.8383012,8617.56785329,209559.438,4551.084,252.0,19.2,0.0,0.0,0.0,0.0,271230,0.0
305,14090.7761427,2223.15478,11444.64,3460.22,16934.1115345,9737.4529405,209585.360602,4551.084,252.0,19.2,0.0,0.0,0.0,0.0,272298,0.0
306,27276.2597811,2223.15478,11444.64,3460.22,3633.63885265,11440.8645863,209626.938,4551.084,252.0,19.2,0.0,0.0,0.0,0.0,273928,0.0
307,26915.3889829,2223.15478,11444.64,3460.22,0.0,16007.3742371,209626.938,4551.084,252.0,19.2,0.0,0.0,0.0,0.0,274500,0.0
308,21333.2725875,2223.15478,11444.64,3460.22,0.0,22277.4906325,209626.938,4551.084,252.0,19.2,0.0,0.0,0.0,0.0,275188,0.0
309,15508.5495279,2223.15478,11444.64,3460.22,0.0,26493.2136921,209626.938,4551.084,252.0,19.2,0.0,0.0,0.0,0.0,273579,0.0
310,10297.8045297,2223.15478,11444.64,3460.22,0.0,26772.9586903,209626.938,4551.084,252.0,19.2,0.0,0.0,0.0,0.0,268648,0.0
311,4531.96127189,2223.15478,11444.64,3460.22,0.0,26308.8019481,209626.938,4551.084,252.0,19.2,0.0,0.0,0.0,0.0,262418,0.0
312,3206.269,2223.15478,11444.64,3460.22,0.0,25895.5399145,206922.692305,4354.884,176.4,19.2,0.0,0.0,0.0,0.0,257703,0.0
313,3356.6775,2208.71871,11444.64,3437.896,0.0,25531.7301978,201551.849592,4260.888,176.4,19.2,0.0,0.0,0.0,0.0,251988,0.0
314,3356.6775,2208.71871,11444.64,3437.896,0.0,24855.4140707,198808.226719,2845.827,176.4,19.2,0.0,0.0,0.0,0.0,247153,0.0
315,3356.6775,2208.71871,11444.64,3437.896,0.0,24470.3082758,197649.332514,2845.827,176.4,19.2,0.0,0.0,0.0,0.0,245609,0.0
316,3356.6775,2208.71871,11444.64,3437.896,0.0,22697.0303302,200710.54946,4260.888,176.4,19.2,0.0,0.0,0.0,0.0,248312,0.0
317,5702.84116052,2208.71871,11444.64,3437.896,0.0,20828.5821295,203482.638,4452.084,176.4,19.2,0.0,0.0,0.0,0.0,251753,0.0
318,12832.0027106,2208.71871,11444.64,3437.896,0.0,18881.4205794,203482.638,4452.084,176.4,19.2,0.0,0.0,0.0,0.0,256935,0.0
319,21787.9620898,2208.71871,11444.64,3437.896,0.0,16904.4612002,203482.638,4452.084,176.4,19.2,0.0,0.0,0.0,0.0,263914,0.0
320,28104.1447145,2208.71871,11444.64,3437.896,1546.65129273,15178.6272828,203482.638,4452.084,176.4,19.2,0.0,0.0,0.0,0.0,270051,0.0
321,25486.611955,2208.71871,11444.64,3437.896,10616.7336404,12784.0776946,203482.638,4452.084,176.4,19.2,0.0,0.0,0.0,0.0,274109,0.0
322,21317.9090961,2208.71871,11444.64,3437.896,20448.4872475,10118.6667576,203579.998189,4452.084,176.4,19.2,0.0,0.0,0.0,0.0,277204,0.0
323,14300.2421316,2208.71871,11444.64,3437.896,28534.9834049,8303.19775346,203752.638,4452.084,176.4,19.2,0.0,0.0,0.0,0.0,276630,0.0
324,6530.00682368,2208.71871,11444.64,3437.896,33715.3434271,7642.07303926,203752.638,4452.084,176.4,19.2,0.0,0.0,0.0,0.0,273379,0.0
325,3356.6775,2208.71871,11444.64,3437.896,36053.3552577,6857.78043035,201327.444102,4260.888,176.4,19.2,0.0,0.0,0.0,0.0,269143,0.0
326,3356.6775,2208.71871,11444.64,3437.896,35275.6099782,6374.51529766,199771.315514,3285.027,176.4,19.2,0.0,0.0,0.0,0.0,265350,0.0
327,3356.6775,2208.71871,11444.64,3437.896,32149.7994456,6435.05275101,199672.788593,2845.827,176.4,19.2,0.0,0.0,0.0,0.0,261747,0.0
328,3356.6775,2208.71871,11444.64,3437.896,26728.9771874,7578.76400178,200092.838601,4260.888,176.4,19.2,0.0,0.0,0.0,0.0,259305,0.0
329,8706.48415723,2208.71871,11444.64,3437.896,17548.1272183,8641.81191446,203752.638,4452.084,176.4,19.2,0.0,0.0,0.0,0.0,260388,0.0
330,23479.8423217,2208.71871,11444.64,3437.896,4035.38303366,10105.1979347,203752.638,4452.084,176.4,19.2,0.0,0.0,0.0,0.0,263112,0.0
331,25301.3852351,2208.71871,11444.64,3437.896,0.0,14450.0380549,203752.638,4452.084,176.4,19.2,0.0,0.0,0.0,0.0,265243,0.0
332,19959.443301,2208.71871,11444.64,3437.896,0.0,21149.979989,203752.638,4452.084,176.4,19.2,0.0,0.0,0.0,0.0,266601,0.0
333,14313.8049519,2208.71871,11444.64,3437.896,0.0,25332.6183381,203752.638,4452.084,176.4,19.2,0.0,0.0,0.0,0.0,265138,0.0
334,7451.12155131,2208.71871,11444.64,3437.896,0.0,26380.3017387,203752.638,4452.084,176.4,19.2,0.0,0.0,0.0,0.0,259323,0.0
335,3356.6775,2208.71871,11444.64,3437.896,0.0,26047.744643,201126.835147,4260.888,176.4,19.2,0.0,0.0,0.0,0.0,252079,0.0
336,3356.6775,2208.71871,11444.64,3437.896,0.0,26037.1304038,196862.755386,2775.582,176.4,19.2,0.0,0.0,0.0,0.0,246319,0.0
337,3319.9925,2194.28264,11444.64,3460.22,0.0,26378.1080513,191659.014809,2402.442,8.1,19.2,0.0,0.0,0.0,0.0,240886,0.0
338,3319.9925,2194.28264,11444.64,3460.22,0.0,27180.9962537,186694.126606,2402.442,8.1,19.2,0.0,0.0,0.0,0.0,236724,0.0
339,3319.9925,2194.28264,11444.64,3460.22,0.0,27657.9062228,185145.216637,2402.442,8.1,19.2,0.0,0.0,0.0,0.0,235652,0.0
340,3319.9925,2194.28264,11444.64,3460.22,0.0,25359.7086828,189788.414177,2402.442,8.1,19.2,0.0,0.0,0.0,0.0,237997,0.0
341,3319.9925,2194.28264,11444.64,3460.22,0.0,22483.4989529,197178.423907,2724.642,8.1,19.2,0.0,0.0,0.0,0.0,242833,0.0
342,3319.9925,2194.28264,11444.64,3460.22,0.0,21045.5182872,204130.662573,4452.084,176.4,19.2,0.0,0.0,0.0,0.0,250243,0.0
343,13707.8128959,2194.28264,11444.64,3460.22,0.0,19111.1224641,204796.638,4551.084,252.0,19.2,0.0,0.0,0.0,0.0,259537,0.0
344,22925.1300287,2194.28264,11444.64,3460.22,1534.86444982,17414.1408815,204796.638,4551.084,370.8,19.2,0.0,0.0,0.0,0.0,268711,0.0
345,23166.334437,2194.28264,11444.64,3460.22,10517.6987797,14906.1021433,204796.638,4551.084,370.8,19.2,0.0,0.0,0.0,0.0,275427,0.0
346,19091.52646,2194.28264,11444.64,3460.22,20453.9346929,13359.7211983,204796.638,4551.084,264.753008719,19.2,0.0,0.0,0.0,0.0,279636,0.0
347,11203.0269122,2194.28264,11444.64,3460.22,28650.0730955,13001.0353523,204796.638,4551.084,370.8,19.2,0.0,0.0,0.0,0.0,279691,0.0
348,3319.9925,2194.28264,11444.64,3460.22,33960.0917779,13377.9544939,204340.134588,4452.084,176.4,19.2,0.0,0.0,0.0,0.0,276745,0.0
349,3319.9925,2194.28264,11444.64,3460.22,36487.2596355,12063.5616205,200391.8985,3140.54510395,176.4,19.2,0.0,0.0,0.0,0.0,272698,0.0
350,3319.9925,2194.28264,11444.64,3460.22,36300.5101918,10182.9353895,199339.992279,2845.827,176.4,19.2,0.0,0.0,0.0,0.0,269284,0.0
351,3319.9925,2194.28264,11444.64,3460.22,33300.2949988,8764.23271344,200493.185148,3003.552,176.4,19.2,0.0,0.0,0.0,0.0,266176,0.0
352,3319.9925,2194.28264,11444.64,3460.22,27302.5332448,8697.82439372,203788.023221,4354.884,176.4,19.2,0.0,0.0,0.0,0.0,264758,0.0
353,13080.3215038,2194.28264,11444.64,3460.22,17848.663738,8972.95011826,204796.638,4551.084,252.0,19.2,0.0,0.0,0.0,0.0,266620,0.0
354,28961.2649721,2194.28264,11444.64,3460.22,4230.05376442,9408.61662351,204796.638,4551.084,252.0,19.2,0.0,0.0,0.0,0.0,269318,0.0
355,31899.3422554,2194.28264,11444.64,3460.22,0.0,12188.5931046,204796.638,4551.084,252.0,19.2,0.0,0.0,0.0,0.0,270806,0.0
356,27059.3454879,2194.28264,11444.64,3460.22,0.0,17747.5898721,204796.638,4551.084,252.0,19.2,0.0,0.0,0.0,0.0,271525,0.0
357,20501.5413916,2194.28264,11444.64,3460.22,0.0,22201.3939684,204796.638,4551.084,252.0,19.2,0.0,0.0,0.0,0.0,269421,0.0
358,12800.6707881,2194.28264,11444.64,3460.22,0.0,24104.2645719,204796.638,4551.084,252.0,19.2,0.0,0.0,0.0,0.0,263623,0.0
359,4604.35006732,2194.28264,11444.64,3460.22,0.0,25078.5852927,204796.638,4551.084,252.0,19.2,0.0,0.0,0.0,0.0,256401,0.0
360,3319.9925,2194.28264,11444.64,3460.22,0.0,24981.8135468,200816.563313,4260.888,176.4,19.2,0.0,0.0,0.0,0.0,250674,0.0
361,3283.3075,2179.84657,11444.64,3527.192,0.0,24018.7841614,197902.527769,2775.402,8.1,19.2,0.0,0.0,0.0,0.0,245159,0.0
362,3283.3075,2179.84657,11444.64,3527.192,0.0,22289.2595652,195107.052365,2775.402,8.1,19.2,0.0,0.0,0.0,0.0,240634,0.0
363,3283.3075,2179.84657,11444.64,3527.192,0.0,20637.8975213,194803.414409,2775.402,8.1,19.2,0.0,0.0,0.0,0.0,238679,0.0
364,3283.3075,2179.84657,11444.64,3527.192,0.0,19091.0918789,197509.220051,2775.402,8.1,19.2,0.0,0.0,0.0,0.0,239838,0.0
365,3283.3075,2179.84657,11444.64,3527.192,0.0,18583.9858827,201719.641047,3218.787,176.4,19.2,0.0,0.0,0.0,0.0,244153,0.0
366,3283.3075,2179.84657,11444.64,3527.192,0.0,18748.8738384,207745.496092,4825.044,176.4,19.2,0.0,0.0,0.0,0.0,251950,0.0
367,9915.46516197,2179.84657,11444.64,3527.192,0.0,19127.914268,209401.938,5297.004,370.8,19.2,0.0,0.0,0.0,0.0,261284,0.0
368,17588.3927963,2179.84657,11444.64,3527.192,1550.25124687,19543.7353868,209401.938,5297.004,370.8,19.2,0.0,0.0,0.0,0.0,270923,0.0
369,19073.8820491,2179.84657,11444.64,3527.192,10659.0152112,17765.4821696,209401.938,5297.004,370.8,19.2,0.0,0.0,0.0,0.0,279739,0.0
370,16660.5801477,2179.84657,11444.64,3527.192,20447.4687158,16194.3305665,209401.938,5297.004,370.8,19.2,0.0,0.0,0.0,0.0,285543,0.0
371,8628.63239891,2179.84657,11444.64,3527.192,28717.0715883,14434.6754428,209401.938,5297.004,370.8,19.2,0.0,0.0,0.0,0.0,284021,0.0
372,3283.3075,2179.84657,11444.64,3527.192,34240.4318415,14284.8246009,205886.309488,4633.848,176.4,19.2,0.0,0.0,0.0,0.0,279676,0.0
373,3283.3075,2179.84657,11444.64,3527.192,36703.5340109,13610.7814607,200474.2935,3097.602,90.6029584366,19.2,0.0,0.0,0.0,0.0,274431,0.0
374,3283.3075,2179.84657,11444.64,3527.192,35881.1347376,11285.5608756,199496.116317,2932.902,8.1,19.2,0.0,0.0,0.0,0.0,270058,0.0
375,3283.3075,2179.84657,11444.64,3527.192,32347.5854506,10039.7592094,200541.7935,3097.602,19.0737699769,19.2,0.0,0.0,0.0,0.0,266500,0.0
376,3283.3075,2179.84657,11444.64,3527.192,26383.3043539,9219.70210529,205468.559471,4633.848,176.4,19.2,0.0,0.0,0.0,0.0,266336,0.0
377,11297.5925844,2179.84657,11444.64,3527.192,17472.9388524,8348.6479932,209401.938,5297.004,252.0,19.2,0.0,0.0,0.0,0.0,269241,0.0
378,28469.0006025,2179.84657,11444.64,3527.192,4352.10535123,8037.27347622,209401.938,5297.004,370.8,19.2,0.0,0.0,0.0,0.0,273099,0.0
379,33494.2330934,2179.84657,11444.64,3527.192,0.0,9938.81368745,209401.938,5297.004,296.132649139,19.2,0.0,0.0,0.0,0.0,275599,0.0
380,30465.7503656,2179.84657,11444.64,3527.192,0.0,13854.6290644,209401.938,5297.004,370.8,19.2,0.0,0.0,0.0,0.0,276561,0.0
381,25808.7388127,2179.84657,11444.64,3527.192,0.0,16342.6406173,209401.938,5297.004,370.8,19.2,0.0,0.0,0.0,0.0,274392,0.0
382,18230.6443701,2179.84657,11444.64,3527.192,0.0,17976.7350599,209401.938,5297.004,370.8,19.2,0.0,0.0,0.0,0.0,268448,0.0
383,9807.97481722,2179.84657,11444.64,3527.192,0.0,19207.4046128,209401.938,5297.004,370.8,19.2,0.0,0.0,0.0,0.0,261256,0.0
384,3283.3075,2179.84657,11444.64,3527.192,0.0,19397.9714215,209401.938,5215.90450846,252.0,19.2,0.0,0.0,0.0,0.0,254722,0.0
385,5283.38880556,2136.53836,11444.64,3638.812,0.0,18836.8988344,202924.638,4551.084,370.8,19.2,0.0,0.0,0.0,0.0,249206,0.0
386,3319.9925,2136.53836,11444.64,3638.812,0.0,17029.5286839,202762.804456,4452.084,176.4,19.2,0.0,0.0,0.0,0.0,244980,0.0
387,3319.9925,2136.53836,11444.64,3638.812,0.0,15000.0087056,202870.324434,4452.084,176.4,19.2,0.0,0.0,0.0,0.0,243058,0.0
388,5817.15201527,2136.53836,11444.64,3638.812,0.0,13582.1356247,202924.638,4551.084,370.8,19.2,0.0,0.0,0.0,0.0,244485,0.0
389,10324.1753121,2136.53836,11444.64,3638.812,0.0,13564.1123279,202924.638,4551.084,370.8,19.2,0.0,0.0,0.0,0.0,248974,0.0
390,16504.0140968,2136.53836,11444.64,3638.812,0.0,14452.0735432,202924.638,4551.084,252.0,19.2,0.0,0.0,0.0,0.0,255923,0.0
391,23615.3135145,2136.53836,11444.64,3638.812,0.0,15502.9741255,202924.638,4551.084,370.8,19.2,0.0,0.0,0.0,0.0,264204,0.0
392,29720.4114277,2136.53836,11444.64,3638.812,1485.3152747,16776.3172339,202924.638,4551.084,362.043703658,19.2,0.0,0.0,0.0,0.0,273059,0.0
393,25973.7038087,2136.53836,11444.64,3638.812,10061.1219939,19028.4618374,202924.638,4551.084,370.8,19.2,0.0,0.0,0.0,0.0,280149,0.0
394,19202.1177819,2136.53836,11444.64,3638.812,19824.8812264,20304.2886318,202924.638,4551.084,370.8,19.2,0.0,0.0,0.0,0.0,284417,0.0
395,11105.5788348,2136.53836,11444.64,3638.812,28063.5496376,20228.1591676,202924.638,4551.084,370.8,19.2,0.0,0.0,0.0,0.0,284483,0.0
396,3319.9925,2136.53836,11444.64,3638.812,33990.0976453,22580.238499,200368.192996,4260.888,176.4,19.2,0.0,0.0,0.0,0.0,281935,0.0
397,3319.9925,2136.53836,11444.64,3638.812,36440.2073874,25794.3133943,193594.754358,2402.442,8.1,19.2,0.0,0.0,0.0,0.0,278799,0.0
398,3319.9925,2136.53836,11444.64,3638.812,34771.3847104,29675.577269,188337.313161,2402.442,8.1,19.2,0.0,0.0,0.0,0.0,275754,0.0
399,3319.9925,2136.53836,11444.64,3638.812,30983.5637022,34087.6460041,184776.065434,2402.442,8.1,19.2,0.0,0.0,0.0,0.0,272817,0.0
400,3319.9925,2136.53836,11444.64,3638.812,24494.2946507,38063.2301389,186543.75035,2402.442,8.1,19.2,0.0,0.0,0.0,0.0,272071,0.0
401,3319.9925,2136.53836,11444.64,3638.812,15113.6721754,38716.4459982,196885.471966,2845.827,176.4,19.2,0.0,0.0,0.0,0.0,274297,0.0
402,13306.5033332,2136.53836,11444.64,3638.812,4094.2472143,34159.5370925,202924.638,4551.084,370.8,19.2,0.0,0.0,0.0,0.0,276646,0.0
403,20991.3206771,2136.53836,11444.64,3638.812,0.0,31038.7669629,202924.638,4551.084,252.0,19.2,0.0,0.0,0.0,0.0,276997,0.0
404,19742.5234811,2136.53836,11444.64,3638.812,0.0,31615.7641589,202924.638,4551.084,370.8,19.2,0.0,0.0,0.0,0.0,276444,0.0
405,17600.8014788,2136.53836,11444.64,3638.812,0.0,30602.4861612,202924.638,4551.084,370.8,19.2,0.0,0.0,0.0,0.0,273289,0.0
406,12510.4639475,2136.53836,11444.64,3638.812,0.0,29496.8236925,202924.638,4551.084,370.8,19.2,0.0,0.0,0.0,0.0,267093,0.0
407,7263.17618506,2136.53836,11444.64,3638.812,0.0,27495.1114549,202924.638,4551.084,370.8,19.2,0.0,0.0,0.0,0.0,259844,0.0
408,3319.9925,2136.53836,11444.64,3638.812,0.0,26030.2750431,202924.638,4551.084,276.820096913,19.2,0.0,0.0,0.0,0.0,254342,0.0
409,3356.6775,2107.66622,11444.64,3638.812,0.0,24187.8229935,198697.893287,4161.888,176.4,19.2,0.0,0.0,0.0,0.0,247791,0.0
410,3356.6775,2107.66622,11444.64,3638.812,0.0,22321.0252834,195241.068,2726.51099665,176.4,19.2,0.0,0.0,0.0,0.0,241032,0.0
411,3356.6775,2107.66622,11444.64,3638.812,0.0,20144.8411447,193214.621135,2303.442,8.1,19.2,0.0,0.0,0.0,0.0,236238,0.0
412,3356.6775,2107.66622,11444.64,3638.812,0.0,16671.8379322,195389.939348,2746.827,176.4,19.2,0.0,0.0,0.0,0.0,235552,0.0
413,3356.6775,2107.66622,11444.64,3638.812,0.0,14251.1668937,198780.549386,4161.888,176.4,19.2,0.0,0.0,0.0,0.0,237937,0.0
414,7702.40956097,2107.66622,11444.64,3638.812,0.0,13303.715219,201289.473,4353.084,252.0,19.2,0.0,0.0,0.0,0.0,244111,0.0
415,15053.7771434,2107.66622,11444.64,3638.812,0.0,14156.3476366,201289.473,4353.084,252.0,19.2,0.0,0.0,0.0,0.0,252315,0.0
416,20574.6391311,2107.66622,11444.64,3638.812,1507.4122721,15179.6733768,201289.473,4353.084,176.4,19.2,0.0,0.0,0.0,0.0,260291,0.0
417,18843.0024408,2107.66622,11444.64,3638.812,10478.5281161,15119.1942231,201289.473,4353.084,176.4,19.2,0.0,0.0,0.0,0.0,267470,0.0
418,15057.5625707,2107.66622,11444.64,3638.812,20359.5941899,14054.5680194,201289.473,4353.084,176.4,19.2,0.0,0.0,0.0,0.0,272501,0.0
419,8657.9788156,2107.66622,11444.64,3638.812,28682.8720215,12670.8739429,201289.473,4353.084,176.4,19.2,0.0,0.0,0.0,0.0,273041,0.0
420,3356.6775,2107.66622,11444.64,3638.812,34176.027201,12872.558688,199107.130391,4161.888,176.4,19.2,0.0,0.0,0.0,0.0,271061,0.0
421,3356.6775,2107.66622,11444.64,3638.812,36642.6393036,13058.6677223,195616.470254,2746.827,176.4,19.2,0.0,0.0,0.0,0.0,268808,0.0
422,3356.6775,2107.66622,11444.64,3638.812,36581.1254209,12456.9589678,194665.177891,2625.642,8.1,19.2,0.0,0.0,0.0,0.0,266904,0.0
423,3356.6775,2107.66622,11444.64,3638.812,33491.2886994,12817.9609006,195241.068,2711.28667999,176.4,19.2,0.0,0.0,0.0,0.0,265005,0.0
424,3356.6775,2107.66622,11444.64,3638.812,27770.3874152,13999.6191341,198152.883,4032.71473067,176.4,19.2,0.0,0.0,0.0,0.0,264699,0.0
425,11806.6861561,2107.66622,11444.64,3638.812,18278.7544127,15122.008507,201289.473,4353.084,215.675704231,19.2,0.0,0.0,0.0,0.0,268276,0.0
426,29422.9731238,2107.66622,11444.64,3638.812,4785.39036196,15106.7612942,201289.473,4353.084,252.0,19.2,0.0,0.0,0.0,0.0,272420,0.0
427,34357.4894398,2107.66622,11444.64,3638.812,0.0,17054.6353402,201289.473,4353.084,252.0,19.2,0.0,0.0,0.0,0.0,274517,0.0
428,30128.0916313,2107.66622,11444.64,3638.812,0.0,21873.0331487,201289.473,4353.084,252.0,19.2,0.0,0.0,0.0,0.0,275106,0.0
429,23026.5860718,2107.66622,11444.64,3638.812,0.0,27136.5387082,201289.473,4353.084,252.0,19.2,0.0,0.0,0.0,0.0,273268,0.0
430,13318.4057908,2107.66622,11444.64,3638.812,0.0,31016.7189892,201289.473,4353.084,252.0,19.2,0.0,0.0,0.0,0.0,267440,0.0
431,3967.52282378,2107.66622,11444.64,3638.812,0.0,32873.6019562,201289.473,4353.084,252.0,19.2,0.0,0.0,0.0,0.0,259946,0.0
432,3356.6775,2107.66622,11444.64,3638.812,0.0,33426.4981901,197567.27909,2746.827,176.4,19.2,0.0,0.0,0.0,0.0,254484,0.0
433,9855.38165355,2122.10229,11444.64,3638.812,0.0,33345.0710564,186766.173,1891.62,252.0,19.2,0.0,0.0,0.0,0.0,249335,0.0
434,5339.94901545,2122.10229,11444.64,3638.812,0.0,32762.1036945,186766.173,1891.62,176.4,19.2,0.0,0.0,0.0,0.0,244161,0.0
435,3283.3075,2122.10229,11444.64,3638.812,0.0,32517.0919976,185914.351212,1516.095,176.4,19.2,0.0,0.0,0.0,0.0,240632,0.0
436,3634.37824968,2122.10229,11444.64,3638.812,0.0,31545.6744603,186766.173,1891.62,176.4,19.2,0.0,0.0,0.0,0.0,241239,0.0
437,7184.29485837,2122.10229,11444.64,3638.812,0.0,31267.7578516,186766.173,1891.62,176.4,19.2,0.0,0.0,0.0,0.0,244511,0.0
438,11329.7441284,2122.10229,11444.64,3638.812,0.0,32799.3085816,186766.173,1891.62,176.4,19.2,0.0,0.0,0.0,0.0,250188,0.0
439,17593.5516597,2122.10229,11444.64,3638.812,0.0,33887.5010503,186766.173,1891.62,176.4,19.2,0.0,0.0,0.0,0.0,257540,0.0
440,23577.013293,2122.10229,11444.64,3638.812,1463.53385489,34566.5055621,186766.173,1891.62,176.4,19.2,0.0,0.0,0.0,0.0,265666,0.0
441,21223.2303976,2122.10229,11444.64,3638.812,10612.6536848,34031.1686276,186766.173,1891.62,176.4,19.2,0.0,0.0,0.0,0.0,271926,0.0
442,16515.3480236,2122.10229,11444.64,3638.812,20688.0419374,32270.4387101,186766.173,1891.62,231.624038918,19.2,0.0,0.0,0.0,0.0,275588,0.0
443,11346.474855,2122.10229,11444.64,3638.812,29112.813924,29175.7639311,186766.173,1891.62,176.4,19.2,0.0,0.0,0.0,0.0,275694,0.0
444,3283.3075,2122.10229,11444.64,3638.812,34700.8847147,30507.4955052,185555.06299,1516.095,176.4,19.2,0.0,0.0,0.0,0.0,272964,0.0
445,3283.3075,2122.10229,11444.64,3638.812,37187.5144035,30117.9439358,180304.669871,1072.71,8.1,19.2,0.0,0.0,0.0,0.0,269199,0.0
446,3283.3075,2122.10229,11444.64,3638.812,36753.8027591,25945.5986279,181021.726823,1072.71,8.1,19.2,0.0,0.0,0.0,0.0,265310,0.0
447,3283.3075,2122.10229,11444.64,3638.812,33546.4437899,24088.6774611,182550.006959,1072.71,8.1,19.2,0.0,0.0,0.0,0.0,261774,0.0
448,3283.3075,2122.10229,11444.64,3638.812,27680.0854297,25277.9389511,185131.418829,1516.095,176.4,19.2,0.0,0.0,0.0,0.0,260290,0.0
449,8863.77965802,2122.10229,11444.64,3638.812,18743.1680188,27883.1050332,186766.173,1891.62,176.4,19.2,0.0,0.0,0.0,0.0,261549,0.0
450,23471.6733776,2122.10229,11444.64,3638.812,4911.98354974,29568.3957827,186766.173,1891.62,176.4,19.2,0.0,0.0,0.0,0.0,264011,0.0
451,26849.1523932,2122.10229,11444.64,3638.812,0.0,33386.9003168,186766.173,1891.62,176.4,19.2,0.0,0.0,0.0,0.0,266295,0.0
452,17079.6193037,2122.10229,11444.64,3638.812,0.0,44722.4334063,186766.173,1891.62,176.4,19.2,0.0,0.0,0.0,0.0,267861,0.0
453,6082.58333316,2122.10229,11444.64,3638.812,0.0,54297.4693768,186766.173,1891.62,176.4,19.2,0.0,0.0,0.0,0.0,266439,0.0
454,3283.3075,2122.10229,11444.64,3638.812,0.0,56513.7499857,183214.378224,1072.71,8.1,19.2,0.0,0.0,0.0,0.0,261317,0.0
455,3283.3075,2122.10229,11444.64,3638.812,0.0,53165.6171582,180003.511052,1072.71,8.1,19.2,0.0,0.0,0.0,0.0,254758,0.0
456,3283.3075,2122.10229,11444.64,3638.812,0.0,47246.0598552,181140.068355,1072.71,8.1,19.2,0.0,0.0,0.0,0.0,249975,0.0
457,3184.258,2093.23015,11444.64,3683.46,0.0,40406.776119,181507.893731,2402.442,8.1,19.2,0.0,0.0,0.0,0.0,244750,0.0
458,3184.258,2093.23015,11444.64,3683.46,0.0,34250.3894722,182526.280378,2402.442,8.1,19.2,0.0,0.0,0.0,0.0,239612,0.0
459,3184.258,2093.23015,11444.64,3683.46,0.0,30053.1600068,184564.509843,2402.442,8.1,19.2,0.0,0.0,0.0,0.0,237453,0.0
460,3184.258,2093.23015,11444.64,3683.46,0.0,27717.8393795,188639.83047,2402.442,8.1,19.2,0.0,0.0,0.0,0.0,239193,0.0
461,3184.258,2093.23015,11444.64,3683.46,0.0,27080.5621289,194107.907721,2724.642,8.1,19.2,0.0,0.0,0.0,0.0,244346,0.0
462,3184.258,2093.23015,11444.64,3683.46,0.0,27339.8928437,200434.473,4407.44600628,176.4,19.2,0.0,0.0,0.0,0.0,252783,0.0
463,10459.9601989,2093.23015,11444.64,3683.46,0.0,28980.1526511,200434.473,4551.084,370.8,19.2,0.0,0.0,0.0,0.0,262037,0.0
464,15273.9246115,2093.23015,11444.64,3683.46,1529.87614215,32133.1120964,200434.473,4551.084,252.0,19.2,0.0,0.0,0.0,0.0,271415,0.0
465,11715.1099981,2093.23015,11444.64,3683.46,10597.8556453,35169.9472066,200434.473,4551.084,252.0,19.2,0.0,0.0,0.0,0.0,279961,0.0
466,6298.92781315,2093.23015,11444.64,3683.46,20292.0622293,35099.9228076,200434.473,4551.084,252.0,19.2,0.0,0.0,0.0,0.0,284169,0.0
467,3184.258,2093.23015,11444.64,3683.46,27841.3735947,38255.0179405,194154.078315,2724.642,8.1,19.2,0.0,0.0,0.0,0.0,283408,0.0
468,3184.258,2093.23015,11444.64,3683.46,33273.2909368,41015.8445313,183845.534382,2402.442,8.1,19.2,0.0,0.0,0.0,0.0,280970,0.0
469,3184.258,2093.23015,11444.64,3683.46,36601.5591801,38756.0703714,179764.040299,2402.442,8.1,19.2,0.0,0.0,0.0,0.0,277957,0.0
470,3184.258,2093.23015,11444.64,3683.46,35208.3422774,35539.7652888,180885.562284,2402.442,8.1,19.2,0.0,0.0,0.0,0.0,274469,0.0
471,3184.258,2093.23015,11444.64,3683.46,31249.0587524,34082.7051324,184056.905965,2402.442,8.1,19.2,0.0,0.0,0.0,0.0,272224,0.0
472,3184.258,2093.23015,11444.64,3683.46,26416.0132079,32312.5100691,190655.146573,2402.442,8.1,19.2,0.0,0.0,0.0,0.0,272219,0.0
473,5164.07342235,2093.23015,11444.64,3683.46,16871.3392162,30698.5002115,200434.473,4551.084,252.0,19.2,0.0,0.0,0.0,0.0,275212,0.0
474,25904.1534589,2093.23015,11444.64,3683.46,4569.38815549,25420.3712356,200434.473,4551.084,252.0,19.2,0.0,0.0,0.0,0.0,278372,0.0
475,34291.723228,2093.23015,11444.64,3683.46,0.0,22468.9420363,200434.473,4551.084,324.247585654,19.2,0.0,0.0,0.0,0.0,279311,0.0
476,31382.7861688,2093.23015,11444.64,3683.46,0.0,24731.3266812,200434.473,4551.084,370.8,19.2,0.0,0.0,0.0,0.0,278711,0.0
477,26266.1283406,2093.23015,11444.64,3683.46,0.0,26594.9845094,200434.473,4551.084,370.8,19.2,0.0,0.0,0.0,0.0,275458,0.0
478,18225.9593198,2093.23015,11444.64,3683.46,0.0,27639.1535302,200434.473,4551.084,370.8,19.2,0.0,0.0,0.0,0.0,268462,0.0
479,10303.9982477,2093.23015,11444.64,3683.46,0.0,27836.1146023,200434.473,4551.084,370.8,19.2,0.0,0.0,0.0,0.0,260737,0.0
480,5998.10089216,2093.23015,11444.64,3683.46,0.0,26831.0119578,200434.473,4551.084,370.8,19.2,0.0,0.0,0.0,0.0,255426,0.0
481,9544.30553498,2078.79408,11444.64,3705.784,0.0,25656.211385,193193.973,3970.692,176.4,19.2,0.0,0.0,0.0,0.0,249790,0.0
482,5093.04315094,2078.79408,11444.64,3705.784,0.0,24654.7421197,193230.704649,3970.692,176.4,19.2,0.0,0.0,0.0,0.0,244374,0.0
483,3579.0305565,2078.79408,11444.64,3705.784,0.0,23372.2863635,193534.173,3970.692,176.4,19.2,0.0,0.0,0.0,0.0,241881,0.0
484,5992.71888937,2078.79408,11444.64,3705.784,0.0,22382.5980306,193534.173,3970.692,176.4,19.2,0.0,0.0,0.0,0.0,243305,0.0
485,10038.3673784,2078.79408,11444.64,3705.784,0.0,21786.9495416,193534.173,3970.692,176.4,19.2,0.0,0.0,0.0,0.0,246755,0.0
486,15534.1270734,2078.79408,11444.64,3705.784,0.0,22205.1898466,193534.173,3970.692,176.4,19.2,0.0,0.0,0.0,0.0,252669,0.0
487,21234.1746903,2078.79408,11444.64,3705.784,0.0,22924.1422297,193534.173,3970.692,176.4,19.2,0.0,0.0,0.0,0.0,259088,0.0
488,25667.4463845,2078.79408,11444.64,3705.784,1507.26001804,23240.6105174,193534.173,3970.692,176.4,19.2,0.0,0.0,0.0,0.0,265345,0.0
489,22156.4585131,2078.79408,11444.64,3705.784,9578.52671476,21673.3316922,193534.173,3970.692,176.4,19.2,0.0,0.0,0.0,0.0,268338,0.0
490,12495.384357,2078.79408,11444.64,3705.784,18400.6926981,23040.2398648,193534.173,3970.692,176.4,19.2,0.0,0.0,0.0,0.0,268866,0.0
491,2993.496,2078.79408,11444.64,3705.784,25972.6430342,22889.3583288,193316.992557,3970.692,176.4,19.2,0.0,0.0,0.0,0.0,266568,0.0
492,2993.496,2078.79408,11444.64,3705.784,30276.1903869,23887.8125115,186149.737022,2112.246,8.1,19.2,0.0,0.0,0.0,0.0,262676,0.0
493,2993.496,2078.79408,11444.64,3705.784,33018.2755797,24558.3693716,179187.094969,2112.246,8.1,19.2,0.0,0.0,0.0,0.0,259126,0.0
494,2993.496,2078.79408,11444.64,3705.784,32044.6201303,25551.1128869,178306.006903,2112.246,8.1,19.2,0.0,0.0,0.0,0.0,258264,0.0
495,2993.496,2078.79408,11444.64,3705.784,29789.7046407,27516.2009342,177851.834345,2112.246,8.1,19.2,0.0,0.0,0.0,0.0,257520,0.0
496,2993.496,2078.79408,11444.64,3705.784,24998.8665066,30714.44812,180463.425293,2112.246,8.1,19.2,0.0,0.0,0.0,0.0,258539,0.0
497,2993.496,2078.79408,11444.64,3705.784,16498.0535509,32334.2946443,191239.706725,2555.631,176.4,19.2,0.0,0.0,0.0,0.0,263046,0.0
498,17643.74185,2078.79408,11444.64,3705.784,5126.9679483,29788.6071217,193534.173,3970.692,176.4,19.2,0.0,0.0,0.0,0.0,267489,0.0
499,23427.9187457,2078.79408,11444.64,3705.784,0.0,30984.3981743,193534.173,3970.692,176.4,19.2,0.0,0.0,0.0,0.0,269342,0.0
500,19348.8252761,2078.79408,11444.64,3705.784,0.0,36560.4916439,193534.173,3970.692,176.4,19.2,0.0,0.0,0.0,0.0,270839,0.0
501,13410.2487557,2078.79408,11444.64,3705.784,0.0,40067.0681643,193534.173,3970.692,176.4,19.2,0.0,0.0,0.0,0.0,268407,0.0
502,7388.68654391,2078.79408,11444.64,3705.784,0.0,39523.6303761,193534.173,3970.692,176.4,19.2,0.0,0.0,0.0,0.0,261842,0.0
503,2993.496,2078.79408,11444.64,3705.784,0.0,37814.1523651,192778.173,3208.36055491,176.4,19.2,0.0,0.0,0.0,0.0,254219,0.0
504,2993.496,2078.79408,11444.64,3705.784,0.0,35777.8411257,189605.458794,2485.386,176.4,19.2,0.0,0.0,0.0,0.0,248287,0.0
505,2890.778,2064.35801,11444.64,3683.46,0.0,34292.8410292,185421.376961,2112.246,8.1,19.2,0.0,0.0,0.0,0.0,241937,0.0
506,2890.778,2064.35801,11444.64,3683.46,0.0,33329.3468464,181242.871144,2112.246,8.1,19.2,0.0,0.0,0.0,0.0,236795,0.0
507,2890.778,2064.35801,11444.64,3683.46,0.0,33809.7490955,178315.468894,2112.246,8.1,19.2,0.0,0.0,0.0,0.0,234348,0.0
508,2890.778,2064.35801,11444.64,3683.46,0.0,32467.9288792,181143.289111,2112.246,8.1,19.2,0.0,0.0,0.0,0.0,235834,0.0
509,2890.778,2064.35801,11444.64,3683.46,0.0,31150.8541211,185540.363869,2112.246,8.1,19.2,0.0,0.0,0.0,0.0,238914,0.0
510,2890.778,2064.35801,11444.64,3683.46,0.0,30612.7495025,192482.783487,2555.631,176.4,19.2,0.0,0.0,0.0,0.0,245930,0.0
511,9554.57377905,2064.35801,11444.64,3683.46,0.0,29430.1354745,193534.173,3970.692,221.767736456,19.2,0.0,0.0,0.0,0.0,253923,0.0
512,17261.2796271,2064.35801,11444.64,3683.46,1511.04347201,27523.7538909,193534.173,3970.692,176.4,19.2,0.0,0.0,0.0,0.0,261189,0.0
513,15881.4177366,2064.35801,11444.64,3683.46,10430.9457184,24826.713535,193534.173,3970.692,176.4,19.2,0.0,0.0,0.0,0.0,266032,0.0
514,6897.34724039,2064.35801,11444.64,3683.46,19952.6183026,27444.111447,193534.173,3970.692,176.4,19.2,0.0,0.0,0.0,0.0,269187,0.0
515,2890.778,2064.35801,11444.64,3683.46,27996.0497222,26867.6657479,190236.81752,2555.631,176.4,19.2,0.0,0.0,0.0,0.0,267935,0.0
516,2890.778,2064.35801,11444.64,3683.46,32863.2339014,22965.0500954,186220.933993,2112.246,8.1,19.2,0.0,0.0,0.0,0.0,264272,0.0
517,2890.778,2064.35801,11444.64,3683.46,35166.0408349,16893.8797607,186688.297394,2112.246,8.1,19.2,0.0,0.0,0.0,0.0,260971,0.0
518,2890.778,2064.35801,11444.64,3683.46,33351.674354,12557.4664923,189766.637144,2485.386,176.4,19.2,0.0,0.0,0.0,0.0,258440,0.0
519,2890.778,2064.35801,11444.64,3683.46,30726.9230775,10295.847343,192508.173,3143.22056951,176.4,19.2,0.0,0.0,0.0,0.0,256953,0.0
520,5064.97530103,2064.35801,11444.64,3683.46,26430.8348295,10153.2668594,193534.173,3970.692,176.4,19.2,0.0,0.0,0.0,0.0,256542,0.0
521,15791.6700379,2064.35801,11444.64,3683.46,17703.2877782,11635.1191739,193534.173,3970.692,176.4,19.2,0.0,0.0,0.0,0.0,260023,0.0
522,30937.6570679,2064.35801,11444.64,3683.46,5327.60438412,13579.815538,193534.173,3970.692,176.4,19.2,0.0,0.0,0.0,0.0,264738,0.0
523,34495.5195197,2064.35801,11444.64,3683.46,0.0,18149.5574703,193534.173,3970.692,176.4,19.2,0.0,0.0,0.0,0.0,267538,0.0
524,27658.5623309,2064.35801,11444.64,3683.46,0.0,25765.5146591,193534.173,3970.692,176.4,19.2,0.0,0.0,0.0,0.0,268317,0.0
525,19345.4525896,2064.35801,11444.64,3683.46,0.0,32743.6244004,193534.173,3970.692,176.4,19.2,0.0,0.0,0.0,0.0,266982,0.0
526,13078.2676338,2064.35801,11444.64,3683.46,0.0,33484.8093562,193534.173,3970.692,176.4,19.2,0.0,0.0,0.0,0.0,261456,0.0
527,7716.84723229,2064.35801,11444.64,3683.46,0.0,31249.2297577,193534.173,3970.692,176.4,19.2,0.0,0.0,0.0,0.0,253859,0.0
528,4013.81360377,2064.35801,11444.64,3683.46,0.0,29096.2633862,193534.173,3970.692,176.4,19.2,0.0,0.0,0.0,0.0,248003,0.0
529,2806.4025,2049.92194,11444.64,3616.488,0.0,26790.6866888,192844.118871,2402.442,8.1,19.2,0.0,0.0,0.0,0.0,241982,0.0
530,2806.4025,2049.92194,11444.64,3616.488,0.0,24711.4178952,189436.387665,2402.442,8.1,19.2,0.0,0.0,0.0,0.0,236495,0.0
531,2806.4025,2049.92194,11444.64,3616.488,0.0,22769.694814,188846.110746,2402.442,8.1,19.2,0.0,0.0,0.0,0.0,233963,0.0
532,2806.4025,2049.92194,11444.64,3616.488,0.0,21271.6949921,192077.110568,2402.442,8.1,19.2,0.0,0.0,0.0,0.0,235696,0.0
533,2806.4025,2049.92194,11444.64,3616.488,0.0,19958.1467138,196448.973846,2845.827,176.4,19.2,0.0,0.0,0.0,0.0,239366,0.0
534,4189.73776293,2049.92194,11444.64,3616.488,0.0,19541.9552971,200168.973,4551.084,252.0,19.2,0.0,0.0,0.0,0.0,245834,0.0
535,11316.951708,2049.92194,11444.64,3616.488,0.0,19357.741352,200168.973,4551.084,252.0,19.2,0.0,0.0,0.0,0.0,252777,0.0
536,17295.5416376,2049.92194,11444.64,3616.488,1525.51507427,19148.8363481,200168.973,4551.084,370.8,19.2,0.0,0.0,0.0,0.0,260191,0.0
537,13598.4054896,2049.92194,11444.64,3616.488,10133.5508447,19536.9367257,200168.973,4551.084,370.8,19.2,0.0,0.0,0.0,0.0,265490,0.0
538,4892.99389678,2049.92194,11444.64,3616.488,19739.966254,21163.9329092,200168.973,4551.084,370.8,19.2,0.0,0.0,0.0,0.0,268018,0.0
539,2806.4025,2049.92194,11444.64,3616.488,27748.5647321,18845.5762847,197002.979543,2845.827,176.4,19.2,0.0,0.0,0.0,0.0,266556,0.0
540,2806.4025,2049.92194,11444.64,3616.488,33663.2656298,15644.5878145,193291.452116,2559.942,8.1,19.2,0.0,0.0,0.0,0.0,265104,0.0
541,2806.4025,2049.92194,11444.64,3616.488,36010.9229125,12147.6270391,191750.255608,2402.442,8.1,19.2,0.0,0.0,0.0,0.0,262256,0.0
542,2806.4025,2049.92194,11444.64,3616.488,35716.4134144,10145.6994028,190962.692743,2402.442,8.1,19.2,0.0,0.0,0.0,0.0,259172,0.0
543,2806.4025,2049.92194,11444.64,3616.488,31138.3793414,8981.97056661,194057.955652,2724.642,176.4,19.2,0.0,0.0,0.0,0.0,257016,0.0
544,2806.4025,2049.92194,11444.64,3616.488,26178.20014,8862.14155278,197951.717867,4260.888,176.4,19.2,0.0,0.0,0.0,0.0,257366,0.0
545,12850.3593774,2049.92194,11444.64,3616.488,17080.1881101,9260.34557256,200168.973,4551.084,370.8,19.2,0.0,0.0,0.0,0.0,261412,0.0
546,29516.7651166,2049.92194,11444.64,3616.488,4784.75439956,10208.3735439,200168.973,4551.084,370.8,19.2,0.0,0.0,0.0,0.0,266731,0.0
547,35017.2067059,2049.92194,11444.64,3616.488,0.0,13539.645568,200168.973,4551.084,252.840786097,19.2,0.0,0.0,0.0,0.0,270660,0.0
548,31467.9232238,2049.92194,11444.64,3616.488,0.0,19220.7698362,200168.973,4551.084,252.0,19.2,0.0,0.0,0.0,0.0,272791,0.0
549,25766.991483,2049.92194,11444.64,3616.488,0.0,23474.701577,200168.973,4551.084,252.0,19.2,0.0,0.0,0.0,0.0,271344,0.0
550,15528.3730546,2049.92194,11444.64,3616.488,0.0,26770.3200054,200168.973,4551.084,252.0,19.2,0.0,0.0,0.0,0.0,264401,0.0
551,4377.86224383,2049.92194,11444.64,3616.488,0.0,29195.8308162,200168.973,4551.084,252.0,19.2,0.0,0.0,0.0,0.0,255676,0.0
552,2806.4025,2049.92194,11444.64,3616.488,0.0,31478.3736457,194132.991914,2775.582,176.4,19.2,0.0,0.0,0.0,0.0,248500,0.0
553,2736.701,2035.48587,11444.64,3594.164,0.0,33338.844692,186767.422438,2402.442,8.1,19.2,0.0,0.0,0.0,0.0,242347,0.0
554,2736.701,2035.48587,11444.64,3594.164,0.0,34784.8993115,180116.367818,2402.442,8.1,19.2,0.0,0.0,0.0,0.0,237142,0.0
555,2736.701,2035.48587,11444.64,3594.164,0.0,36437.6531473,176937.613983,2402.442,8.1,19.2,0.0,0.0,0.0,0.0,235616,0.0
556,2736.701,2035.48587,11444.64,3594.164,0.0,34299.7315897,181684.53554,2402.442,8.1,19.2,0.0,0.0,0.0,0.0,238225,0.0
557,2736.701,2035.48587,11444.64,3594.164,0.0,31010.3544256,189446.912704,2402.442,8.1,19.2,0.0,0.0,0.0,0.0,242698,0.0
558,2736.701,2035.48587,11444.64,3594.164,0.0,29671.020495,197843.561635,2845.827,176.4,19.2,0.0,0.0,0.0,0.0,250367,0.0
559,5367.62373516,2035.48587,11444.64,3594.164,0.0,28623.2533948,203185.638,4551.084,484.911,19.2,0.0,0.0,0.0,0.0,259306,0.0
560,13433.9411687,2035.48587,11444.64,3594.164,1506.55682546,27533.3791358,203185.638,4551.084,484.911,19.2,0.0,0.0,0.0,0.0,267789,0.0
561,12362.8649942,2035.48587,11444.64,3594.164,10150.3751143,25754.6370215,203185.638,4551.084,484.911,19.2,0.0,0.0,0.0,0.0,273583,0.0
562,8839.52816179,2035.48587,11444.64,3594.164,18687.3302321,24058.1297361,203185.638,4551.084,370.8,19.2,0.0,0.0,0.0,0.0,276786,0.0
563,2736.701,2035.48587,11444.64,3594.164,27365.2032566,22640.9414514,200659.376422,4260.888,176.4,19.2,0.0,0.0,0.0,0.0,274933,0.0
564,2736.701,2035.48587,11444.64,3594.164,32495.9427893,23107.6029791,193361.721362,2402.442,8.1,19.2,0.0,0.0,0.0,0.0,271206,0.0
565,2736.701,2035.48587,11444.64,3594.164,36253.7034818,17738.6060236,190967.957625,2402.442,8.1,19.2,0.0,0.0,0.0,0.0,267201,0.0
566,2736.701,2035.48587,11444.64,3594.164,36375.4769993,13459.8161252,191584.974006,2402.442,8.1,19.2,0.0,0.0,0.0,0.0,263661,0.0
567,2736.701,2035.48587,11444.64,3594.164,32484.4283168,10731.0049511,194810.833862,2402.442,8.1,19.2,0.0,0.0,0.0,0.0,260267,0.0
568,2736.701,2035.48587,11444.64,3594.164,27199.3722192,10366.9452358,199426.1985,3680.893175,176.4,19.2,0.0,0.0,0.0,0.0,260680,0.0
569,10125.1423584,2035.48587,11444.64,3594.164,18343.4113598,10947.4344118,203185.638,4551.084,370.8,19.2,0.0,0.0,0.0,0.0,264617,0.0
570,27058.0805972,2035.48587,11444.64,3594.164,5774.50311859,11523.2934143,203185.638,4551.084,484.911,19.2,0.0,0.0,0.0,0.0,269671,0.0
571,33939.2998483,2035.48587,11444.64,3594.164,0.0,14043.6882817,203185.638,4551.084,370.8,19.2,0.0,0.0,0.0,0.0,273184,0.0
572,31983.9870499,2035.48587,11444.64,3594.164,0.0,18374.8900801,203185.638,4551.084,484.911,19.2,0.0,0.0,0.0,0.0,275674,0.0
573,27327.7167524,2035.48587,11444.64,3594.164,0.0,22318.9888949,203185.638,4551.084,412.082482653,19.2,0.0,0.0,0.0,0.0,274889,0.0
574,19905.0211159,2035.48587,11444.64,3594.164,0.0,24061.9670141,203185.638,4551.084,370.8,19.2,0.0,0.0,0.0,0.0,269168,0.0
575,11214.3811046,2035.48587,11444.64,3594.164,0.0,24723.6070254,203185.638,4551.084,370.8,19.2,0.0,0.0,0.0,0.0,261139,0.0
576,5097.94281355,2035.48587,11444.64,3594.164,0.0,24306.0453165,203185.638,4551.084,370.8,19.2,0.0,0.0,0.0,0.0,254605,0.0
577,8833.78937258,2021.0498,11444.64,3594.164,0.0,24125.7132491,193795.173,4038.084,240.186578306,19.2,0.0,0.0,0.0,0.0,248112,0.0
578,2958.23853175,2021.0498,11444.64,3594.164,0.0,24087.4506682,193795.173,4038.084,252.0,19.2,0.0,0.0,0.0,0.0,242210,0.0
579,2766.049,2021.0498,11444.64,3594.164,0.0,24633.2099431,192560.960257,2589.327,176.4,19.2,0.0,0.0,0.0,0.0,239805,0.0
580,2766.049,2021.0498,11444.64,3594.164,0.0,24462.0481231,193674.061077,4004.388,176.4,19.2,0.0,0.0,0.0,0.0,242162,0.0
581,6668.76555566,2021.0498,11444.64,3594.164,0.0,24894.9236443,193795.173,4038.084,252.0,19.2,0.0,0.0,0.0,0.0,246728,0.0
582,13277.0345112,2021.0498,11444.64,3594.164,0.0,26074.6546888,193795.173,4038.084,252.0,19.2,0.0,0.0,0.0,0.0,254516,0.0
583,19831.4314452,2021.0498,11444.64,3594.164,0.0,27914.2577548,193795.173,4038.084,252.0,19.2,0.0,0.0,0.0,0.0,262910,0.0
584,24290.598169,2021.0498,11444.64,3594.164,1439.53621525,30034.1548157,193795.173,4038.084,176.4,19.2,0.0,0.0,0.0,0.0,270853,0.0
585,20453.52707,2021.0498,11444.64,3594.164,10034.47118,30447.2909499,193795.173,4038.084,176.4,19.2,0.0,0.0,0.0,0.0,276024,0.0
586,9956.79051297,2021.0498,11444.64,3594.164,19737.5950493,33121.3036377,193795.173,4038.084,252.0,19.2,0.0,0.0,0.0,0.0,277980,0.0
587,2766.049,2021.0498,11444.64,3594.164,28026.5865703,35455.7834698,189433.28516,2468.142,8.1,19.2,0.0,0.0,0.0,0.0,275237,0.0
588,2766.049,2021.0498,11444.64,3594.164,33013.6633051,34469.6992164,181563.492678,2145.942,8.1,19.2,0.0,0.0,0.0,0.0,271046,0.0
589,2766.049,2021.0498,11444.64,3594.164,35711.5299449,29836.7606459,179196.564609,2145.942,8.1,19.2,0.0,0.0,0.0,0.0,266744,0.0
590,2766.049,2021.0498,11444.64,3594.164,36269.5267724,26659.3793406,178126.949087,2145.942,8.1,19.2,0.0,0.0,0.0,0.0,263055,0.0
591,2766.049,2021.0498,11444.64,3594.164,32009.8968297,25228.7861326,180773.172238,2145.942,8.1,19.2,0.0,0.0,0.0,0.0,260011,0.0
592,2766.049,2021.0498,11444.64,3594.164,28098.3397242,26854.7589219,182976.756554,2145.942,8.1,19.2,0.0,0.0,0.0,0.0,259929,0.0
593,2766.049,2021.0498,11444.64,3594.164,19291.0235957,28241.1709828,192960.873,3766.42962152,176.4,19.2,0.0,0.0,0.0,0.0,264281,0.0
594,21809.3056707,2021.0498,11444.64,3594.164,5417.64784271,27419.7356866,193795.173,4038.084,252.0,19.2,0.0,0.0,0.0,0.0,269811,0.0
595,29899.1446034,2021.0498,11444.64,3594.164,0.0,28343.5445966,193795.173,4038.084,252.0,19.2,0.0,0.0,0.0,0.0,273407,0.0
596,25083.2483692,2021.0498,11444.64,3594.164,0.0,35532.4408308,193795.173,4038.084,252.0,19.2,0.0,0.0,0.0,0.0,275780,0.0
597,18086.6280897,2021.0498,11444.64,3594.164,0.0,41945.0611103,193795.173,4038.084,252.0,19.2,0.0,0.0,0.0,0.0,275196,0.0
598,7920.90079868,2021.0498,11444.64,3594.164,0.0,46399.7884013,193795.173,4038.084,252.0,19.2,0.0,0.0,0.0,0.0,269485,0.0
599,2766.049,2021.0498,11444.64,3594.164,0.0,47807.7189391,190513.451261,2589.327,176.4,19.2,0.0,0.0,0.0,0.0,260932,0.0
600,2766.049,2021.0498,11444.64,3594.164,0.0,47535.6818968,184492.173303,2145.942,8.1,19.2,0.0,0.0,0.0,0.0,254027,0.0
601,6684.134282,1992.17766,11444.64,3571.84,0.0,46477.185058,176458.923,568.8,8.1,19.2,0.0,0.0,0.0,0.0,247225,0.0
602,2821.0765,1992.17766,11444.64,3571.84,0.0,45215.5442826,175774.121557,411.3,8.1,19.2,0.0,0.0,0.0,0.0,241258,0.0
603,2821.0765,1992.17766,11444.64,3571.84,0.0,44115.0601843,174237.605656,411.3,8.1,19.2,0.0,0.0,0.0,0.0,238621,0.0
604,3303.40596944,1992.17766,11444.64,3571.84,0.0,43418.9133706,176458.923,568.8,8.1,19.2,0.0,0.0,0.0,0.0,240786,0.0
605,8998.57421356,1992.17766,11444.64,3571.84,0.0,42186.7451264,176458.923,568.8,8.1,19.2,0.0,0.0,0.0,0.0,245249,0.0
606,15430.7554066,1992.17766,11444.64,3571.84,0.0,41923.5639334,176458.923,568.8,8.1,19.2,0.0,0.0,0.0,0.0,251418,0.0
607,21346.8065965,1992.17766,11444.64,3571.84,0.0,43004.5127435,176458.923,568.8,8.1,19.2,0.0,0.0,0.0,0.0,258415,0.0
608,25202.8547894,1992.17766,11444.64,3571.84,1535.75387081,42966.8507592,176618.782921,568.8,8.1,19.2,0.0,0.0,0.0,0.0,263929,0.0
609,18973.3843184,1992.17766,11444.64,3571.84,10418.8908531,42196.8441685,176637.123,568.8,8.1,19.2,0.0,0.0,0.0,0.0,265831,0.0
610,2821.0765,1992.17766,11444.64,3571.84,20389.2449833,47838.4689629,176606.451894,568.8,8.1,19.2,0.0,0.0,0.0,0.0,265260,0.0
611,2821.0765,1992.17766,11444.64,3571.84,28646.8842739,52722.3398964,160441.44167,411.3,8.1,19.2,0.0,0.0,0.0,0.0,262079,0.0
612,2821.0765,1992.17766,11444.64,3571.84,34533.9004908,52218.2383831,149880.426966,284.4,8.1,19.2,0.0,0.0,0.0,0.0,256774,0.0
613,2821.0765,1992.17766,11444.64,3571.84,37414.8511055,47583.1958247,145841.51891,284.4,8.1,19.2,0.0,0.0,0.0,0.0,250981,0.0
614,2821.0765,1992.17766,11444.64,3571.84,37160.3220442,43295.5330771,145619.710719,284.4,8.1,19.2,0.0,0.0,0.0,0.0,246217,0.0
615,2821.0765,1992.17766,11444.64,3571.84,33371.9921176,41359.0486661,147185.525056,284.4,8.1,19.2,0.0,0.0,0.0,0.0,242058,0.0
616,2821.0765,1992.17766,11444.64,3571.84,27499.3019849,37901.1307671,154848.233088,411.3,8.1,19.2,0.0,0.0,0.0,0.0,240517,0.0
617,2821.0765,1992.17766,11444.64,3571.84,18790.9497328,35145.1891483,169432.526959,411.3,8.1,19.2,0.0,0.0,0.0,0.0,243637,0.0
618,18013.7225727,1992.17766,11444.64,3571.84,5991.90393862,30695.4928287,176637.123,568.8,8.1,19.2,0.0,0.0,0.0,0.0,248943,0.0
619,30669.7200428,1992.17766,11444.64,3571.84,0.0,28605.3992972,176637.123,568.8,8.1,19.2,0.0,0.0,0.0,0.0,253517,0.0
620,27049.1956988,1992.17766,11444.64,3571.84,0.0,35163.9236412,176637.123,568.8,8.1,19.2,0.0,0.0,0.0,0.0,256455,0.0
621,20247.2099075,1992.17766,11444.64,3571.84,0.0,41591.9094325,176637.123,568.8,8.1,19.2,0.0,0.0,0.0,0.0,256081,0.0
622,13140.0082358,1992.17766,11444.64,3571.84,0.0,43378.1111042,176637.123,568.8,8.1,19.2,0.0,0.0,0.0,0.0,250760,0.0
623,5687.05236652,1992.17766,11444.64,3571.84,0.0,43488.2669735,176458.923,568.8,8.1,19.2,0.0,0.0,0.0,0.0,243239,0.0
624,2821.0765,1992.17766,11444.64,3571.84,0.0,44089.2023323,172768.463508,411.3,8.1,19.2,0.0,0.0,0.0,0.0,237126,0.0
625,2942.137,2006.61373,11444.64,3504.868,0.0,43660.882385,167478.373885,697.185,8.1,19.2,0.0,0.0,0.0,0.0,231762,0.0
626,2942.137,2006.61373,11444.64,3504.868,0.0,42468.8371111,164195.419159,697.185,8.1,19.2,0.0,0.0,0.0,0.0,227287,0.0
627,2942.137,2006.61373,11444.64,3504.868,0.0,41396.8450496,163529.41122,697.185,8.1,19.2,0.0,0.0,0.0,0.0,225549,0.0
628,2942.137,2006.61373,11444.64,3504.868,0.0,41278.5628269,165873.693443,697.185,8.1,19.2,0.0,0.0,0.0,0.0,227775,0.0
629,2942.137,2006.61373,11444.64,3504.868,0.0,41349.8397187,171356.416551,697.185,8.1,19.2,0.0,0.0,0.0,0.0,233329,0.0
630,3662.42309638,2006.61373,11444.64,3504.868,0.0,40152.7621736,180408.123,1140.57,370.8,19.2,0.0,0.0,0.0,0.0,242710,0.0
631,14951.9257357,2006.61373,11444.64,3504.868,0.0,39234.0595343,180408.123,1140.57,252.0,19.2,0.0,0.0,0.0,0.0,252962,0.0
632,24344.2542302,2006.61373,11444.64,3504.868,1483.17400361,38028.7570362,180408.123,1140.57,370.8,19.2,0.0,0.0,0.0,0.0,262751,0.0
633,26352.1593422,2006.61373,11444.64,3504.868,10590.7457793,33905.2801485,180408.123,1140.57,370.8,19.2,0.0,0.0,0.0,0.0,269743,0.0
634,17825.877875,2006.61373,11444.64,3504.868,20265.6112094,36081.6961856,180408.123,1140.57,370.8,19.2,0.0,0.0,0.0,0.0,273068,0.0
635,2942.137,2006.61373,11444.64,3504.868,29127.4206649,40286.1912095,180408.123,1140.57,293.236395639,19.2,0.0,0.0,0.0,0.0,271173,0.0
636,2942.137,2006.61373,11444.64,3504.868,34394.4908901,41686.5446907,170886.220689,697.185,8.1,19.2,0.0,0.0,0.0,0.0,267590,0.0
637,2942.137,2006.61373,11444.64,3504.868,36539.6636226,39179.2678481,167243.324799,697.185,8.1,19.2,0.0,0.0,0.0,0.0,263585,0.0
638,2942.137,2006.61373,11444.64,3504.868,35473.664819,36756.1695235,167827.421928,697.185,8.1,19.2,0.0,0.0,0.0,0.0,260680,0.0
639,2942.137,2006.61373,11444.64,3504.868,31298.595097,36320.2876194,170579.373554,697.185,8.1,19.2,0.0,0.0,0.0,0.0,258821,0.0
640,2942.137,2006.61373,11444.64,3504.868,24956.3370377,39972.7886041,174408.130628,697.185,8.1,19.2,0.0,0.0,0.0,0.0,259960,0.0
641,5102.75372113,2006.61373,11444.64,3504.868,16991.0097459,43343.4218029,180408.123,1140.57,370.8,19.2,0.0,0.0,0.0,0.0,264332,0.0
642,24472.8061439,2006.61373,11444.64,3504.868,4641.61750841,41227.7616177,180408.123,1140.57,370.8,19.2,0.0,0.0,0.0,0.0,269237,0.0
643,33986.5666426,2006.61373,11444.64,3504.868,0.0,39549.6186274,180408.123,1140.57,370.8,19.2,0.0,0.0,0.0,0.0,272431,0.0
644,28236.6745567,2006.61373,11444.64,3504.868,0.0,46956.5107133,180408.123,1140.57,370.8,19.2,0.0,0.0,0.0,0.0,274088,0.0
645,19579.6334882,2006.61373,11444.64,3504.868,0.0,53217.5403608,180408.123,1140.57,290.811421015,19.2,0.0,0.0,0.0,0.0,271612,0.0
646,9015.81006797,2006.61373,11444.64,3504.868,0.0,57244.375202,180408.123,1140.57,370.8,19.2,0.0,0.0,0.0,0.0,265155,0.0
647,2942.137,2006.61373,11444.64,3504.868,0.0,59349.5492471,176984.707023,697.185,8.1,19.2,0.0,0.0,0.0,0.0,256957,0.0
648,2942.137,2006.61373,11444.64,3504.868,0.0,58995.8357726,170529.420497,697.185,8.1,19.2,0.0,0.0,0.0,0.0,250148,0.0
649,3129.2305,2021.0498,11444.64,3482.544,0.0,56861.1540964,164845.539604,2275.542,8.1,19.2,0.0,0.0,0.0,0.0,244087,0.0
650,3129.2305,2021.0498,11444.64,3482.544,0.0,52838.2665326,164431.427167,2275.542,8.1,19.2,0.0,0.0,0.0,0.0,239650,0.0
651,3129.2305,2021.0498,11444.64,3482.544,0.0,49292.0221395,166218.671561,2275.542,8.1,19.2,0.0,0.0,0.0,0.0,237891,0.0
652,3129.2305,2021.0498,11444.64,3482.544,0.0,43324.6944101,174778.09929,2402.442,8.1,19.2,0.0,0.0,0.0,0.0,240610,0.0
653,3129.2305,2021.0498,11444.64,3482.544,0.0,37833.9130519,185522.880648,2402.442,8.1,19.2,0.0,0.0,0.0,0.0,245864,0.0
654,3129.2305,2021.0498,11444.64,3482.544,0.0,33694.1970572,197126.396643,2724.642,8.1,19.2,0.0,0.0,0.0,0.0,253650,0.0
655,5123.48866281,2021.0498,11444.64,3482.544,0.0,30187.5555372,204796.638,4551.084,370.8,19.2,0.0,0.0,0.0,0.0,261997,0.0
656,15047.5777292,2021.0498,11444.64,3482.544,1521.15705091,27082.1094199,204796.638,4551.084,252.0,19.2,0.0,0.0,0.0,0.0,270218,0.0
657,17925.7052067,2021.0498,11444.64,3482.544,10314.3351758,21476.8038175,204796.638,4551.084,252.0,19.2,0.0,0.0,0.0,0.0,276284,0.0
658,10032.7587576,2021.0498,11444.64,3482.544,19730.4764246,22262.6090178,204796.638,4551.084,252.0,19.2,0.0,0.0,0.0,0.0,278593,0.0
659,3129.2305,2021.0498,11444.64,3482.544,28752.0038612,25160.5534233,199649.551416,2845.827,176.4,19.2,0.0,0.0,0.0,0.0,276681,0.0
660,3129.2305,2021.0498,11444.64,3482.544,34467.9485474,21111.9511068,195406.894046,2402.442,8.1,19.2,0.0,0.0,0.0,0.0,273494,0.0
661,3129.2305,2021.0498,11444.64,3482.544,35822.8441431,15824.2892855,195706.660271,2402.442,8.1,19.2,0.0,0.0,0.0,0.0,269861,0.0
662,3129.2305,2021.0498,11444.64,3482.544,32657.8101359,12224.7754974,198707.523067,2845.827,176.4,19.2,0.0,0.0,0.0,0.0,266709,0.0
663,3129.2305,2021.0498,11444.64,3482.544,32646.5292584,10668.3214101,198216.258032,2845.827,176.4,19.2,0.0,0.0,0.0,0.0,264650,0.0
664,3129.2305,2021.0498,11444.64,3482.544,27812.9652479,10308.6789695,202030.403483,4260.888,176.4,19.2,0.0,0.0,0.0,0.0,264686,0.0
665,11677.3536368,2021.0498,11444.64,3482.544,19094.7554787,10934.7350845,204796.638,4551.084,252.0,19.2,0.0,0.0,0.0,0.0,268274,0.0
666,28541.9266641,2021.0498,11444.64,3482.544,6434.38963882,12364.5278971,204796.638,4551.084,252.0,19.2,0.0,0.0,0.0,0.0,273908,0.0
667,35338.9303468,2021.0498,11444.64,3482.544,0.0,15602.9138532,204796.638,4551.084,252.0,19.2,0.0,0.0,0.0,0.0,277509,0.0
668,30765.6836249,2021.0498,11444.64,3482.544,0.0,21746.1605751,204796.638,4551.084,252.0,19.2,0.0,0.0,0.0,0.0,279079,0.0
669,24550.5918425,2021.0498,11444.64,3482.544,0.0,26499.2523575,204796.638,4551.084,252.0,19.2,0.0,0.0,0.0,0.0,277617,0.0
670,17139.4955568,2021.0498,11444.64,3482.544,0.0,28361.2462952,204796.638,4551.084,318.102348051,19.2,0.0,0.0,0.0,0.0,272134,0.0
671,8955.15737188,2021.0498,11444.64,3482.544,0.0,29123.8868281,204796.638,4551.084,370.8,19.2,0.0,0.0,0.0,0.0,264765,0.0
672,3129.2305,2021.0498,11444.64,3482.544,0.0,29476.8690068,204687.982693,4551.084,176.4,19.2,0.0,0.0,0.0,0.0,258989,0.0
673,3353.009,2035.48587,11444.64,3482.544,0.0,29868.8807621,200285.988368,2737.152,8.1,19.2,0.0,0.0,0.0,0.0,253235,0.0
674,3353.009,2035.48587,11444.64,3482.544,0.0,30545.8223858,193940.046744,2737.152,8.1,19.2,0.0,0.0,0.0,0.0,247566,0.0
675,3353.009,2035.48587,11444.64,3482.544,0.0,31270.0505386,191037.818591,2737.152,8.1,19.2,0.0,0.0,0.0,0.0,245388,0.0
676,3353.009,2035.48587,11444.64,3482.544,0.0,27866.5291282,196092.340002,2737.152,8.1,19.2,0.0,0.0,0.0,0.0,247039,0.0
677,3353.009,2035.48587,11444.64,3482.544,0.0,24788.5458536,201936.123276,3059.352,8.1,19.2,0.0,0.0,0.0,0.0,250127,0.0
678,3353.009,2035.48587,11444.64,3482.544,0.0,22932.9560792,208480.171051,4689.594,176.4,19.2,0.0,0.0,0.0,0.0,256614,0.0
679,7998.419587,2035.48587,11444.64,3482.544,0.0,21891.468543,211561.938,5220.504,370.8,19.2,0.0,0.0,0.0,0.0,264025,0.0
680,13178.1774215,2035.48587,11444.64,3482.544,1519.47982065,21604.2308879,211561.938,5220.504,370.8,19.2,0.0,0.0,0.0,0.0,270437,0.0
681,12133.432048,2035.48587,11444.64,3482.544,10697.197139,17473.258943,211561.938,5220.504,370.8,19.2,0.0,0.0,0.0,0.0,274439,0.0
682,5495.38138177,2035.48587,11444.64,3482.544,20629.9482085,15465.5585398,211561.938,5220.504,370.8,19.2,0.0,0.0,0.0,0.0,275726,0.0
683,3353.009,2035.48587,11444.64,3482.544,28954.3645423,17451.2347691,203145.584819,3180.537,176.4,19.2,0.0,0.0,0.0,0.0,273243,0.0
684,3353.009,2035.48587,11444.64,3482.544,34331.5446848,15042.5248621,197356.799583,2737.152,8.1,19.2,0.0,0.0,0.0,0.0,269811,0.0
685,3353.009,2035.48587,11444.64,3482.544,36308.3524472,10377.4711756,196867.045507,2737.152,8.1,19.2,0.0,0.0,0.0,0.0,266633,0.0
686,3353.009,2035.48587,11444.64,3482.544,35665.7035623,6720.93801395,198727.227554,2737.152,8.1,19.2,0.0,0.0,0.0,0.0,264194,0.0
687,3353.009,2035.48587,11444.64,3482.544,31798.5435325,5328.69548633,202053.7935,3059.352,152.736611172,19.2,0.0,0.0,0.0,0.0,262728,0.0
688,3353.009,2035.48587,11444.64,3482.544,27385.7215915,5022.40174025,205890.999798,4595.598,176.4,19.2,0.0,0.0,0.0,0.0,263406,0.0
689,9512.11794703,2035.48587,11444.64,3482.544,18781.5734553,5688.19672772,211561.938,5220.504,370.8,19.2,0.0,0.0,0.0,0.0,268117,0.0
690,27038.0206037,2035.48587,11444.64,3482.544,6342.39436196,7026.47316436,211561.938,5220.504,370.8,19.2,0.0,0.0,0.0,0.0,274542,0.0
691,34672.2537509,2035.48587,11444.64,3482.544,0.0,10481.6343791,211561.938,5220.504,370.8,19.2,0.0,0.0,0.0,0.0,279289,0.0
692,32249.6363112,2035.48587,11444.64,3482.544,0.0,15573.6399207,211561.938,5220.504,299.411898088,19.2,0.0,0.0,0.0,0.0,281887,0.0
693,27629.0419043,2035.48587,11444.64,3482.544,0.0,19117.8462257,211561.938,5220.504,370.8,19.2,0.0,0.0,0.0,0.0,280882,0.0
694,20125.6031424,2035.48587,11444.64,3482.544,0.0,20888.2849876,211561.938,5220.504,370.8,19.2,0.0,0.0,0.0,0.0,275149,0.0
695,11514.6638531,2035.48587,11444.64,3482.544,0.0,20855.2242769,211561.938,5220.504,370.8,19.2,0.0,0.0,0.0,0.0,266505,0.0
696,3995.80994908,2035.48587,11444.64,3482.544,0.0,20348.0781809,211561.938,5220.504,370.8,19.2,0.0,0.0,0.0,0.0,258479,0.0
697,3602.467,2064.35801,11444.64,3482.544,0.0,19444.7365538,206642.056436,4595.598,176.4,19.2,0.0,0.0,0.0,0.0,251472,0.0
698,3602.467,2064.35801,11444.64,3482.544,0.0,19139.4107022,203058.443288,3180.537,176.4,19.2,0.0,0.0,0.0,0.0,246168,0.0
699,3602.467,2064.35801,11444.64,3482.544,0.0,19860.6556721,200806.383318,2894.652,8.1,19.2,0.0,0.0,0.0,0.0,244183,0.0
700,3602.467,2064.35801,11444.64,3482.544,0.0,19523.8571008,203332.996889,3180.537,176.4,19.2,0.0,0.0,0.0,0.0,246827,0.0
701,3602.467,2064.35801,11444.64,3482.544,0.0,19287.1152564,207442.681734,4689.594,176.4,19.2,0.0,0.0,0.0,0.0,252209,0.0
702,6431.64222788,2064.35801,11444.64,3482.544,0.0,19687.7627621,211246.938,5220.504,570.411,19.2,0.0,0.0,0.0,0.0,260168,0.0
703,13270.0265794,2064.35801,11444.64,3482.544,0.0,20115.8784106,211246.938,5220.504,484.911,19.2,0.0,0.0,0.0,0.0,267349,0.0
704,17455.5024454,2064.35801,11444.64,3482.544,1564.29474851,20258.1077961,211246.938,5220.504,484.911,19.2,0.0,0.0,0.0,0.0,273241,0.0
705,13805.4201982,2064.35801,11444.64,3482.544,10557.2840661,18943.2007257,211246.938,5220.504,484.911,19.2,0.0,0.0,0.0,0.0,277269,0.0
706,3602.467,2064.35801,11444.64,3482.544,20824.2195818,21224.2524638,210942.524944,4885.794,252.0,19.2,0.0,0.0,0.0,0.0,278742,0.0
707,3602.467,2064.35801,11444.64,3482.544,29245.4020765,25639.5710804,197721.565833,2737.152,8.1,19.2,0.0,0.0,0.0,0.0,275965,0.0
708,3602.467,2064.35801,11444.64,3482.544,35146.0518754,27642.1729128,186359.314202,2737.152,8.1,19.2,0.0,0.0,0.0,0.0,272506,0.0
709,3602.467,2064.35801,11444.64,3482.544,37745.9230229,22624.3299464,185569.286021,2737.152,8.1,19.2,0.0,0.0,0.0,0.0,269298,0.0
710,3602.467,2064.35801,11444.64,3482.544,36546.3736481,16247.2226636,191229.942678,2737.152,8.1,19.2,0.0,0.0,0.0,0.0,267382,0.0
711,3602.467,2064.35801,11444.64,3482.544,31832.3830589,12459.1464553,198481.009476,2737.152,8.1,19.2,0.0,0.0,0.0,0.0,266131,0.0
712,3602.467,2064.35801,11444.64,3482.544,26621.7994248,9636.76491707,205177.1085,4536.7181481,176.4,19.2,0.0,0.0,0.0,0.0,266762,0.0
713,10400.2043336,2064.35801,11444.64,3482.544,17962.7709732,8415.34521128,211246.938,5220.504,544.49547193,19.2,0.0,0.0,0.0,0.0,270801,0.0
714,26629.6487573,2064.35801,11444.64,3482.544,6041.23929994,9162.51693274,211246.938,5220.504,570.411,19.2,0.0,0.0,0.0,0.0,275882,0.0
715,33314.070467,2064.35801,11444.64,3482.544,0.0,12202.834523,211246.938,5220.504,484.911,19.2,0.0,0.0,0.0,0.0,279480,0.0
716,29094.7488088,2064.35801,11444.64,3482.544,0.0,18619.1561812,211246.938,5220.504,484.911,19.2,0.0,0.0,0.0,0.0,281677,0.0
717,22634.3092484,2064.35801,11444.64,3482.544,0.0,23847.5957416,211246.938,5220.504,484.911,19.2,0.0,0.0,0.0,0.0,280445,0.0
718,15943.8649648,2064.35801,11444.64,3482.544,0.0,24531.5400252,211246.938,5220.504,570.411,19.2,0.0,0.0,0.0,0.0,274524,0.0
719,9346.00620616,2064.35801,11444.64,3482.544,0.0,23281.3987838,211246.938,5220.504,570.411,19.2,0.0,0.0,0.0,0.0,266676,0.0
720,4223.6176631,2064.35801,11444.64,3482.544,0.0,21894.2873269,211246.938,5220.504,484.911,19.2,0.0,0.0,0.0,0.0,260081,0.0
721,5722.26577076,2078.79408,11444.64,3482.544,0.0,20964.8341492,205615.638,4551.084,252.0,19.2,0.0,0.0,0.0,0.0,254131,0.0
722,3778.555,2078.79408,11444.64,3482.544,0.0,20607.3272965,203472.655624,4354.884,176.4,19.2,0.0,0.0,0.0,0.0,249415,0.0
723,3778.555,2078.79408,11444.64,3482.544,0.0,20760.0711218,201410.907798,4260.888,176.4,19.2,0.0,0.0,0.0,0.0,247412,0.0
724,3778.555,2078.79408,11444.64,3482.544,0.0,21938.3193747,201507.659545,4260.888,176.4,19.2,0.0,0.0,0.0,0.0,248687,0.0
725,3778.555,2078.79408,11444.64,3482.544,0.0,23237.0420379,204559.938,4355.88688213,176.4,19.2,0.0,0.0,0.0,0.0,253133,0.0
726,8332.29897288,2078.79408,11444.64,3482.544,0.0,24719.8009471,205615.638,4551.084,252.0,19.2,0.0,0.0,0.0,0.0,260496,0.0
727,13894.6495308,2078.79408,11444.64,3482.544,0.0,26144.4503892,205615.638,4551.084,252.0,19.2,0.0,0.0,0.0,0.0,267483,0.0
728,17749.332333,2078.79408,11444.64,3482.544,1647.87472664,27070.8365845,205615.638,4551.084,356.056275825,19.2,0.0,0.0,0.0,0.0,274016,0.0
729,16950.5095709,2078.79408,11444.64,3482.544,10648.751397,24526.8389521,205615.638,4551.084,252.0,19.2,0.0,0.0,0.0,0.0,279570,0.0
730,8910.80079777,2078.79408,11444.64,3482.544,20840.7160198,24500.5831025,205615.638,4551.084,252.0,19.2,0.0,0.0,0.0,0.0,281696,0.0
731,3778.555,2078.79408,11444.64,3482.544,29222.6560288,27760.3999359,198481.983955,2845.827,176.4,19.2,0.0,0.0,0.0,0.0,279291,0.0
732,3778.555,2078.79408,11444.64,3482.544,34808.3614455,24515.9482145,193470.41526,2402.442,8.1,19.2,0.0,0.0,0.0,0.0,276009,0.0
733,3778.555,2078.79408,11444.64,3482.544,37523.2194352,18545.9203006,193927.585184,2402.442,8.1,19.2,0.0,0.0,0.0,0.0,273211,0.0
734,3778.555,2078.79408,11444.64,3482.544,37493.1572158,14351.7331178,196478.834586,2402.442,8.1,19.2,0.0,0.0,0.0,0.0,271538,0.0
735,3778.555,2078.79408,11444.64,3482.544,34600.8223324,11678.9878227,200075.229765,2845.827,176.4,19.2,0.0,0.0,0.0,0.0,270181,0.0
736,3778.555,2078.79408,11444.64,3482.544,28971.1777016,11885.9516376,204076.853581,4354.884,176.4,19.2,0.0,0.0,0.0,0.0,270269,0.0
737,12898.5540296,2078.79408,11444.64,3482.544,20228.1175594,13633.428331,205615.638,4551.084,252.0,19.2,0.0,0.0,0.0,0.0,274204,0.0
738,28865.9282797,2078.79408,11444.64,3482.544,6768.67383395,16606.4978064,205615.638,4551.084,252.0,19.2,0.0,0.0,0.0,0.0,279685,0.0
739,34602.4615911,2078.79408,11444.64,3482.544,0.0,20601.6383289,205615.638,4551.084,252.0,19.2,0.0,0.0,0.0,0.0,282648,0.0
740,27305.8201857,2078.79408,11444.64,3482.544,0.0,28651.2797343,205615.638,4551.084,252.0,19.2,0.0,0.0,0.0,0.0,283401,0.0
741,18266.6552021,2078.79408,11444.64,3482.544,0.0,35412.4447179,205615.638,4551.084,252.0,19.2,0.0,0.0,0.0,0.0,281123,0.0
742,6936.72963581,2078.79408,11444.64,3482.544,0.0,40168.3702842,205615.638,4551.084,252.0,19.2,0.0,0.0,0.0,0.0,274549,0.0
743,3778.555,2078.79408,11444.64,3482.544,0.0,43717.9683582,198278.071562,2845.827,176.4,19.2,0.0,0.0,0.0,0.0,265822,0.0
744,3778.555,2078.79408,11444.64,3482.544,0.0,45554.1274437,189384.597476,2402.442,8.1,19.2,0.0,0.0,0.0,0.0,258153,0.0
745,3961.98,2122.10229,11444.64,3504.868,0.0,46397.3333153,181738.334395,2402.442,8.1,19.2,0.0,0.0,0.0,0.0,251599,0.0
746,3961.98,2122.10229,11444.64,3504.868,0.0,46862.7218503,176239.94586,2402.442,8.1,19.2,0.0,0.0,0.0,0.0,246566,0.0
747,3961.98,2122.10229,11444.64,3504.868,0.0,47066.1891852,173749.478525,2402.442,8.1,19.2,0.0,0.0,0.0,0.0,244279,0.0
748,3961.98,2122.10229,11444.64,3504.868,0.0,45394.2565592,176825.411151,2402.442,8.1,19.2,0.0,0.0,0.0,0.0,245683,0.0
749,3961.98,2122.10229,11444.64,3504.868,0.0,43441.3212423,183455.346468,2402.442,8.1,19.2,0.0,0.0,0.0,0.0,250360,0.0
750,3961.98,2122.10229,11444.64,3504.868,0.0,41274.0836525,192583.899058,2845.827,176.4,19.2,0.0,0.0,0.0,0.0,257933,0.0
751,6802.15951223,2122.10229,11444.64,3504.868,0.0,39938.9731978,197080.173,4551.084,370.8,19.2,0.0,0.0,0.0,0.0,265834,0.0
752,15243.6033356,2122.10229,11444.64,3504.868,1679.63597234,37807.6934021,197080.173,4551.084,252.0,19.2,0.0,0.0,0.0,0.0,273705,0.0
753,17064.96914,2122.10229,11444.64,3504.868,10710.9907081,33640.9728619,197080.173,4551.084,252.0,19.2,0.0,0.0,0.0,0.0,280391,0.0
754,8926.68441746,2122.10229,11444.64,3504.868,20156.7478085,35247.1373646,197080.173,4551.084,313.363119444,19.2,0.0,0.0,0.0,0.0,283366,0.0
755,3961.98,2122.10229,11444.64,3504.868,28413.8089877,37654.6559784,191241.702744,2559.942,8.1,19.2,0.0,0.0,0.0,0.0,280931,0.0
756,3961.98,2122.10229,11444.64,3504.868,32767.6149476,33633.981002,186515.07176,2402.442,8.1,19.2,0.0,0.0,0.0,0.0,276380,0.0
757,3961.98,2122.10229,11444.64,3504.868,34808.0214738,26099.9943438,187637.651892,2402.442,8.1,19.2,0.0,0.0,0.0,0.0,272009,0.0
758,3961.98,2122.10229,11444.64,3504.868,33901.2008379,19843.9379678,191377.028904,2559.942,8.1,19.2,0.0,0.0,0.0,0.0,268743,0.0
759,3961.98,2122.10229,11444.64,3504.868,31724.5061414,14892.9844184,194990.373,3227.94615019,176.4,19.2,0.0,0.0,0.0,0.0,266065,0.0
760,8871.46427743,2122.10229,11444.64,3504.868,24216.1652164,13164.5032162,197080.173,4551.084,370.8,19.2,0.0,0.0,0.0,0.0,265345,0.0
761,19409.2026262,2122.10229,11444.64,3504.868,16361.5430178,13592.387066,197080.173,4551.084,370.8,19.2,0.0,0.0,0.0,0.0,268456,0.0
762,32267.6994745,2122.10229,11444.64,3504.868,6033.64609826,15797.7871372,197080.173,4551.084,370.8,19.2,0.0,0.0,0.0,0.0,273192,0.0
763,36500.6588266,2122.10229,11444.64,3504.868,0.0,20190.4738834,197080.173,4551.084,370.8,19.2,0.0,0.0,0.0,0.0,275784,0.0
764,26927.8775002,2122.10229,11444.64,3504.868,0.0,30716.2552098,197080.173,4551.084,370.8,19.2,0.0,0.0,0.0,0.0,276737,0.0
765,16084.9461898,2122.10229,11444.64,3504.868,0.0,40354.1865202,197080.173,4551.084,370.8,19.2,0.0,0.0,0.0,0.0,275532,0.0
766,6173.66059991,2122.10229,11444.64,3504.868,0.0,44861.4721101,197080.173,4551.084,370.8,19.2,0.0,0.0,0.0,0.0,270128,0.0
767,3961.98,2122.10229,11444.64,3504.868,0.0,45326.3668479,192941.615862,2845.827,176.4,19.2,0.0,0.0,0.0,0.0,262343,0.0
768,3961.98,2122.10229,11444.64,3504.868,0.0,44731.1315564,187961.536154,2402.442,8.1,19.2,0.0,0.0,0.0,0.0,256156,0.0
769,4475.57,2122.10229,11444.64,3504.868,0.0,43880.3671281,183234.258,2133.89458185,8.1,19.2,0.0,0.0,0.0,0.0,250823,0.0
770,4475.57,2122.10229,11444.64,3504.868,0.0,42437.0785928,180539.195117,2112.246,8.1,19.2,0.0,0.0,0.0,0.0,246663,0.0
771,4475.57,2122.10229,11444.64,3504.868,0.0,41318.7597968,179878.513913,2112.246,8.1,19.2,0.0,0.0,0.0,0.0,244884,0.0
772,4475.57,2122.10229,11444.64,3504.868,0.0,38806.3599835,183240.413727,2269.746,8.1,19.2,0.0,0.0,0.0,0.0,245891,0.0
773,4475.57,2122.10229,11444.64,3504.868,0.0,38143.4873793,185289.101331,2555.631,176.4,19.2,0.0,0.0,0.0,0.0,247731,0.0
774,7518.65860754,2122.10229,11444.64,3504.868,0.0,38663.3271025,186181.173,2555.631,176.4,19.2,0.0,0.0,0.0,0.0,252186,0.0
775,12189.9742092,2122.10229,11444.64,3504.868,0.0,39432.0115008,186181.173,2555.631,176.4,19.2,0.0,0.0,0.0,0.0,257626,0.0
776,15636.0058789,2122.10229,11444.64,3504.868,1710.11223073,39536.8676004,186181.173,2555.631,176.4,19.2,0.0,0.0,0.0,0.0,262887,0.0
777,10861.8819631,2122.10229,11444.64,3504.868,10321.4049221,39724.6988248,186181.173,2555.631,176.4,19.2,0.0,0.0,0.0,0.0,266912,0.0
778,4475.57,2122.10229,11444.64,3504.868,20672.3040719,46337.5262577,178959.44338,2112.246,8.1,19.2,0.0,0.0,0.0,0.0,269656,0.0
779,4475.57,2122.10229,11444.64,3504.868,27975.5445166,53365.0519161,163502.677277,2112.246,8.1,19.2,0.0,0.0,0.0,0.0,268530,0.0
780,4475.57,2122.10229,11444.64,3504.868,34336.3981175,51536.834385,155942.941208,1985.346,8.1,19.2,0.0,0.0,0.0,0.0,265376,0.0
781,4475.57,2122.10229,11444.64,3504.868,37417.9955281,43200.6227206,157173.555461,1985.346,8.1,19.2,0.0,0.0,0.0,0.0,261352,0.0
782,4475.57,2122.10229,11444.64,3504.868,34815.6693218,33166.5098789,165919.094509,2112.246,8.1,19.2,0.0,0.0,0.0,0.0,257588,0.0
783,4475.57,2122.10229,11444.64,3504.868,32205.0677081,24169.8139966,174304.392005,2112.246,8.1,19.2,0.0,0.0,0.0,0.0,254366,0.0
784,4475.57,2122.10229,11444.64,3504.868,26332.2796761,20847.0522237,182368.94181,2112.246,8.1,19.2,0.0,0.0,0.0,0.0,253235,0.0
785,11934.2310352,2122.10229,11444.64,3504.868,18127.1196662,19329.4036142,186185.404394,2555.631,176.4,19.2,0.0,0.0,0.0,0.0,255399,0.0
786,29181.1756608,2122.10229,11444.64,3504.868,6270.28541977,18715.5246295,186316.173,2555.631,176.4,19.2,0.0,0.0,0.0,0.0,260306,0.0
787,36685.0,2122.10229,11444.64,3504.868,0.0,19024.8393583,186316.173,3970.692,763.911,639.774351725,0.0,0.0,0.0,0.0,264472,0.0
788,36685.0,2122.10229,11444.64,3504.868,0.0,24783.2285839,186316.173,2986.38812605,176.4,19.2,0.0,0.0,0.0,0.0,268038,0.0
789,30808.5151057,2122.10229,11444.64,3504.868,0.0,31782.4706043,186316.173,2555.631,176.4,19.2,0.0,0.0,0.0,0.0,268730,0.0
790,22133.375481,2122.10229,11444.64,3504.868,0.0,37034.610229,186316.173,2555.631,176.4,19.2,0.0,0.0,0.0,0.0,265307,0.0
791,12888.8955961,2122.10229,11444.64,3504.868,0.0,39971.0901139,186316.173,2555.631,176.4,19.2,0.0,0.0,0.0,0.0,258999,0.0
792,8724.49236248,2122.10229,11444.64,3504.868,0.0,39598.4933475,186316.173,2555.631,176.4,19.2,0.0,0.0,0.0,0.0,254462,0.0
793,4805.735,2136.53836,11444.64,3504.868,0.0,38005.2219711,187185.254669,2402.442,8.1,19.2,0.0,0.0,0.0,0.0,249512,0.0
794,4805.735,2136.53836,11444.64,3504.868,0.0,37038.6881056,184372.788534,2402.442,8.1,19.2,0.0,0.0,0.0,0.0,245733,0.0
795,4805.735,2136.53836,11444.64,3504.868,0.0,35422.9470578,184798.529582,2402.442,8.1,19.2,0.0,0.0,0.0,0.0,244543,0.0
796,4805.735,2136.53836,11444.64,3504.868,0.0,31941.1406957,189832.335944,2402.442,8.1,19.2,0.0,0.0,0.0,0.0,246095,0.0
797,4805.735,2136.53836,11444.64,3504.868,0.0,29120.4265479,197440.050092,2402.442,8.1,19.2,0.0,0.0,0.0,0.0,250882,0.0
798,4805.735,2136.53836,11444.64,3504.868,0.0,26218.7678637,205774.766776,4452.084,176.4,19.2,0.0,0.0,0.0,0.0,258533,0.0
799,14033.4068876,2136.53836,11444.64,3504.868,0.0,23426.6247524,207073.638,4551.084,252.0,19.2,0.0,0.0,0.0,0.0,266442,0.0
800,22308.519525,2136.53836,11444.64,3504.868,1735.78328611,20234.9288289,207073.638,4551.084,370.8,19.2,0.0,0.0,0.0,0.0,273380,0.0
801,21941.9224743,2136.53836,11444.64,3504.868,10839.8757478,16866.4334179,207073.638,4551.084,370.8,19.2,0.0,0.0,0.0,0.0,278749,0.0
802,16946.6250803,2136.53836,11444.64,3504.868,20779.6977329,14943.9088268,207073.638,4551.084,370.8,19.2,0.0,0.0,0.0,0.0,281771,0.0
803,8356.18433963,2136.53836,11444.64,3504.868,29056.7012473,13734.3460531,207073.638,4551.084,370.8,19.2,0.0,0.0,0.0,0.0,280248,0.0
804,4805.735,2136.53836,11444.64,3504.868,34298.6500128,10689.8802866,205505.204341,4354.884,176.4,19.2,0.0,0.0,0.0,0.0,276936,0.0
805,4805.735,2136.53836,11444.64,3504.868,37534.7836825,8759.5249404,202093.7985,3475.51151707,176.4,19.2,0.0,0.0,0.0,0.0,273951,0.0
806,4805.735,2136.53836,11444.64,3504.868,34199.26647,8208.67769472,202476.786475,4260.888,176.4,19.2,0.0,0.0,0.0,0.0,271233,0.0
807,4805.735,2136.53836,11444.64,3504.868,33508.5450663,7962.7088032,201985.7985,2872.56627054,176.4,19.2,0.0,0.0,0.0,0.0,268417,0.0
808,4805.735,2136.53836,11444.64,3504.868,29489.4563362,9374.4933189,202147.7985,3852.87048485,176.4,19.2,0.0,0.0,0.0,0.0,266952,0.0
809,7596.29503256,2136.53836,11444.64,3504.868,20559.6778437,11462.2587638,207073.638,4551.084,370.8,19.2,0.0,0.0,0.0,0.0,268719,0.0
810,22648.1735814,2136.53836,11444.64,3504.868,7294.83110964,13665.2269489,207073.638,4551.084,370.8,19.2,0.0,0.0,0.0,0.0,272709,0.0
811,31006.2745757,2136.53836,11444.64,3504.868,0.0,15373.9570643,207073.638,4551.084,370.8,19.2,0.0,0.0,0.0,0.0,275481,0.0
812,28678.925828,2136.53836,11444.64,3504.868,0.0,18612.38952,207073.638,4551.084,315.716292079,19.2,0.0,0.0,0.0,0.0,276337,0.0
813,25161.7377788,2136.53836,11444.64,3504.868,0.0,20840.4938612,207073.638,4551.084,370.8,19.2,0.0,0.0,0.0,0.0,275103,0.0
814,18906.4527645,2136.53836,11444.64,3504.868,0.0,21990.5788755,207073.638,4551.084,252.0,19.2,0.0,0.0,0.0,0.0,269879,0.0
815,11395.0417019,2136.53836,11444.64,3504.868,0.0,22293.9899381,207073.638,4551.084,252.0,19.2,0.0,0.0,0.0,0.0,262671,0.0
816,7111.40133031,2136.53836,11444.64,3504.868,0.0,21495.6303097,207073.638,4551.084,252.0,19.2,0.0,0.0,0.0,0.0,257589,0.0
817,4915.79,2165.4105,11444.64,3616.488,0.0,20909.2965672,205853.017933,3437.757,176.4,19.2,0.0,0.0,0.0,0.0,252538,0.0
818,4915.79,2165.4105,11444.64,3616.488,0.0,21150.8855838,202005.113916,2994.372,8.1,19.2,0.0,0.0,0.0,0.0,248320,0.0
819,4915.79,2165.4105,11444.64,3616.488,0.0,22529.3829902,199343.61651,2994.372,8.1,19.2,0.0,0.0,0.0,0.0,247037,0.0
820,4915.79,2165.4105,11444.64,3616.488,0.0,22108.7003991,201225.299101,2994.372,8.1,19.2,0.0,0.0,0.0,0.0,248498,0.0
821,4915.79,2165.4105,11444.64,3616.488,0.0,20517.8415088,205950.472991,3437.757,176.4,19.2,0.0,0.0,0.0,0.0,252244,0.0
822,4915.79,2165.4105,11444.64,3616.488,0.0,19321.4679596,213135.98954,5143.014,252.0,19.2,0.0,0.0,0.0,0.0,260014,0.0
823,12026.312914,2165.4105,11444.64,3616.488,0.0,17937.266586,214909.938,5734.944,370.8,19.2,0.0,0.0,0.0,0.0,268225,0.0
824,20198.6279976,2165.4105,11444.64,3616.488,1741.65795378,15848.1825486,214909.938,5734.944,484.911,19.2,0.0,0.0,0.0,0.0,276164,0.0
825,21972.1615935,2165.4105,11444.64,3616.488,10983.4251693,11147.9238637,214909.938,5734.944,375.868873458,19.2,0.0,0.0,0.0,0.0,282370,0.0
826,17838.1546944,2165.4105,11444.64,3616.488,20851.4891847,8762.93562087,214909.938,5734.944,370.8,19.2,0.0,0.0,0.0,0.0,285714,0.0
827,6567.77750947,2165.4105,11444.64,3616.488,29052.3274136,10499.4745769,214909.938,5734.944,370.8,19.2,0.0,0.0,0.0,0.0,284381,0.0
828,4915.79,2165.4105,11444.64,3616.488,34599.6193234,8824.78886667,209314.84531,4852.818,176.4,19.2,0.0,0.0,0.0,0.0,279930,0.0
829,4915.79,2165.4105,11444.64,3616.488,37250.2734113,7118.05483994,204909.986249,3437.757,176.4,19.2,0.0,0.0,0.0,0.0,275054,0.0
830,4915.79,2165.4105,11444.64,3616.488,37370.1079571,5519.96039109,203249.8935,3027.40965178,8.1,19.2,0.0,0.0,0.0,0.0,271337,0.0
831,4915.79,2165.4105,11444.64,3616.488,34798.1146229,4745.85992382,203898.524953,3151.872,8.1,19.2,0.0,0.0,0.0,0.0,268764,0.0
832,4915.79,2165.4105,11444.64,3616.488,29261.0343291,4920.49342381,207164.786747,3437.757,176.4,19.2,0.0,0.0,0.0,0.0,267122,0.0
833,5802.18386072,2165.4105,11444.64,3616.488,20447.3586994,5232.03693983,214909.938,5734.944,370.8,19.2,0.0,0.0,0.0,0.0,269743,0.0
834,22915.2633865,2165.4105,11444.64,3616.488,7695.78927147,5528.52684205,214909.938,5734.944,370.8,19.2,0.0,0.0,0.0,0.0,274401,0.0
835,31552.2047172,2165.4105,11444.64,3616.488,0.0,7442.37478278,214909.938,5734.944,370.8,19.2,0.0,0.0,0.0,0.0,277256,0.0
836,29207.6370963,2165.4105,11444.64,3616.488,0.0,11140.9424037,214909.938,5734.944,370.8,19.2,0.0,0.0,0.0,0.0,278610,0.0
837,25481.0536306,2165.4105,11444.64,3616.488,0.0,13958.5258694,214909.938,5734.944,370.8,19.2,0.0,0.0,0.0,0.0,277701,0.0
838,20146.4892304,2165.4105,11444.64,3616.488,0.0,14622.0902696,214909.938,5734.944,370.8,19.2,0.0,0.0,0.0,0.0,273030,0.0
839,13046.6669691,2165.4105,11444.64,3616.488,0.0,14366.9125309,214909.938,5734.944,370.8,19.2,0.0,0.0,0.0,0.0,265675,0.0
840,8125.82230021,2165.4105,11444.64,3616.488,0.0,13935.7571998,214909.938,5734.944,370.8,19.2,0.0,0.0,0.0,0.0,260323,0.0
841,4879.105,2208.71871,11444.64,3571.84,0.0,13097.6744989,213458.597791,5284.224,252.0,19.2,0.0,0.0,0.0,0.0,254216,0.0
842,4879.105,2208.71871,11444.64,3571.84,0.0,11869.3295328,210391.252757,4850.514,176.4,19.2,0.0,0.0,0.0,0.0,249411,0.0
843,4879.105,2208.71871,11444.64,3571.84,0.0,11085.0989235,208606.679367,4659.318,176.4,19.2,0.0,0.0,0.0,0.0,246651,0.0
844,4879.105,2208.71871,11444.64,3571.84,0.0,10485.1283591,210237.498,4813.46993091,176.4,19.2,0.0,0.0,0.0,0.0,247836,0.0
845,4879.105,2208.71871,11444.64,3571.84,0.0,9863.4850188,213726.438,5347.944,326.629271202,19.2,0.0,0.0,0.0,0.0,251388,0.0
846,11810.495991,2208.71871,11444.64,3571.84,0.0,9255.72329902,213726.438,5347.944,252.0,19.2,0.0,0.0,0.0,0.0,257637,0.0
847,18892.6002999,2208.71871,11444.64,3571.84,0.0,8855.61899014,213726.438,5347.944,252.0,19.2,0.0,0.0,0.0,0.0,264319,0.0
848,23796.0336694,2208.71871,11444.64,3571.84,1753.60069161,8726.58492902,213726.438,5347.944,252.0,19.2,0.0,0.0,0.0,0.0,270847,0.0
849,20628.7883802,2208.71871,11444.64,3571.84,10918.4748752,6664.95603452,213726.438,5347.944,252.0,19.2,0.0,0.0,0.0,0.0,274783,0.0
850,15872.6219308,2208.71871,11444.64,3571.84,20649.900634,3278.69672523,213726.438,5347.944,252.0,19.2,0.0,0.0,0.0,0.0,276372,0.0
851,6712.04197826,2208.71871,11444.64,3571.84,28932.7461078,3003.02150383,213726.438,5347.944,321.409700092,19.2,0.0,0.0,0.0,0.0,275288,0.0
852,4879.105,2208.71871,11444.64,3571.84,34020.6182658,3540.56012572,208762.2585,4748.65939844,176.4,19.2,0.0,0.0,0.0,0.0,273372,0.0
853,4879.105,2208.71871,11444.64,3571.84,37558.6247284,4801.42700562,204790.787556,3244.257,176.4,19.2,0.0,0.0,0.0,0.0,272695,0.0
854,4879.105,2208.71871,11444.64,3571.84,37412.18323,6386.01843179,202832.822628,2958.372,8.1,19.2,0.0,0.0,0.0,0.0,271721,0.0
855,4879.105,2208.71871,11444.64,3571.84,35071.7873263,7631.27840107,202421.4435,2860.88706264,8.1,19.2,0.0,0.0,0.0,0.0,270117,0.0
856,4879.105,2208.71871,11444.64,3571.84,29502.4992988,9718.32885001,205575.011141,3244.257,176.4,19.2,0.0,0.0,0.0,0.0,270340,0.0
857,4914.87159301,2208.71871,11444.64,3571.84,20628.7929145,11668.5547825,213726.438,5347.944,252.0,19.2,0.0,0.0,0.0,0.0,273783,0.0
858,18723.3232541,2208.71871,11444.64,3571.84,7876.12659239,13997.9694435,213726.438,5347.944,370.8,19.2,0.0,0.0,0.0,0.0,277287,0.0
859,26346.2743756,2208.71871,11444.64,3571.84,0.0,17059.1449144,213726.438,5347.944,370.8,19.2,0.0,0.0,0.0,0.0,280095,0.0
860,24308.9726591,2208.71871,11444.64,3571.84,0.0,21247.4466309,213726.438,5347.944,370.8,19.2,0.0,0.0,0.0,0.0,282246,0.0
861,22803.8344764,2208.71871,11444.64,3571.84,0.0,22385.5848136,213726.438,5347.944,370.8,19.2,0.0,0.0,0.0,0.0,281879,0.0
862,19778.7703996,2208.71871,11444.64,3571.84,0.0,20346.4488904,213726.438,5347.944,252.0,19.2,0.0,0.0,0.0,0.0,276696,0.0
863,14799.9326839,2208.71871,11444.64,3571.84,0.0,17200.2866061,213726.438,5347.944,252.0,19.2,0.0,0.0,0.0,0.0,268571,0.0
864,10774.4342088,2208.71871,11444.64,3571.84,0.0,14759.7850812,213726.438,5347.944,252.0,19.2,0.0,0.0,0.0,0.0,262105,0.0
865,13990.8590946,2266.46299,11444.64,3549.516,0.0,13426.5999154,206209.638,4551.084,252.0,19.2,0.0,0.0,0.0,0.0,255710,0.0
866,9150.84998868,2266.46299,11444.64,3549.516,0.0,13163.6090213,206209.638,4551.084,252.0,19.2,0.0,0.0,0.0,0.0,250607,0.0
867,5490.40028055,2266.46299,11444.64,3549.516,0.0,13843.2587295,206209.638,4551.084,370.8,19.2,0.0,0.0,0.0,0.0,247745,0.0
868,6746.35086727,2266.46299,11444.64,3549.516,0.0,13666.3081427,206209.638,4551.084,370.8,19.2,0.0,0.0,0.0,0.0,248824,0.0
869,10200.072114,2266.46299,11444.64,3549.516,0.0,14093.586896,206209.638,4551.084,370.8,19.2,0.0,0.0,0.0,0.0,252705,0.0
870,16128.5411556,2266.46299,11444.64,3549.516,0.0,14781.9178544,206209.638,4551.084,252.0,19.2,0.0,0.0,0.0,0.0,259203,0.0
871,23144.5452391,2266.46299,11444.64,3549.516,0.0,14744.1137709,206209.638,4551.084,370.8,19.2,0.0,0.0,0.0,0.0,266300,0.0
872,28459.096607,2266.46299,11444.64,3549.516,1784.26898908,14981.0934139,206209.638,4551.084,252.0,19.2,0.0,0.0,0.0,0.0,273517,0.0
873,27922.7357041,2266.46299,11444.64,3549.516,10903.3562454,11445.3670605,206209.638,4551.084,252.0,19.2,0.0,0.0,0.0,0.0,278564,0.0
874,24483.7475243,2266.46299,11444.64,3549.516,20359.5954065,7530.31607921,206209.638,4551.084,370.8,19.2,0.0,0.0,0.0,0.0,280785,0.0
875,11573.2023355,2266.46299,11444.64,3549.516,27033.5175449,12585.455132,206209.638,4551.084,353.283997658,19.2,0.0,0.0,0.0,0.0,279586,0.0
876,4879.105,2266.46299,11444.64,3549.516,32343.8238666,16112.6417343,202806.322409,4260.888,176.4,19.2,0.0,0.0,0.0,0.0,277859,0.0
877,4879.105,2266.46299,11444.64,3549.516,37405.5875169,18507.9045183,195309.041975,2402.442,8.1,19.2,0.0,0.0,0.0,0.0,275792,0.0
878,4879.105,2266.46299,11444.64,3549.516,37354.0205602,20755.6032473,190895.910202,2402.442,8.1,19.2,0.0,0.0,0.0,0.0,273575,0.0
879,4879.105,2266.46299,11444.64,3549.516,35284.2703805,23614.1381785,187931.125451,2402.442,8.1,19.2,0.0,0.0,0.0,0.0,271399,0.0
880,4879.105,2266.46299,11444.64,3549.516,29984.5127746,25988.4173827,189245.603853,2402.442,8.1,19.2,0.0,0.0,0.0,0.0,269788,0.0
881,4879.105,2266.46299,11444.64,3549.516,20961.1052495,27796.3719298,198572.616831,2775.582,176.4,19.2,0.0,0.0,0.0,0.0,272441,0.0
882,10084.4219216,2266.46299,11444.64,3549.516,7698.92676688,31133.3103215,206209.638,4551.084,370.8,19.2,0.0,0.0,0.0,0.0,277328,0.0
883,17739.8090687,2266.46299,11444.64,3549.516,0.0,34709.8499413,206209.638,4551.084,370.8,19.2,0.0,0.0,0.0,0.0,280861,0.0
884,17482.2420534,2266.46299,11444.64,3549.516,0.0,37309.2169566,206209.638,4551.084,252.0,19.2,0.0,0.0,0.0,0.0,283084,0.0
885,15987.1624751,2266.46299,11444.64,3549.516,0.0,37784.4965349,206209.638,4551.084,370.8,19.2,0.0,0.0,0.0,0.0,282183,0.0
886,11337.1694704,2266.46299,11444.64,3549.516,0.0,36072.2895396,206209.638,4551.084,252.0,19.2,0.0,0.0,0.0,0.0,275702,0.0
887,4879.105,2266.46299,11444.64,3549.516,0.0,34651.9475728,204206.844437,4354.884,176.4,19.2,0.0,0.0,0.0,0.0,265549,0.0
888,4879.105,2266.46299,11444.64,3549.516,0.0,31935.4591283,199886.389882,2845.827,176.4,19.2,0.0,0.0,0.0,0.0,257003,0.0
889,4805.735,2309.7712,11444.64,3482.544,0.0,28180.7946286,194268.027171,4161.888,176.4,19.2,0.0,0.0,0.0,0.0,248849,0.0
890,4805.735,2309.7712,11444.64,3482.544,0.0,24275.3689921,193488.513808,2746.827,176.4,19.2,0.0,0.0,0.0,0.0,242749,0.0
891,4805.735,2309.7712,11444.64,3482.544,0.0,21091.3721246,193108.510675,2746.827,176.4,19.2,0.0,0.0,0.0,0.0,239185,0.0
892,4805.735,2309.7712,11444.64,3482.544,0.0,18582.0656936,194692.756106,4161.888,176.4,19.2,0.0,0.0,0.0,0.0,239675,0.0
893,9010.68092345,2309.7712,11444.64,3482.544,0.0,17222.9068766,195649.173,4353.084,252.0,19.2,0.0,0.0,0.0,0.0,243744,0.0
894,16598.3932441,2309.7712,11444.64,3482.544,0.0,16196.1945559,195649.173,4353.084,252.0,19.2,0.0,0.0,0.0,0.0,250305,0.0
895,24831.4226817,2309.7712,11444.64,3482.544,0.0,15766.1651183,195649.173,4353.084,252.0,19.2,0.0,0.0,0.0,0.0,258108,0.0
896,32000.1534891,2309.7712,11444.64,3482.544,1801.99440414,15122.0399068,195649.173,4353.084,176.4,19.2,0.0,0.0,0.0,0.0,266359,0.0
897,32443.2498166,2309.7712,11444.64,3482.544,11026.2491183,12633.6230562,195649.173,4353.084,202.46580894,19.2,0.0,0.0,0.0,0.0,273564,0.0
898,27621.8657711,2309.7712,11444.64,3482.544,21074.6519221,10826.0701068,195649.173,4353.084,252.0,19.2,0.0,0.0,0.0,0.0,277033,0.0
899,15205.4785242,2309.7712,11444.64,3482.544,29369.3985325,14137.7107433,195649.173,4353.084,252.0,19.2,0.0,0.0,0.0,0.0,276223,0.0
900,4805.735,2309.7712,11444.64,3482.544,35155.8993854,16952.164227,195349.758188,4161.888,176.4,19.2,0.0,0.0,0.0,0.0,273858,0.0
901,4805.735,2309.7712,11444.64,3482.544,38058.4193124,20802.7409774,187676.40751,2303.442,8.1,19.2,0.0,0.0,0.0,0.0,270911,0.0
902,4805.735,2309.7712,11444.64,3482.544,38360.8460016,24457.4028498,180175.318949,2303.442,8.1,19.2,0.0,0.0,0.0,0.0,267367,0.0
903,4805.735,2309.7712,11444.64,3482.544,35683.8115333,27890.5402906,176996.215976,2303.442,8.1,19.2,0.0,0.0,0.0,0.0,264944,0.0
904,4805.735,2309.7712,11444.64,3482.544,30133.4730973,31211.8611718,178975.233531,2303.442,8.1,19.2,0.0,0.0,0.0,0.0,264694,0.0
905,4805.735,2309.7712,11444.64,3482.544,21170.6838611,34292.163533,188347.720406,2303.442,8.1,19.2,0.0,0.0,0.0,0.0,268184,0.0
906,10993.8290923,2309.7712,11444.64,3482.544,7828.41003011,37637.3486776,195649.173,4353.084,252.0,19.2,0.0,0.0,0.0,0.0,273970,0.0
907,21028.9318692,2309.7712,11444.64,3482.544,0.0,39950.6559308,195649.173,4353.084,252.0,19.2,0.0,0.0,0.0,0.0,278490,0.0
908,18723.3153353,2309.7712,11444.64,3482.544,0.0,45166.2724647,195649.173,4353.084,252.0,19.2,0.0,0.0,0.0,0.0,281400,0.0
909,14171.0029807,2309.7712,11444.64,3482.544,0.0,49749.5848193,195649.173,4353.084,252.0,19.2,0.0,0.0,0.0,0.0,281431,0.0
910,8656.90217227,2309.7712,11444.64,3482.544,0.0,50900.6856277,195649.173,4353.084,252.0,19.2,0.0,0.0,0.0,0.0,277068,0.0
911,4805.735,2309.7712,11444.64,3482.544,0.0,48899.6252865,194204.673,3453.4115135,176.4,19.2,0.0,0.0,0.0,0.0,268796,0.0
912,4805.735,2309.7712,11444.64,3482.544,0.0,45770.6583039,191033.469496,2676.582,176.4,19.2,0.0,0.0,0.0,0.0,261719,0.0
913,4585.625,2324.20727,11444.64,3437.896,0.0,41332.7861164,189097.103614,2402.442,8.1,19.2,0.0,0.0,0.0,0.0,254652,0.0
914,4585.625,2324.20727,11444.64,3437.896,0.0,36062.0140984,189361.875632,2402.442,8.1,19.2,0.0,0.0,0.0,0.0,249646,0.0
915,4585.625,2324.20727,11444.64,3437.896,0.0,31251.7090436,191325.180686,2402.442,8.1,19.2,0.0,0.0,0.0,0.0,246799,0.0
916,4585.625,2324.20727,11444.64,3437.896,0.0,27002.8941735,195479.310556,2845.827,176.4,19.2,0.0,0.0,0.0,0.0,247316,0.0
917,5495.37967021,2324.20727,11444.64,3437.896,0.0,23896.8200598,199493.973,4551.084,370.8,19.2,0.0,0.0,0.0,0.0,251034,0.0
918,14609.0802523,2324.20727,11444.64,3437.896,0.0,21640.9194777,199493.973,4551.084,252.0,19.2,0.0,0.0,0.0,0.0,257773,0.0
919,23774.078275,2324.20727,11444.64,3437.896,0.0,20108.121455,199493.973,4551.084,370.8,19.2,0.0,0.0,0.0,0.0,265524,0.0
920,30699.6605614,2324.20727,11444.64,3437.896,1820.10078624,19352.4383824,199493.973,4551.084,370.8,19.2,0.0,0.0,0.0,0.0,273514,0.0
921,33662.2510107,2324.20727,11444.64,3437.896,11185.940107,13724.0086123,199493.973,4551.084,370.8,19.2,0.0,0.0,0.0,0.0,280214,0.0
922,29897.8612433,2324.20727,11444.64,3437.896,21235.6351415,10749.5033452,199493.973,4551.084,252.0,19.2,0.0,0.0,0.0,0.0,283406,0.0
923,20463.1367822,2324.20727,11444.64,3437.896,29439.9427327,9968.92021505,199493.973,4551.084,252.0,19.2,0.0,0.0,0.0,0.0,281395,0.0
924,12391.3749986,2324.20727,11444.64,3437.896,34843.3309265,7927.49380485,199493.973,4551.084,370.8,19.2,0.0,0.0,0.0,0.0,276804,0.0
925,4724.67403745,2324.20727,11444.64,3437.896,37760.9460577,7625.37963484,199493.973,4551.084,252.0,19.2,0.0,0.0,0.0,0.0,271634,0.0
926,4585.625,2324.20727,11444.64,3437.896,37942.178231,8774.9988518,195844.027647,2845.827,176.4,19.2,0.0,0.0,0.0,0.0,267395,0.0
927,4585.625,2324.20727,11444.64,3437.896,35500.1619811,11290.3078484,192819.9199,2559.942,8.1,19.2,0.0,0.0,0.0,0.0,263990,0.0
928,4585.625,2324.20727,11444.64,3437.896,30086.1958459,15203.2448418,192468.949042,2559.942,8.1,19.2,0.0,0.0,0.0,0.0,262138,0.0
929,4585.625,2324.20727,11444.64,3437.896,21242.9613074,19956.1620252,196948.488397,3891.42,176.4,19.2,0.0,0.0,0.0,0.0,264027,0.0
930,13931.2394635,2324.20727,11444.64,3437.896,7895.301225,25165.666994,199493.973,4551.084,262.792047502,19.2,0.0,0.0,0.0,0.0,268526,0.0
931,20610.2432322,2324.20727,11444.64,3437.896,0.0,29338.7564978,199493.973,4551.084,252.0,19.2,0.0,0.0,0.0,0.0,271472,0.0
932,15771.1678868,2324.20727,11444.64,3437.896,0.0,36124.0318432,199493.973,4551.084,370.8,19.2,0.0,0.0,0.0,0.0,273537,0.0
933,11583.2475677,2324.20727,11444.64,3437.896,0.0,40381.7521623,199493.973,4551.084,252.0,19.2,0.0,0.0,0.0,0.0,273488,0.0
934,5484.40091861,2324.20727,11444.64,3437.896,0.0,42695.7988114,199493.973,4551.084,370.8,19.2,0.0,0.0,0.0,0.0,269822,0.0
935,4585.625,2324.20727,11444.64,3437.896,0.0,44025.5823966,194185.622333,2845.827,176.4,19.2,0.0,0.0,0.0,0.0,263045,0.0
936,4585.625,2324.20727,11444.64,3437.896,0.0,43791.1385391,189869.751191,2402.442,8.1,19.2,0.0,0.0,0.0,0.0,257883,0.0
937,4475.57,2338.64334,11444.64,3437.896,0.0,42359.4178375,185644.090822,2303.442,8.1,19.2,0.0,0.0,0.0,0.0,252031,0.0
938,4475.57,2338.64334,11444.64,3437.896,0.0,39385.2187687,183915.289891,2303.442,8.1,19.2,0.0,0.0,0.0,0.0,247328,0.0
939,4475.57,2338.64334,11444.64,3437.896,0.0,36027.479396,184827.029264,2303.442,8.1,19.2,0.0,0.0,0.0,0.0,244882,0.0
940,4475.57,2338.64334,11444.64,3437.896,0.0,31496.2836431,190043.025017,2625.642,8.1,19.2,0.0,0.0,0.0,0.0,245889,0.0
941,4475.57,2338.64334,11444.64,3437.896,0.0,28006.093629,193668.669031,4161.888,176.4,19.2,0.0,0.0,0.0,0.0,247729,0.0
942,10300.9239061,2338.64334,11444.64,3437.896,0.0,25487.0147539,194659.173,4319.109,176.4,19.2,0.0,0.0,0.0,0.0,252183,0.0
943,17626.7826129,2338.64334,11444.64,3437.896,0.0,23602.1560471,194659.173,4319.109,176.4,19.2,0.0,0.0,0.0,0.0,257624,0.0
944,23193.3518745,2338.64334,11444.64,3437.896,1864.2890417,21437.2977438,194659.173,4319.109,176.4,19.2,0.0,0.0,0.0,0.0,262890,0.0
945,24292.6299825,2338.64334,11444.64,3437.896,11285.9995243,14939.3091532,194659.173,4319.109,176.4,19.2,0.0,0.0,0.0,0.0,266913,0.0
946,20524.4596705,2338.64334,11444.64,3437.896,21428.9264341,11306.5525554,194659.173,4319.109,176.4,19.2,0.0,0.0,0.0,0.0,269655,0.0
947,11172.0291649,2338.64334,11444.64,3437.896,29892.7876687,11067.1218264,194659.173,4319.109,176.4,19.2,0.0,0.0,0.0,0.0,268527,0.0
948,4475.57,2338.64334,11444.64,3437.896,35480.1207879,10245.9847285,193590.657144,4161.888,176.4,19.2,0.0,0.0,0.0,0.0,265371,0.0
949,4475.57,2338.64334,11444.64,3437.896,38312.806274,10548.1414983,188454.560888,2303.442,8.1,19.2,0.0,0.0,0.0,0.0,261343,0.0
950,4475.57,2338.64334,11444.64,3437.896,38300.0663929,12608.3573009,182648.084966,2303.442,8.1,19.2,0.0,0.0,0.0,0.0,257584,0.0
951,4475.57,2338.64334,11444.64,3437.896,35681.4246766,15678.2351218,178974.848862,2303.442,8.1,19.2,0.0,0.0,0.0,0.0,254362,0.0
952,4475.57,2338.64334,11444.64,3437.896,30305.8341012,20111.5825352,178787.092024,2303.442,8.1,19.2,0.0,0.0,0.0,0.0,253232,0.0
953,4475.57,2338.64334,11444.64,3437.896,21519.6887534,24269.5082258,185579.311681,2303.442,8.1,19.2,0.0,0.0,0.0,0.0,255396,0.0
954,9007.3126584,2338.64334,11444.64,3437.896,8122.00643807,26777.6195635,194659.173,4319.109,176.4,19.2,0.0,0.0,0.0,0.0,260302,0.0
955,20906.9678635,2338.64334,11444.64,3437.896,0.0,27163.654153,194659.173,4321.42564355,176.4,19.2,0.0,0.0,0.0,0.0,264468,0.0
956,20497.7408833,2338.64334,11444.64,3437.896,0.0,31106.2227767,194659.173,4353.084,176.4,19.2,0.0,0.0,0.0,0.0,268033,0.0
957,19737.5938873,2338.64334,11444.64,3437.896,0.0,32556.3697727,194659.173,4353.084,176.4,19.2,0.0,0.0,0.0,0.0,268723,0.0
958,17832.7527997,2338.64334,11444.64,3437.896,0.0,31039.2108603,194659.173,4353.084,176.4,19.2,0.0,0.0,0.0,0.0,265301,0.0
959,12802.5258614,2338.64334,11444.64,3437.896,0.0,29181.4377986,194659.173,4353.084,176.4,19.2,0.0,0.0,0.0,0.0,258413,0.0
960,9862.044035,2338.64334,11444.64,3437.896,0.0,27220.919625,194659.173,4353.084,176.4,19.2,0.0,0.0,0.0,0.0,253512,0.0
961,4475.57,2338.64334,11444.64,3482.544,0.0,25705.9779001,197328.19776,2845.827,176.4,19.2,0.0,0.0,0.0,0.0,247817,0.0
962,4475.57,2338.64334,11444.64,3482.544,0.0,24157.8038653,194813.748,2724.642,153.208794653,19.2,0.0,0.0,0.0,0.0,243610,0.0
963,4475.57,2338.64334,11444.64,3482.544,0.0,23529.9422607,194481.648,2682.7123993,8.1,19.2,0.0,0.0,0.0,0.0,242463,0.0
964,4475.57,2338.64334,11444.64,3482.544,0.0,21441.5039198,198022.563,3790.93574024,176.4,19.2,0.0,0.0,0.0,0.0,245192,0.0
965,5011.55363979,2338.64334,11444.64,3482.544,0.0,20463.4620202,201411.873,4551.084,252.0,19.2,0.0,0.0,0.0,0.0,248975,0.0
966,12535.0100097,2338.64334,11444.64,3482.544,0.0,20074.0056503,201411.873,4551.084,252.0,19.2,0.0,0.0,0.0,0.0,256109,0.0
967,20519.3557088,2338.64334,11444.64,3482.544,0.0,19689.6599512,201411.873,4551.084,252.0,19.2,0.0,0.0,0.0,0.0,263709,0.0
968,26568.3946194,2338.64334,11444.64,3482.544,1901.82049034,19021.4085778,201411.873,4551.084,196.39197246,19.2,0.0,0.0,0.0,0.0,270936,0.0
969,28146.2710344,2338.64334,11444.64,3482.544,11213.9732315,14163.7713941,201411.873,4551.084,252.0,19.2,0.0,0.0,0.0,0.0,277024,0.0
970,22181.8577221,2338.64334,11444.64,3482.544,20989.1221028,13720.0358351,201411.873,4551.084,252.0,19.2,0.0,0.0,0.0,0.0,280391,0.0
971,8699.94822049,2338.64334,11444.64,3482.544,27809.6235295,19417.44391,201411.873,4551.084,252.0,19.2,0.0,0.0,0.0,0.0,279427,0.0
972,4475.57,2338.64334,11444.64,3482.544,32983.7452679,20996.3433689,197537.087023,2845.827,176.4,19.2,0.0,0.0,0.0,0.0,276300,0.0
973,4475.57,2338.64334,11444.64,3482.544,35107.3193263,22085.5218318,191609.019502,2402.442,8.1,19.2,0.0,0.0,0.0,0.0,272973,0.0
974,4475.57,2338.64334,11444.64,3482.544,35961.2404648,24104.0147733,185662.605422,2402.442,8.1,19.2,0.0,0.0,0.0,0.0,269899,0.0
975,4475.57,2338.64334,11444.64,3482.544,34570.8662941,26965.5046876,182630.489678,2402.442,8.1,19.2,0.0,0.0,0.0,0.0,268338,0.0
976,4475.57,2338.64334,11444.64,3482.544,30006.801066,29419.027738,184357.031856,2402.442,8.1,19.2,0.0,0.0,0.0,0.0,267954,0.0
977,4475.57,2338.64334,11444.64,3482.544,20724.9452082,31654.9598345,194273.455617,2559.942,8.1,19.2,0.0,0.0,0.0,0.0,270982,0.0
978,11743.6691461,2338.64334,11444.64,3482.544,8058.32299177,33124.0235221,201411.873,4551.084,252.0,19.2,0.0,0.0,0.0,0.0,276426,0.0
979,23116.482543,2338.64334,11444.64,3482.544,0.0,33788.533117,201411.873,4551.084,252.0,19.2,0.0,0.0,0.0,0.0,280405,0.0
980,22340.8994587,2338.64334,11444.64,3482.544,0.0,36725.1162013,201411.873,4551.084,252.0,19.2,0.0,0.0,0.0,0.0,282566,0.0
981,18453.4817176,2338.64334,11444.64,3482.544,0.0,39529.5339424,201411.873,4551.084,252.0,19.2,0.0,0.0,0.0,0.0,281483,0.0
982,13281.2283233,2338.64334,11444.64,3482.544,0.0,39879.7873367,201411.873,4551.084,252.0,19.2,0.0,0.0,0.0,0.0,276661,0.0
983,5158.96305665,2338.64334,11444.64,3482.544,0.0,39676.0526033,201411.873,4551.084,252.0,19.2,0.0,0.0,0.0,0.0,268335,0.0
984,4475.57,2338.64334,11444.64,3482.544,0.0,37916.6340783,198184.563,3428.8055817,176.4,19.2,0.0,0.0,0.0,0.0,261467,0.0
985,4402.2,2324.20727,11444.64,3460.22,0.0,35747.032702,194115.028028,2994.372,8.1,19.2,0.0,0.0,0.0,0.0,254515,0.0
986,4402.2,2324.20727,11444.64,3460.22,0.0,33008.8882815,192190.172448,2994.372,8.1,19.2,0.0,0.0,0.0,0.0,249852,0.0
987,4402.2,2324.20727,11444.64,3460.22,0.0,29748.8545494,193665.206181,2994.372,8.1,19.2,0.0,0.0,0.0,0.0,248067,0.0
988,4402.2,2324.20727,11444.64,3460.22,0.0,25759.2002952,199996.860435,2994.372,8.1,19.2,0.0,0.0,0.0,0.0,250409,0.0
989,4402.2,2324.20727,11444.64,3460.22,0.0,22864.2520726,206256.123657,3437.757,176.4,19.2,0.0,0.0,0.0,0.0,254385,0.0
990,4402.2,2324.20727,11444.64,3460.22,0.0,20507.4908682,214132.338,5446.70386183,252.0,19.2,0.0,0.0,0.0,0.0,261989,0.0
991,12883.9553345,2324.20727,11444.64,3460.22,0.0,19123.0953955,214963.938,5734.944,370.8,19.2,0.0,0.0,0.0,0.0,270325,0.0
992,20589.4279324,2324.20727,11444.64,3460.22,1914.88450129,17376.6272963,214963.938,5734.944,484.911,19.2,0.0,0.0,0.0,0.0,278313,0.0
993,20648.1227099,2324.20727,11444.64,3460.22,11328.3656905,13539.5549686,214963.938,5734.944,436.80736099,19.2,0.0,0.0,0.0,0.0,283900,0.0
994,15241.5317026,2324.20727,11444.64,3460.22,21496.8337584,11775.685269,214963.938,5734.944,370.8,19.2,0.0,0.0,0.0,0.0,286832,0.0
995,7223.20179152,2324.20727,11444.64,3460.22,29767.5611218,9654.28781672,214963.938,5734.944,370.8,19.2,0.0,0.0,0.0,0.0,284963,0.0
996,4402.2,2324.20727,11444.64,3460.22,35217.3255274,7207.7542263,211475.038976,5044.014,176.4,19.2,0.0,0.0,0.0,0.0,280771,0.0
997,4402.2,2324.20727,11444.64,3460.22,37848.4113545,6227.08864187,207274.875734,3437.757,176.4,19.2,0.0,0.0,0.0,0.0,276615,0.0
998,4402.2,2324.20727,11444.64,3460.22,37798.6157915,5794.37961968,204589.625319,3367.512,176.4,19.2,0.0,0.0,0.0,0.0,273377,0.0
999,4402.2,2324.20727,11444.64,3460.22,35160.4067597,5475.71464446,205118.254326,3437.757,176.4,19.2,0.0,0.0,0.0,0.0,271019,0.0
1000,4402.2,2324.20727,11444.64,3460.22,29920.4610538,5809.38343377,207786.470242,4852.818,176.4,19.2,0.0,0.0,0.0,0.0,270196,0.0
1001,6489.73926518,2324.20727,11444.64,3460.22,21361.8197352,6578.49172963,214963.938,5734.944,370.8,19.2,0.0,0.0,0.0,0.0,272748,0.0
1002,23927.8613552,2324.20727,11444.64,3460.22,8269.9770692,7997.21230562,214963.938,5734.944,370.8,19.2,0.0,0.0,0.0,0.0,278513,0.0
1003,32504.9571431,2324.20727,11444.64,3460.22,0.0,11755.0935869,214963.938,5734.944,370.8,19.2,0.0,0.0,0.0,0.0,282578,0.0
1004,28713.9293991,2324.20727,11444.64,3460.22,0.0,17842.1213309,214963.938,5734.944,370.8,19.2,0.0,0.0,0.0,0.0,284874,0.0
1005,23811.7177495,2324.20727,11444.64,3460.22,0.0,22164.3329805,214963.938,5734.944,370.8,19.2,0.0,0.0,0.0,0.0,284294,0.0
1006,15841.958898,2324.20727,11444.64,3460.22,0.0,25613.091832,214963.938,5734.944,370.8,19.2,0.0,0.0,0.0,0.0,279773,0.0
1007,6285.58191897,2324.20727,11444.64,3460.22,0.0,27415.468811,214963.938,5734.944,370.8,19.2,0.0,0.0,0.0,0.0,272019,0.0
1008,4402.2,2324.20727,11444.64,3460.22,0.0,28673.5550068,210656.763723,4946.814,176.4,19.2,0.0,0.0,0.0,0.0,266104,0.0
1009,4475.57,2309.7712,11444.64,3571.84,0.0,29262.738233,204390.956567,4354.884,176.4,19.2,0.0,0.0,0.0,0.0,260006,0.0
1010,4475.57,2309.7712,11444.64,3571.84,0.0,29683.9739209,200376.777879,2845.827,176.4,19.2,0.0,0.0,0.0,0.0,254904,0.0
1011,4475.57,2309.7712,11444.64,3571.84,0.0,29489.6613335,197794.335466,2775.582,176.4,19.2,0.0,0.0,0.0,0.0,252057,0.0
1012,4475.57,2309.7712,11444.64,3571.84,0.0,27273.2707253,200199.481075,2845.827,176.4,19.2,0.0,0.0,0.0,0.0,252316,0.0
1013,4475.57,2309.7712,11444.64,3571.84,0.0,24452.0305806,202972.664219,4354.884,176.4,19.2,0.0,0.0,0.0,0.0,253777,0.0
1014,8606.44755427,2309.7712,11444.64,3571.84,0.0,22659.3792457,205034.238,4551.084,176.4,19.2,0.0,0.0,0.0,0.0,258373,0.0
1015,16663.541055,2309.7712,11444.64,3571.84,0.0,21105.285745,205034.238,4551.084,176.4,19.2,0.0,0.0,0.0,0.0,264876,0.0
1016,22703.8771246,2309.7712,11444.64,3571.84,1922.34652427,19724.6031511,205034.238,4551.084,176.4,19.2,0.0,0.0,0.0,0.0,271458,0.0
1017,22396.6793391,2309.7712,11444.64,3571.84,11252.6745351,16428.4729258,205034.238,4551.084,176.4,19.2,0.0,0.0,0.0,0.0,277185,0.0
1018,21453.8281968,2309.7712,11444.64,3571.84,21455.2365983,11367.7620049,205034.238,4551.084,176.4,19.2,0.0,0.0,0.0,0.0,281384,0.0
1019,17324.5164632,2309.7712,11444.64,3571.84,29776.2121187,7012.98334161,205234.352876,4551.084,176.4,19.2,0.0,0.0,0.0,0.0,281421,0.0
1020,10640.0824696,2309.7712,11444.64,3571.84,35201.373451,6010.97087942,205390.638,4551.084,176.4,19.2,0.0,0.0,0.0,0.0,279316,0.0
1021,6265.77382108,2309.7712,11444.64,3571.84,37843.6399701,4731.01300884,205390.638,4551.084,176.4,19.2,0.0,0.0,0.0,0.0,276304,0.0
1022,4475.57,2309.7712,11444.64,3571.84,37807.6193668,5219.99870877,202856.576724,4323.384,176.4,19.2,0.0,0.0,0.0,0.0,272205,0.0
1023,4475.57,2309.7712,11444.64,3571.84,34142.7855183,7684.24219779,201077.6985,4136.85258394,176.4,19.2,0.0,0.0,0.0,0.0,269039,0.0
1024,4475.57,2309.7712,11444.64,3571.84,29577.8495945,11996.1147067,200807.6985,3778.91599879,176.4,19.2,0.0,0.0,0.0,0.0,268158,0.0
1025,5388.05694405,2309.7712,11444.64,3571.84,21006.8411223,17649.5287337,205390.638,4551.084,176.4,19.2,0.0,0.0,0.0,0.0,271508,0.0
1026,18350.2954164,2309.7712,11444.64,3571.84,8256.13723369,23688.9941499,205390.638,4551.084,176.4,19.2,0.0,0.0,0.0,0.0,277759,0.0
1027,24924.2952113,2309.7712,11444.64,3571.84,0.0,30388.1315887,205390.638,4551.084,176.4,19.2,0.0,0.0,0.0,0.0,282776,0.0
1028,19121.2440618,2309.7712,11444.64,3571.84,0.0,39565.1827382,205390.638,4551.084,176.4,19.2,0.0,0.0,0.0,0.0,286150,0.0
1029,15657.4665436,2309.7712,11444.64,3571.84,0.0,43630.9602564,205390.638,4551.084,176.4,19.2,0.0,0.0,0.0,0.0,286752,0.0
1030,11691.8175819,2309.7712,11444.64,3571.84,0.0,43410.6092181,205390.638,4551.084,176.4,19.2,0.0,0.0,0.0,0.0,282566,0.0
1031,5520.33341737,2309.7712,11444.64,3571.84,0.0,42002.2933826,205212.438,4551.084,176.4,19.2,0.0,0.0,0.0,0.0,274808,0.0
1032,4475.57,2309.7712,11444.64,3571.84,0.0,39886.8843961,203065.810404,4354.884,176.4,19.2,0.0,0.0,0.0,0.0,269305,0.0
1033,4402.2,2280.89906,11444.64,3638.812,0.0,37632.1772072,201691.844733,2845.827,176.4,19.2,0.0,0.0,0.0,0.0,264132,0.0
1034,4402.2,2280.89906,11444.64,3638.812,0.0,35612.055675,200037.966265,2845.827,176.4,19.2,0.0,0.0,0.0,0.0,260458,0.0
1035,4402.2,2280.89906,11444.64,3638.812,0.0,34145.9285704,200114.09337,2845.827,176.4,19.2,0.0,0.0,0.0,0.0,259068,0.0
1036,4402.2,2280.89906,11444.64,3638.812,0.0,31286.3368453,203452.624095,4260.888,176.4,19.2,0.0,0.0,0.0,0.0,260962,0.0
1037,5601.83549683,2280.89906,11444.64,3638.812,0.0,28760.7325077,207019.638,4551.084,313.158935523,19.2,0.0,0.0,0.0,0.0,263630,0.0
1038,12776.2749233,2280.89906,11444.64,3638.812,0.0,27187.4520167,207019.638,4551.084,252.0,19.2,0.0,0.0,0.0,0.0,269170,0.0
1039,19801.7204212,2280.89906,11444.64,3638.812,0.0,26174.2065188,207019.638,4551.084,370.8,19.2,0.0,0.0,0.0,0.0,275301,0.0
1040,25071.1842141,2280.89906,11444.64,3638.812,1922.38311004,25249.1596159,207019.638,4551.084,252.0,19.2,0.0,0.0,0.0,0.0,281449,0.0
1041,22861.143771,2280.89906,11444.64,3638.812,10548.3370657,23400.2461034,207019.638,4551.084,252.0,19.2,0.0,0.0,0.0,0.0,286016,0.0
1042,16833.8208034,2280.89906,11444.64,3638.812,19113.224834,22544.6813026,207019.638,4551.084,252.0,19.2,0.0,0.0,0.0,0.0,287698,0.0
1043,4402.2,2280.89906,11444.64,3638.812,26710.5611908,24837.9260708,206703.277678,4551.084,176.4,19.2,0.0,0.0,0.0,0.0,284765,0.0
1044,4402.2,2280.89906,11444.64,3638.812,30665.5700665,28937.2787966,196348.858077,2402.442,8.1,19.2,0.0,0.0,0.0,0.0,280148,0.0
1045,4402.2,2280.89906,11444.64,3638.812,33014.1669192,29927.6926253,188615.847396,2402.442,8.1,19.2,0.0,0.0,0.0,0.0,275754,0.0
1046,4402.2,2280.89906,11444.64,3638.812,32802.7008155,32169.3281891,182744.677935,2402.442,8.1,19.2,0.0,0.0,0.0,0.0,271913,0.0
1047,4402.2,2280.89906,11444.64,3638.812,31097.0409091,34641.6987315,180127.967299,2402.442,8.1,19.2,0.0,0.0,0.0,0.0,270063,0.0
1048,4402.2,2280.89906,11444.64,3638.812,25861.0059563,36217.3576088,183872.343375,2402.442,8.1,19.2,0.0,0.0,0.0,0.0,270147,0.0
1049,4402.2,2280.89906,11444.64,3638.812,17576.105516,35502.9565996,196559.644824,2402.442,8.1,19.2,0.0,0.0,0.0,0.0,273835,0.0
1050,10683.4430008,2280.89906,11444.64,3638.812,6342.80254698,33967.4813922,207019.638,4551.084,252.0,19.2,0.0,0.0,0.0,0.0,280200,0.0
1051,22740.2259156,2280.89906,11444.64,3638.812,0.0,32145.7010244,207019.638,4551.084,370.8,19.2,0.0,0.0,0.0,0.0,284211,0.0
1052,23849.697044,2280.89906,11444.64,3638.812,0.0,32919.029896,207019.638,4551.084,252.0,19.2,0.0,0.0,0.0,0.0,285975,0.0
1053,22685.4816108,2280.89906,11444.64,3638.812,0.0,33297.4453292,207019.638,4551.084,370.8,19.2,0.0,0.0,0.0,0.0,285308,0.0
1054,18996.1604188,2280.89906,11444.64,3638.812,0.0,32617.7665212,207019.638,4551.084,370.8,19.2,0.0,0.0,0.0,0.0,280939,0.0
1055,11369.7616792,2280.89906,11444.64,3638.812,0.0,31597.9652608,207019.638,4551.084,252.0,19.2,0.0,0.0,0.0,0.0,272174,0.0
1056,5293.43590094,2280.89906,11444.64,3638.812,0.0,30641.2910391,207019.638,4551.084,252.0,19.2,0.0,0.0,0.0,0.0,265141,0.0
1057,4328.83,2280.89906,11444.64,3750.432,0.0,29239.8893639,202246.3485,4197.36107614,176.4,19.2,0.0,0.0,0.0,0.0,257684,0.0
1058,4328.83,2280.89906,11444.64,3750.432,0.0,28093.6226277,198767.5335,2724.642,56.200812277,19.2,0.0,0.0,0.0,0.0,251466,0.0
1059,4328.83,2280.89906,11444.64,3750.432,0.0,25829.8968904,197551.56005,2402.442,8.1,19.2,0.0,0.0,0.0,0.0,247616,0.0
1060,4328.83,2280.89906,11444.64,3750.432,0.0,21881.0623026,201976.3485,2976.18813736,176.4,19.2,0.0,0.0,0.0,0.0,248834,0.0
1061,4328.83,2280.89906,11444.64,3750.432,0.0,18375.1694783,206517.345462,4551.084,176.4,19.2,0.0,0.0,0.0,0.0,251444,0.0
1062,11012.9791021,2280.89906,11444.64,3750.432,0.0,16670.8278379,207060.138,4551.084,370.8,19.2,0.0,0.0,0.0,0.0,257161,0.0
1063,19163.3299789,2280.89906,11444.64,3750.432,0.0,15081.9512363,207060.138,4551.084,298.325724751,19.2,0.0,0.0,0.0,0.0,263650,0.0
1064,25539.9555231,2280.89906,11444.64,3750.432,1927.56666524,13647.2847517,207060.138,4551.084,370.8,19.2,0.0,0.0,0.0,0.0,270592,0.0
1065,22000.1318268,2280.89906,11444.64,3750.432,10593.3883614,13874.2867518,207060.138,4551.084,370.8,19.2,0.0,0.0,0.0,0.0,275945,0.0
1066,15298.6684898,2280.89906,11444.64,3750.432,20275.604068,14078.5343822,207060.138,4551.084,370.8,19.2,0.0,0.0,0.0,0.0,279130,0.0
1067,5965.98809948,2280.89906,11444.64,3750.432,27985.7124752,14972.1063653,207060.138,4551.084,370.8,19.2,0.0,0.0,0.0,0.0,278401,0.0
1068,4328.83,2280.89906,11444.64,3750.432,33491.3876566,16731.5263904,199676.857893,2845.827,176.4,19.2,0.0,0.0,0.0,0.0,274746,0.0
1069,4328.83,2280.89906,11444.64,3750.432,35162.8320856,19221.0770345,191811.54782,2402.442,8.1,19.2,0.0,0.0,0.0,0.0,270430,0.0
1070,4328.83,2280.89906,11444.64,3750.432,35446.8255195,22768.5842204,185046.0472,2402.442,8.1,19.2,0.0,0.0,0.0,0.0,267496,0.0
1071,4328.83,2280.89906,11444.64,3750.432,31705.4329687,26030.462142,184132.561829,2402.442,8.1,19.2,0.0,0.0,0.0,0.0,266103,0.0
1072,4328.83,2280.89906,11444.64,3750.432,26630.2986819,29328.1967582,185761.9615,2402.442,8.1,19.2,0.0,0.0,0.0,0.0,265955,0.0
1073,4328.83,2280.89906,11444.64,3750.432,18287.9526371,31992.9300992,195695.574204,2402.442,8.1,19.2,0.0,0.0,0.0,0.0,270211,0.0
1074,6988.73595311,2280.89906,11444.64,3750.432,7341.91147842,33004.1595085,207060.138,4551.084,370.8,19.2,0.0,0.0,0.0,0.0,276812,0.0
1075,20080.190187,2280.89906,11444.64,3750.432,0.0,30516.616753,207060.138,4551.084,370.8,19.2,0.0,0.0,0.0,0.0,280074,0.0
1076,21733.6448279,2280.89906,11444.64,3750.432,0.0,30087.1621121,207060.138,4551.084,370.8,19.2,0.0,0.0,0.0,0.0,281298,0.0
1077,22375.7694841,2280.89906,11444.64,3750.432,0.0,29119.0374559,207060.138,4551.084,370.8,19.2,0.0,0.0,0.0,0.0,280972,0.0
1078,21316.2985155,2280.89906,11444.64,3750.432,0.0,25317.5084245,207060.138,4551.084,370.8,19.2,0.0,0.0,0.0,0.0,276111,0.0
1079,15778.5675267,2280.89906,11444.64,3750.432,0.0,22333.2394133,207060.138,4551.084,370.8,19.2,0.0,0.0,0.0,0.0,267589,0.0
1080,12116.9956856,2280.89906,11444.64,3750.432,0.0,19828.8112544,207060.138,4551.084,370.8,19.2,0.0,0.0,0.0,0.0,261423,0.0
1081,7787.41986394,2324.20727,11444.64,3817.404,0.0,18290.0068661,206434.638,4551.084,176.4,19.2,0.0,0.0,0.0,0.0,254845,0.0
1082,4539.39888896,2324.20727,11444.64,3817.404,0.0,16321.027841,206434.638,4551.084,176.4,19.2,0.0,0.0,0.0,0.0,249628,0.0
1083,4475.57,2324.20727,11444.64,3817.404,0.0,14327.6073559,205402.887374,4452.084,176.4,19.2,0.0,0.0,0.0,0.0,246440,0.0
1084,5499.24504384,2324.20727,11444.64,3817.404,0.0,13012.5816862,206434.638,4551.084,252.0,19.2,0.0,0.0,0.0,0.0,247355,0.0
1085,8418.67992232,2324.20727,11444.64,3817.404,0.0,11664.1468077,206434.638,4551.084,252.0,19.2,0.0,0.0,0.0,0.0,248926,0.0
1086,14586.4644738,2324.20727,11444.64,3817.404,0.0,10136.3622562,206434.638,4551.084,252.0,19.2,0.0,0.0,0.0,0.0,253566,0.0
1087,20845.0262639,2324.20727,11444.64,3817.404,0.0,8632.80046606,206434.638,4551.084,252.0,19.2,0.0,0.0,0.0,0.0,258321,0.0
1088,27190.8410896,2324.20727,11444.64,3817.404,1791.65310392,7467.93253644,206434.638,4551.084,176.4,19.2,0.0,0.0,0.0,0.0,265218,0.0
1089,25759.6375328,2324.20727,11444.64,3817.404,9907.68498032,6633.10421691,206434.638,4551.084,176.4,19.2,0.0,0.0,0.0,0.0,271068,0.0
1090,20205.2659558,2324.20727,11444.64,3817.404,18138.9979792,8191.16279501,206434.638,4551.084,176.4,19.2,0.0,0.0,0.0,0.0,275303,0.0
1091,10552.107405,2324.20727,11444.64,3817.404,26009.7991932,9721.52013174,206434.638,4551.084,176.4,19.2,0.0,0.0,0.0,0.0,275051,0.0
1092,4475.57,2324.20727,11444.64,3817.404,31163.8599755,11006.5408733,203269.289881,4260.888,176.4,19.2,0.0,0.0,0.0,0.0,271958,0.0
1093,4475.57,2324.20727,11444.64,3817.404,33097.5990536,13762.2625933,196232.575083,2402.442,8.1,19.2,0.0,0.0,0.0,0.0,267584,0.0
1094,4475.57,2324.20727,11444.64,3817.404,33065.2934039,18813.0687709,187292.074555,2402.442,8.1,19.2,0.0,0.0,0.0,0.0,263662,0.0
1095,4475.57,2324.20727,11444.64,3817.404,25868.1821329,24228.9054581,186471.349139,2402.442,8.1,19.2,0.0,0.0,0.0,0.0,261060,0.0
1096,4475.57,2324.20727,11444.64,3817.404,20754.0308954,27079.3820356,187592.023799,2402.442,8.1,19.2,0.0,0.0,0.0,0.0,259917,0.0
1097,4475.57,2324.20727,11444.64,3817.404,14925.8659803,27806.7413704,195737.829379,2402.442,8.1,19.2,0.0,0.0,0.0,0.0,262962,0.0
1098,5949.68002289,2324.20727,11444.64,3817.404,6482.33208509,26994.414622,206434.638,4551.084,176.4,19.2,0.0,0.0,0.0,0.0,268194,0.0
1099,18470.6769044,2324.20727,11444.64,3817.404,0.0,24164.7498256,206434.638,4551.084,176.4,19.2,0.0,0.0,0.0,0.0,271403,0.0
1100,20107.4254757,2324.20727,11444.64,3817.404,0.0,24509.0012543,206434.638,4551.084,176.4,19.2,0.0,0.0,0.0,0.0,273384,0.0
1101,18428.0657912,2324.20727,11444.64,3817.404,0.0,26345.3609388,206434.638,4551.084,176.4,19.2,0.0,0.0,0.0,0.0,273541,0.0
1102,14709.9626771,2324.20727,11444.64,3817.404,0.0,27268.4640529,206434.638,4551.084,176.4,19.2,0.0,0.0,0.0,0.0,270746,0.0
1103,8133.92788862,2324.20727,11444.64,3817.404,0.0,27309.3952185,206434.638,4551.084,205.503622895,19.2,0.0,0.0,0.0,0.0,264240,0.0
1104,4475.57,2324.20727,11444.64,3817.404,0.0,26305.8783648,206105.616365,4551.084,176.4,19.2,0.0,0.0,0.0,0.0,259220,0.0
1105,9525.93090415,2353.07941,11444.64,3839.728,0.0,25132.1646859,196099.173,4158.684,176.4,19.2,0.0,0.0,0.0,0.0,252749,0.0
1106,5969.85094476,2353.07941,11444.64,3839.728,0.0,23480.2446452,196099.173,4158.684,176.4,19.2,0.0,0.0,0.0,0.0,247541,0.0
1107,4585.625,2353.07941,11444.64,3839.728,0.0,21893.6560305,195969.983559,4064.688,176.4,19.2,0.0,0.0,0.0,0.0,244347,0.0
1108,6968.60333771,2353.07941,11444.64,3839.728,0.0,19916.4922523,196099.173,4158.684,176.4,19.2,0.0,0.0,0.0,0.0,244976,0.0
1109,9496.0363517,2353.07941,11444.64,3839.728,0.0,18679.0592383,196099.173,4158.684,176.4,19.2,0.0,0.0,0.0,0.0,246266,0.0
1110,14815.1150193,2353.07941,11444.64,3839.728,0.0,17677.9805707,196099.173,4158.684,176.4,19.2,0.0,0.0,0.0,0.0,250584,0.0
1111,20572.4010738,2353.07941,11444.64,3839.728,0.0,16639.6945162,196099.173,4158.684,176.4,19.2,0.0,0.0,0.0,0.0,255303,0.0
1112,24862.6715933,2353.07941,11444.64,3839.728,1928.05506236,14993.5774424,196099.173,4158.684,237.191491967,19.2,0.0,0.0,0.0,0.0,259936,0.0
1113,21843.5807632,2353.07941,11444.64,3839.728,10672.6489132,13688.8659136,196099.173,4158.684,176.4,19.2,0.0,0.0,0.0,0.0,264296,0.0
1114,16458.1596821,2353.07941,11444.64,3839.728,20587.785382,13477.1505259,196099.173,4158.684,176.4,19.2,0.0,0.0,0.0,0.0,268614,0.0
1115,8032.87738017,2353.07941,11444.64,3839.728,29407.368797,13758.8494128,196099.173,4158.684,176.4,19.2,0.0,0.0,0.0,0.0,269290,0.0
1116,4585.625,2353.07941,11444.64,3839.728,34007.4964401,15081.0947412,192329.109409,2649.627,176.4,19.2,0.0,0.0,0.0,0.0,266486,0.0
1117,4585.625,2353.07941,11444.64,3839.728,36309.8353986,17380.6495733,183965.900618,2206.242,8.1,19.2,0.0,0.0,0.0,0.0,262113,0.0
1118,4585.625,2353.07941,11444.64,3839.728,35954.8332521,19870.3231167,177089.229221,2206.242,8.1,19.2,0.0,0.0,0.0,0.0,257371,0.0
1119,4585.625,2353.07941,11444.64,3839.728,31511.5609644,21749.4483563,175543.376269,2206.242,8.1,19.2,0.0,0.0,0.0,0.0,253261,0.0
1120,4585.625,2353.07941,11444.64,3839.728,27185.1234029,21367.8539415,177713.408246,2206.242,8.1,19.2,0.0,0.0,0.0,0.0,250723,0.0
1121,4585.625,2353.07941,11444.64,3839.728,19497.2824156,19153.0706239,188348.032551,2206.242,8.1,19.2,0.0,0.0,0.0,0.0,251455,0.0
1122,12909.2416884,2353.07941,11444.64,3839.728,8205.93399399,16064.9199076,196099.173,4158.684,176.4,19.2,0.0,0.0,0.0,0.0,255271,0.0
1123,25428.432437,2353.07941,11444.64,3839.728,0.0,15253.663153,196099.173,4158.684,176.4,19.2,0.0,0.0,0.0,0.0,258773,0.0
1124,24672.6994293,2353.07941,11444.64,3839.728,0.0,18797.3961607,196099.173,4158.684,176.4,19.2,0.0,0.0,0.0,0.0,261561,0.0
1125,21667.8302739,2353.07941,11444.64,3839.728,0.0,22804.2653161,196099.173,4158.684,176.4,19.2,0.0,0.0,0.0,0.0,262563,0.0
1126,17333.5012627,2353.07941,11444.64,3839.728,0.0,24810.5943273,196099.173,4158.684,176.4,19.2,0.0,0.0,0.0,0.0,260235,0.0
1127,11557.8921132,2353.07941,11444.64,3839.728,0.0,25151.2034768,196099.173,4158.684,176.4,19.2,0.0,0.0,0.0,0.0,254800,0.0
1128,7510.72424521,2353.07941,11444.64,3839.728,0.0,24650.3713448,196099.173,4158.684,176.4,19.2,0.0,0.0,0.0,0.0,250252,0.0
1129,4695.68,2381.95155,11444.64,3817.404,0.0,24254.7653102,194519.673,3704.28613984,176.4,19.2,0.0,0.0,0.0,0.0,245014,0.0
1130,4695.68,2381.95155,11444.64,3817.404,0.0,23812.4011432,191690.496307,2845.827,176.4,19.2,0.0,0.0,0.0,0.0,240884,0.0
1131,4695.68,2381.95155,11444.64,3817.404,0.0,23719.7647737,190592.317676,2559.942,8.1,19.2,0.0,0.0,0.0,0.0,239239,0.0
1132,4695.68,2381.95155,11444.64,3817.404,0.0,21971.2566861,194303.673,2909.7947639,176.4,19.2,0.0,0.0,0.0,0.0,241720,0.0
1133,5263.67595996,2381.95155,11444.64,3817.404,0.0,22407.16749,195896.673,4260.888,176.4,19.2,0.0,0.0,0.0,0.0,245668,0.0
1134,9771.40159991,2381.95155,11444.64,3817.404,0.0,24177.9418501,195964.173,4260.888,176.4,19.2,0.0,0.0,0.0,0.0,252014,0.0
1135,14320.1349975,2381.95155,11444.64,3817.404,0.0,26465.2084525,195964.173,4260.888,176.4,19.2,0.0,0.0,0.0,0.0,258850,0.0
1136,18332.7284319,2381.95155,11444.64,3817.404,2068.23783721,28066.8771809,195896.673,4260.888,176.4,19.2,0.0,0.0,0.0,0.0,266465,0.0
1137,15947.8285399,2381.95155,11444.64,3817.404,11541.276513,26300.2383971,195964.173,4260.888,176.4,19.2,0.0,0.0,0.0,0.0,271854,0.0
1138,9572.81687562,2381.95155,11444.64,3817.404,21806.5247422,24839.9411592,195835.233673,4260.888,176.4,19.2,0.0,0.0,0.0,0.0,274155,0.0
1139,4695.68,2381.95155,11444.64,3817.404,30287.4929727,25931.0321113,190979.857366,2724.642,8.1,19.2,0.0,0.0,0.0,0.0,272290,0.0
1140,4695.68,2381.95155,11444.64,3817.404,35437.4570635,23054.0723857,184909.053001,2402.442,8.1,19.2,0.0,0.0,0.0,0.0,268170,0.0
1141,4695.68,2381.95155,11444.64,3817.404,38115.4632825,16821.6934741,184355.425693,2402.442,8.1,19.2,0.0,0.0,0.0,0.0,264062,0.0
1142,4695.68,2381.95155,11444.64,3817.404,37212.1410927,12102.953295,186434.488062,2402.442,8.1,19.2,0.0,0.0,0.0,0.0,260519,0.0
1143,4695.68,2381.95155,11444.64,3817.404,34198.88523,10253.754684,188653.942536,2402.442,8.1,19.2,0.0,0.0,0.0,0.0,257876,0.0
1144,4695.68,2381.95155,11444.64,3817.404,29829.6085014,10111.5472983,191502.98665,2775.582,176.4,19.2,0.0,0.0,0.0,0.0,256755,0.0
1145,10773.8258335,2381.95155,11444.64,3817.404,21082.4706205,10548.5469959,195599.673,4260.888,176.4,19.2,0.0,0.0,0.0,0.0,260105,0.0
1146,27810.3884978,2381.95155,11444.64,3817.404,8779.55365597,12259.9012962,195599.673,4260.888,176.4,19.2,0.0,0.0,0.0,0.0,266550,0.0
1147,36685.0,2381.95155,11444.64,3817.404,0.0,15318.8381798,196099.173,4551.084,736.911,215.99827015,0.0,0.0,0.0,0.0,271251,0.0
1148,34777.4239467,2381.95155,11444.64,3817.404,0.0,21898.4195033,195599.673,4260.888,176.4,19.2,0.0,0.0,0.0,0.0,274376,0.0
1149,28920.7571617,2381.95155,11444.64,3817.404,0.0,28065.5862883,195667.173,4260.888,176.4,19.2,0.0,0.0,0.0,0.0,274754,0.0
1150,19446.8426742,2381.95155,11444.64,3817.404,0.0,33184.5007758,195667.173,4260.888,176.4,19.2,0.0,0.0,0.0,0.0,270399,0.0
1151,8449.61898116,2381.95155,11444.64,3817.404,0.0,36521.2244688,195599.673,4260.888,176.4,19.2,0.0,0.0,0.0,0.0,262671,0.0
1152,4695.68,2381.95155,11444.64,3817.404,0.0,37453.2617317,194357.673,3268.78971833,176.4,19.2,0.0,0.0,0.0,0.0,257615,0.0
1153,4842.42,2410.82369,11444.64,3728.108,0.0,36246.1836438,191248.082666,2402.442,8.1,19.2,0.0,0.0,0.0,0.0,252350,0.0
1154,4842.42,2410.82369,11444.64,3728.108,0.0,34742.8250525,189174.441258,2402.442,8.1,19.2,0.0,0.0,0.0,0.0,248773,0.0
1155,4842.42,2410.82369,11444.64,3728.108,0.0,33715.4698354,188474.796475,2402.442,8.1,19.2,0.0,0.0,0.0,0.0,247046,0.0
1156,4842.42,2410.82369,11444.64,3728.108,0.0,31992.5114015,192375.254909,2559.942,8.1,19.2,0.0,0.0,0.0,0.0,249381,0.0
1157,4842.42,2410.82369,11444.64,3728.108,0.0,30472.2818068,196553.673,3265.45350322,176.4,19.2,0.0,0.0,0.0,0.0,252913,0.0
1158,7208.96513364,2410.82369,11444.64,3728.108,0.0,30372.8061764,198889.173,4354.884,176.4,19.2,0.0,0.0,0.0,0.0,258605,0.0
1159,12709.0756214,2410.82369,11444.64,3728.108,0.0,31313.6956886,198889.173,4354.884,176.4,19.2,0.0,0.0,0.0,0.0,265046,0.0
1160,18115.9051881,2410.82369,11444.64,3728.108,2027.26917846,31315.4652786,198993.304665,4354.884,176.4,19.2,0.0,0.0,0.0,0.0,272586,0.0
1161,15670.6937766,2410.82369,11444.64,3728.108,11188.4156581,29342.6618754,199159.173,4354.884,176.4,19.2,0.0,0.0,0.0,0.0,277495,0.0
1162,7533.76293313,2410.82369,11444.64,3728.108,20961.6265166,29310.3818602,199159.173,4354.884,176.4,19.2,0.0,0.0,0.0,0.0,279099,0.0
1163,4842.42,2410.82369,11444.64,3728.108,28997.1050575,31676.2205127,191691.94074,2402.442,8.1,19.2,0.0,0.0,0.0,0.0,277221,0.0
1164,4842.42,2410.82369,11444.64,3728.108,33949.682277,27553.3149217,187158.269111,2402.442,8.1,19.2,0.0,0.0,0.0,0.0,273517,0.0
1165,4842.42,2410.82369,11444.64,3728.108,36013.411089,21474.8296289,187337.025592,2402.442,8.1,19.2,0.0,0.0,0.0,0.0,269681,0.0
1166,4842.42,2410.82369,11444.64,3728.108,34519.4106144,16513.0802413,190465.775454,2402.442,8.1,19.2,0.0,0.0,0.0,0.0,266354,0.0
1167,4842.42,2410.82369,11444.64,3728.108,33330.3918627,13083.9688774,192972.70557,2724.642,8.1,19.2,0.0,0.0,0.0,0.0,264565,0.0
1168,4842.42,2410.82369,11444.64,3728.108,28539.2223221,12134.7694128,196607.673,3518.7435751,176.4,19.2,0.0,0.0,0.0,0.0,263422,0.0
1169,11483.9516217,2410.82369,11444.64,3728.108,20969.4036931,12574.4159952,199159.173,4354.884,176.4,19.2,0.0,0.0,0.0,0.0,266321,0.0
1170,28003.6020585,2410.82369,11444.64,3728.108,8709.01807495,13538.1511766,199159.173,4354.884,176.4,19.2,0.0,0.0,0.0,0.0,271544,0.0
1171,36685.0,2410.82369,11444.64,3728.108,55.5294417684,16513.8902366,199159.173,4551.084,736.911,57.8406316059,0.0,0.0,0.0,0.0,275343,0.0
1172,33918.4917819,2410.82369,11444.64,3728.108,0.0,22278.2795281,199159.173,4354.884,176.4,19.2,0.0,0.0,0.0,0.0,277490,0.0
1173,28871.9364663,2410.82369,11444.64,3728.108,0.0,27374.8348437,199159.173,4354.884,176.4,19.2,0.0,0.0,0.0,0.0,277540,0.0
1174,21556.1268886,2410.82369,11444.64,3728.108,0.0,30504.6444214,199159.173,4354.884,176.4,19.2,0.0,0.0,0.0,0.0,273354,0.0
1175,11799.9128416,2410.82369,11444.64,3728.108,0.0,32923.8584684,199159.173,4354.884,176.4,19.2,0.0,0.0,0.0,0.0,266017,0.0
1176,4900.87918865,2410.82369,11444.64,3728.108,0.0,34206.8921214,199159.173,4354.884,176.4,19.2,0.0,0.0,0.0,0.0,260401,0.0
1177,4732.365,2410.82369,11444.64,3728.108,0.0,35160.7141595,194454.60715,2402.442,8.1,19.2,0.0,0.0,0.0,0.0,254361,0.0
1178,4732.365,2410.82369,11444.64,3728.108,0.0,35225.7080873,190177.613223,2402.442,8.1,19.2,0.0,0.0,0.0,0.0,250149,0.0
1179,4732.365,2410.82369,11444.64,3728.108,0.0,34898.6906598,188507.63065,2402.442,8.1,19.2,0.0,0.0,0.0,0.0,248152,0.0
1180,4732.365,2410.82369,11444.64,3728.108,0.0,33139.407634,192670.913676,2402.442,8.1,19.2,0.0,0.0,0.0,0.0,250556,0.0
1181,4732.365,2410.82369,11444.64,3728.108,0.0,31322.008241,197569.628069,2845.827,176.4,19.2,0.0,0.0,0.0,0.0,254249,0.0
1182,5276.84144624,2410.82369,11444.64,3728.108,0.0,29833.6648638,202663.638,4551.084,252.0,19.2,0.0,0.0,0.0,0.0,260180,0.0
1183,12885.5167368,2410.82369,11444.64,3728.108,0.0,28888.9895732,202663.638,4551.084,252.0,19.2,0.0,0.0,0.0,0.0,266844,0.0
1184,18576.6478052,2410.82369,11444.64,3728.108,2009.00389737,28394.0546074,202663.638,4551.084,370.8,19.2,0.0,0.0,0.0,0.0,274168,0.0
1185,16126.6520605,2410.82369,11444.64,3728.108,10968.4759837,26602.5782658,202663.638,4551.084,370.8,19.2,0.0,0.0,0.0,0.0,278886,0.0
1186,12411.6632639,2410.82369,11444.64,3728.108,20919.2676431,22701.775403,202663.638,4551.084,370.8,19.2,0.0,0.0,0.0,0.0,281221,0.0
1187,6297.24345147,2410.82369,11444.64,3728.108,28462.34035,19697.1225086,202663.638,4551.084,370.8,19.2,0.0,0.0,0.0,0.0,279645,0.0
1188,4732.365,2410.82369,11444.64,3728.108,34613.0874524,15398.6651227,199228.822735,4260.888,176.4,19.2,0.0,0.0,0.0,0.0,276013,0.0
1189,4732.365,2410.82369,11444.64,3728.108,36818.5280591,11937.5257422,197708.582509,2845.827,176.4,19.2,0.0,0.0,0.0,0.0,271822,0.0
1190,4732.365,2410.82369,11444.64,3728.108,35900.7983519,9688.26032219,197238.577636,2845.827,176.4,19.2,0.0,0.0,0.0,0.0,268185,0.0
1191,4732.365,2410.82369,11444.64,3728.108,31601.6179821,8720.56386351,199060.7985,3637.48296439,176.4,19.2,0.0,0.0,0.0,0.0,265532,0.0
1192,4732.365,2410.82369,11444.64,3728.108,28307.4815805,9310.22028695,200364.873443,4260.888,176.4,19.2,0.0,0.0,0.0,0.0,264755,0.0
1193,10864.5624455,2410.82369,11444.64,3728.108,20405.3720178,11447.7718467,202663.638,4551.084,370.8,19.2,0.0,0.0,0.0,0.0,267906,0.0
1194,26074.7191495,2410.82369,11444.64,3728.108,8843.40308476,14004.9192037,202663.638,4551.084,306.464871982,19.2,0.0,0.0,0.0,0.0,274047,0.0
1195,34959.38809,2410.82369,11444.64,3728.108,71.4314937827,18663.6867262,202663.638,4551.084,252.0,19.2,0.0,0.0,0.0,0.0,278764,0.0
1196,31348.7841034,2410.82369,11444.64,3728.108,0.0,26001.7222066,202663.638,4551.084,252.0,19.2,0.0,0.0,0.0,0.0,282420,0.0
1197,26961.9943554,2410.82369,11444.64,3728.108,0.0,30673.5119546,202663.638,4551.084,252.0,19.2,0.0,0.0,0.0,0.0,282705,0.0
1198,20835.3084896,2410.82369,11444.64,3728.108,0.0,33421.1978204,202663.638,4551.084,252.0,19.2,0.0,0.0,0.0,0.0,279326,0.0
1199,13048.8532104,2410.82369,11444.64,3728.108,0.0,33983.6530996,202663.638,4551.084,252.0,19.2,0.0,0.0,0.0,0.0,272102,0.0
1200,8733.09889202,2410.82369,11444.64,3728.108,0.0,32810.407418,202663.638,4551.084,252.0,19.2,0.0,0.0,0.0,0.0,266613,0.0
1201,4695.68,2425.25976,11444.64,3705.784,0.0,30151.7451423,203885.6085,4095.68259766,176.4,19.2,0.0,0.0,0.0,0.0,260600,0.0
1202,4695.68,2425.25976,11444.64,3705.784,0.0,26850.9628435,203840.578396,3420.495,176.4,19.2,0.0,0.0,0.0,0.0,256579,0.0
1203,4695.68,2425.25976,11444.64,3705.784,0.0,23906.7853027,203831.6085,3804.64243731,176.4,19.2,0.0,0.0,0.0,0.0,254010,0.0
1204,4695.68,2425.25976,11444.64,3705.784,0.0,19242.4924119,208050.459828,4551.084,176.4,19.2,0.0,0.0,0.0,0.0,254311,0.0
1205,9453.32438936,2425.25976,11444.64,3705.784,0.0,15166.7698506,209266.938,4551.084,252.0,19.2,0.0,0.0,0.0,0.0,256285,0.0
1206,16264.0892362,2425.25976,11444.64,3705.784,0.0,12765.0050038,209266.938,4551.084,252.0,19.2,0.0,0.0,0.0,0.0,260694,0.0
1207,23736.0909243,2425.25976,11444.64,3705.784,0.0,11069.0033157,209266.938,4551.084,252.0,19.2,0.0,0.0,0.0,0.0,266470,0.0
1208,29553.2171209,2425.25976,11444.64,3705.784,2066.8880843,9720.98903477,209266.938,4551.084,252.0,19.2,0.0,0.0,0.0,0.0,273006,0.0
1209,25970.3865065,2425.25976,11444.64,3705.784,10984.8004292,8730.90730428,209266.938,4551.084,252.0,19.2,0.0,0.0,0.0,0.0,277351,0.0
1210,17511.4342398,2425.25976,11444.64,3705.784,20554.46108,7261.19892025,209266.938,4551.084,252.0,19.2,0.0,0.0,0.0,0.0,276992,0.0
1211,7492.60442788,2425.25976,11444.64,3705.784,28660.5619242,5799.92788792,209266.938,4551.084,252.0,19.2,0.0,0.0,0.0,0.0,273618,0.0
1212,4695.68,2425.25976,11444.64,3705.784,33963.9895121,4645.48329861,203956.675429,4260.888,176.4,19.2,0.0,0.0,0.0,0.0,269294,0.0
1213,4695.68,2425.25976,11444.64,3705.784,36315.078757,4175.77868828,200074.6935,2636.78529477,8.1,19.2,0.0,0.0,0.0,0.0,265501,0.0
1214,4695.68,2425.25976,11444.64,3705.784,35831.6510078,5353.90814196,197020.33509,2402.442,8.1,19.2,0.0,0.0,0.0,0.0,262907,0.0
1215,4695.68,2425.25976,11444.64,3705.784,31105.8656496,8659.31761421,198278.710976,2402.442,8.1,19.2,0.0,0.0,0.0,0.0,262745,0.0
1216,4695.68,2425.25976,11444.64,3705.784,27158.9176069,12524.2714824,199394.2935,2517.85365073,8.1,19.2,0.0,0.0,0.0,0.0,263894,0.0
1217,4695.68,2425.25976,11444.64,3705.784,18327.4834356,16493.0177561,206688.651048,4354.884,176.4,19.2,0.0,0.0,0.0,0.0,268331,0.0
1218,15113.998314,2425.25976,11444.64,3705.784,7566.50737128,20387.5885547,209266.938,4551.084,252.0,19.2,0.0,0.0,0.0,0.0,274733,0.0
1219,23997.5642219,2425.25976,11444.64,3705.784,0.0,23694.5300181,209266.938,4551.084,252.0,19.2,0.0,0.0,0.0,0.0,279357,0.0
1220,22199.1148606,2425.25976,11444.64,3705.784,0.0,28852.9793794,209266.938,4551.084,252.0,19.2,0.0,0.0,0.0,0.0,282717,0.0
1221,20396.5292962,2425.25976,11444.64,3705.784,0.0,31059.5649438,209266.938,4551.084,252.0,19.2,0.0,0.0,0.0,0.0,283121,0.0
1222,16423.4469027,2425.25976,11444.64,3705.784,0.0,30730.6522274,209371.93311,4551.084,252.0,19.2,0.0,0.0,0.0,0.0,278924,0.0
1223,10308.6931664,2425.25976,11444.64,3705.784,0.0,29133.4010736,209401.938,4551.084,252.0,19.2,0.0,0.0,0.0,0.0,271242,0.0
1224,6347.62989325,2425.25976,11444.64,3705.784,0.0,26815.4643468,209401.938,4551.084,252.0,19.2,0.0,0.0,0.0,0.0,264963,0.0
1225,4658.995,2410.82369,11444.64,3728.108,0.0,24078.747818,206832.551492,4668.534,176.4,19.2,0.0,0.0,0.0,0.0,258018,0.0
1226,4658.995,2410.82369,11444.64,3728.108,0.0,21628.0970512,204854.198259,4394.538,176.4,19.2,0.0,0.0,0.0,0.0,253315,0.0
1227,4658.995,2410.82369,11444.64,3728.108,0.0,19338.2367636,204848.6085,3858.98804641,176.4,19.2,0.0,0.0,0.0,0.0,250484,0.0
1228,4658.995,2410.82369,11444.64,3728.108,0.0,17222.9574763,207477.341834,4668.534,176.4,19.2,0.0,0.0,0.0,0.0,251807,0.0
1229,6927.43925511,2410.82369,11444.64,3728.108,0.0,14956.4670549,210931.938,5178.384,252.0,19.2,0.0,0.0,0.0,0.0,255849,0.0
1230,14762.0000288,2410.82369,11444.64,3728.108,0.0,13746.9062812,210931.938,5178.384,252.0,19.2,0.0,0.0,0.0,0.0,262474,0.0
1231,23006.6439284,2410.82369,11444.64,3728.108,0.0,12594.2623816,210931.938,5178.384,252.0,19.2,0.0,0.0,0.0,0.0,269566,0.0
1232,30022.3164623,2410.82369,11444.64,3728.108,2134.33187119,11176.7163989,210931.938,5178.384,308.541577644,19.2,0.0,0.0,0.0,0.0,277355,0.0
1233,28856.5529441,2410.82369,11444.64,3728.108,10794.5545895,8962.7987764,210931.938,5178.384,252.0,19.2,0.0,0.0,0.0,0.0,282579,0.0
1234,21634.2640408,2410.82369,11444.64,3728.108,20473.3723215,8269.26994774,210931.938,5178.384,252.0,19.2,0.0,0.0,0.0,0.0,284342,0.0
1235,12570.6839988,2410.82369,11444.64,3728.108,28527.2033479,6852.01896334,210931.938,5178.384,252.0,19.2,0.0,0.0,0.0,0.0,281915,0.0
1236,4658.995,2410.82369,11444.64,3728.108,34086.0936655,5188.03199181,210931.938,5136.16965267,252.0,19.2,0.0,0.0,0.0,0.0,277856,0.0
1237,4658.995,2410.82369,11444.64,3728.108,36849.991046,4917.59214044,204848.6085,3861.6416236,176.4,19.2,0.0,0.0,0.0,0.0,272916,0.0
1238,4658.995,2410.82369,11444.64,3728.108,35289.5559943,6097.1206861,202169.67963,3159.477,176.4,19.2,0.0,0.0,0.0,0.0,269154,0.0
1239,4658.995,2410.82369,11444.64,3728.108,30583.4520445,8323.9016349,201622.247631,3089.232,176.4,19.2,0.0,0.0,0.0,0.0,266057,0.0
1240,4658.995,2410.82369,11444.64,3728.108,26607.8259755,11688.0815706,201167.933764,3038.292,8.1,19.2,0.0,0.0,0.0,0.0,264772,0.0
1241,4658.995,2410.82369,11444.64,3728.108,18838.5080888,15307.5734444,206653.167777,4591.584,176.4,19.2,0.0,0.0,0.0,0.0,267829,0.0
1242,14245.5256247,2410.82369,11444.64,3728.108,8087.72779906,17500.6528862,210931.938,5178.384,252.0,19.2,0.0,0.0,0.0,0.0,273799,0.0
1243,24397.0955887,2410.82369,11444.64,3728.108,84.2280613772,19478.5826599,210931.938,5178.384,252.0,19.2,0.0,0.0,0.0,0.0,277925,0.0
1244,23293.1572194,2410.82369,11444.64,3728.108,0.0,23751.7490906,210931.938,5178.384,252.0,19.2,0.0,0.0,0.0,0.0,281010,0.0
1245,19747.7380383,2410.82369,11444.64,3728.108,0.0,27265.1682717,210931.938,5178.384,252.0,19.2,0.0,0.0,0.0,0.0,280978,0.0
1246,14178.1908913,2410.82369,11444.64,3728.108,0.0,27850.7154187,210931.938,5178.384,252.0,19.2,0.0,0.0,0.0,0.0,275994,0.0
1247,6834.37047918,2410.82369,11444.64,3728.108,0.0,26451.5358308,210931.938,5178.384,252.0,19.2,0.0,0.0,0.0,0.0,267251,0.0
1248,4658.995,2410.82369,11444.64,3728.108,0.0,24257.8914922,208112.407818,4668.534,176.4,19.2,0.0,0.0,0.0,0.0,259477,0.0
1249,4658.995,2381.95155,11444.64,3728.108,0.0,21549.2221028,204829.946347,3180.537,176.4,19.2,0.0,0.0,0.0,0.0,251969,0.0
1250,4658.995,2381.95155,11444.64,3728.108,0.0,18828.5531822,202308.615268,3180.537,176.4,19.2,0.0,0.0,0.0,0.0,246727,0.0
1251,4658.995,2381.95155,11444.64,3728.108,0.0,15776.5073591,202820.661091,3180.537,176.4,19.2,0.0,0.0,0.0,0.0,244187,0.0
1252,4658.995,2381.95155,11444.64,3728.108,0.0,13461.3319165,206123.775534,4595.598,176.4,19.2,0.0,0.0,0.0,0.0,246590,0.0
1253,4835.77477597,2381.95155,11444.64,3728.108,0.0,11931.972674,211246.938,5220.504,484.911,19.2,0.0,0.0,0.0,0.0,251294,0.0
1254,12499.3427323,2381.95155,11444.64,3728.108,0.0,10946.4047177,211246.938,5220.504,484.911,19.2,0.0,0.0,0.0,0.0,257972,0.0
1255,20239.5537083,2381.95155,11444.64,3728.108,0.0,9999.19374169,211246.938,5220.504,484.911,19.2,0.0,0.0,0.0,0.0,264765,0.0
1256,24613.4315387,2381.95155,11444.64,3728.108,2191.65826867,9702.15764261,211246.938,5220.504,570.411,19.2,0.0,0.0,0.0,0.0,271119,0.0
1257,21228.4678019,2381.95155,11444.64,3728.108,11012.2439438,8905.53570429,211246.938,5220.504,570.411,19.2,0.0,0.0,0.0,0.0,275758,0.0
1258,16306.7015611,2381.95155,11444.64,3728.108,20989.3971609,6875.64872803,211246.938,5220.504,484.911,19.2,0.0,0.0,0.0,0.0,278698,0.0
1259,8027.42367057,2381.95155,11444.64,3728.108,29093.0765605,6161.2472189,211246.938,5220.504,484.911,19.2,0.0,0.0,0.0,0.0,277808,0.0
1260,4658.995,2381.95155,11444.64,3728.108,34828.9830395,6502.63966398,206571.484746,4595.598,176.4,19.2,0.0,0.0,0.0,0.0,274908,0.0
1261,4658.995,2381.95155,11444.64,3728.108,37335.7099782,6295.26725146,202199.43622,3110.292,176.4,19.2,0.0,0.0,0.0,0.0,271350,0.0
1262,4658.995,2381.95155,11444.64,3728.108,37263.3146451,7500.42225039,198610.116555,2737.152,8.1,19.2,0.0,0.0,0.0,0.0,268352,0.0
1263,4658.995,2381.95155,11444.64,3728.108,32764.7708228,9408.7927225,198571.289905,2737.152,8.1,19.2,0.0,0.0,0.0,0.0,265723,0.0
1264,4658.995,2381.95155,11444.64,3728.108,28797.1774975,10418.9045383,200335.771414,2737.152,8.1,19.2,0.0,0.0,0.0,0.0,264530,0.0
1265,4658.995,2381.95155,11444.64,3728.108,20941.4577562,11670.1050736,207630.54862,4689.594,176.4,19.2,0.0,0.0,0.0,0.0,267341,0.0
1266,16081.8556877,2381.95155,11444.64,3728.108,8984.6719112,13490.2198511,211246.938,5220.504,484.911,19.2,0.0,0.0,0.0,0.0,273083,0.0
1267,26652.9950829,2381.95155,11444.64,3728.108,81.604377312,15230.5624853,211246.938,5220.504,488.496504459,19.2,0.0,0.0,0.0,0.0,276495,0.0
1268,27069.4799866,2381.95155,11444.64,3728.108,0.0,17679.2674634,211246.938,5220.504,484.911,19.2,0.0,0.0,0.0,0.0,279275,0.0
1269,25764.8904252,2381.95155,11444.64,3728.108,0.0,19187.8570248,211246.938,5220.504,484.911,19.2,0.0,0.0,0.0,0.0,279479,0.0
1270,21197.1208354,2381.95155,11444.64,3728.108,0.0,20848.6266146,211246.938,5220.504,484.911,19.2,0.0,0.0,0.0,0.0,276572,0.0
1271,13171.3633251,2381.95155,11444.64,3728.108,0.0,22016.8841249,211246.938,5220.504,570.411,19.2,0.0,0.0,0.0,0.0,269800,0.0
1272,7446.57236833,2381.95155,11444.64,3728.108,0.0,23334.1750817,211246.938,5220.504,484.911,19.2,0.0,0.0,0.0,0.0,265307,0.0
1273,17821.2991152,2381.95155,11444.64,3728.108,0.0,25158.5443348,194434.173,4158.684,176.4,19.2,0.0,0.0,0.0,0.0,259323,0.0
1274,9822.51111874,2381.95155,11444.64,3728.108,0.0,27743.7323313,194434.173,4158.684,252.0,19.2,0.0,0.0,0.0,0.0,253985,0.0
1275,4695.68,2381.95155,11444.64,3728.108,0.0,30720.9697827,193300.173,4010.87766728,176.4,19.2,0.0,0.0,0.0,0.0,250478,0.0
1276,4695.68,2381.95155,11444.64,3728.108,0.0,29660.5898548,194003.742595,4064.688,176.4,19.2,0.0,0.0,0.0,0.0,250175,0.0
1277,6954.32007939,2381.95155,11444.64,3728.108,0.0,27474.9233706,194434.173,4158.684,252.0,19.2,0.0,0.0,0.0,0.0,250848,0.0
1278,12473.9498653,2381.95155,11444.64,3728.108,0.0,25167.2935847,194434.173,4158.684,252.0,19.2,0.0,0.0,0.0,0.0,254060,0.0
1279,18845.0175013,2381.95155,11444.64,3728.108,0.0,23200.2259487,194434.173,4158.684,252.0,19.2,0.0,0.0,0.0,0.0,258464,0.0
1280,24137.3002945,2381.95155,11444.64,3728.108,2310.86225705,20030.6808985,194434.173,4158.684,176.4,19.2,0.0,0.0,0.0,0.0,262822,0.0
1281,22395.3022916,2381.95155,11444.64,3728.108,11542.0459939,16037.4951646,194434.173,4158.684,176.4,19.2,0.0,0.0,0.0,0.0,266318,0.0
1282,19126.8365624,2381.95155,11444.64,3728.108,21754.1115694,11382.8953182,194434.173,4158.684,176.4,19.2,0.0,0.0,0.0,0.0,268607,0.0
1283,10656.5919726,2381.95155,11444.64,3728.108,29738.4380712,11638.7042534,194434.173,4158.684,192.509152803,19.2,0.0,0.0,0.0,0.0,268393,0.0
1284,4695.68,2381.95155,11444.64,3728.108,35515.7513908,12865.4820285,192655.160031,2649.627,176.4,19.2,0.0,0.0,0.0,0.0,266132,0.0
1285,4695.68,2381.95155,11444.64,3728.108,38460.278375,11199.4653686,188377.334706,2206.242,8.1,19.2,0.0,0.0,0.0,0.0,262521,0.0
1286,4695.68,2381.95155,11444.64,3728.108,38004.834166,10895.0227119,185728.221572,2206.242,8.1,19.2,0.0,0.0,0.0,0.0,259112,0.0
1287,4695.68,2381.95155,11444.64,3728.108,34298.2012173,11508.6952979,185725.181935,2206.242,8.1,19.2,0.0,0.0,0.0,0.0,256016,0.0
1288,4695.68,2381.95155,11444.64,3728.108,29655.854243,12460.9943447,187462.229862,2206.242,8.1,19.2,0.0,0.0,0.0,0.0,254063,0.0
1289,4695.68,2381.95155,11444.64,3728.108,20949.497983,13459.139729,194434.173,4122.20973797,176.4,19.2,0.0,0.0,0.0,0.0,255411,0.0
1290,19144.2761202,2381.95155,11444.64,3728.108,9265.21519399,15221.7521358,194434.173,4158.684,252.0,19.2,0.0,0.0,0.0,0.0,260050,0.0
1291,28100.3700616,2381.95155,11444.64,3728.108,90.7855627156,18524.0878257,194434.173,4158.684,252.0,19.2,0.0,0.0,0.0,0.0,263134,0.0
1292,21743.7045548,2381.95155,11444.64,3728.108,0.0,27278.5388952,194434.173,4158.684,252.0,19.2,0.0,0.0,0.0,0.0,265441,0.0
1293,14068.1388866,2381.95155,11444.64,3728.108,0.0,35125.1045634,194434.173,4158.684,252.0,19.2,0.0,0.0,0.0,0.0,265612,0.0
1294,4818.90427577,2381.95155,11444.64,3728.108,0.0,41724.3391742,194434.173,4158.684,252.0,19.2,0.0,0.0,0.0,0.0,262962,0.0
1295,4695.68,2381.95155,11444.64,3728.108,0.0,46681.2378895,186498.84056,2206.242,8.1,19.2,0.0,0.0,0.0,0.0,257664,0.0
1296,4695.68,2381.95155,11444.64,3728.108,0.0,50566.4661417,178771.612308,2206.242,8.1,19.2,0.0,0.0,0.0,0.0,253822,0.0
1297,4695.68,2367.51548,11444.64,3750.432,0.0,52847.7205785,172796.526941,697.185,8.1,19.2,0.0,0.0,0.0,0.0,248627,0.0
1298,4695.68,2367.51548,11444.64,3750.432,0.0,52345.6715534,169802.575967,697.185,8.1,19.2,0.0,0.0,0.0,0.0,245131,0.0
1299,4695.68,2367.51548,11444.64,3750.432,0.0,51008.56701,169963.68051,697.185,8.1,19.2,0.0,0.0,0.0,0.0,243955,0.0
1300,4695.68,2367.51548,11444.64,3750.432,0.0,50014.5061024,173278.741418,697.185,8.1,19.2,0.0,0.0,0.0,0.0,246276,0.0
1301,4695.68,2367.51548,11444.64,3750.432,0.0,49545.9135857,178181.333934,697.185,8.1,19.2,0.0,0.0,0.0,0.0,250710,0.0
1302,7271.53269748,2367.51548,11444.64,3750.432,0.0,48992.3947553,182731.315067,1140.57,176.4,19.2,0.0,0.0,0.0,0.0,257894,0.0
1303,14112.1345495,2367.51548,11444.64,3750.432,0.0,48937.3449705,182747.763,1140.57,176.4,19.2,0.0,0.0,0.0,0.0,264696,0.0
1304,18286.2671521,2367.51548,11444.64,3750.432,2572.21263366,48314.9897342,182818.773,1140.57,176.4,19.2,0.0,0.0,0.0,0.0,270891,0.0
1305,17499.1422294,2367.51548,11444.64,3750.432,11683.0140752,44249.3332154,182676.753,1140.57,176.4,19.2,0.0,0.0,0.0,0.0,275007,0.0
1306,6183.00325628,2367.51548,11444.64,3750.432,21577.8840255,47458.5922382,182747.763,1140.57,176.4,19.2,0.0,0.0,0.0,0.0,276866,0.0
1307,4695.68,2367.51548,11444.64,3750.432,30093.8109822,54236.1698278,167680.26671,697.185,8.1,19.2,0.0,0.0,0.0,0.0,274993,0.0
1308,4695.68,2367.51548,11444.64,3750.432,36176.1627783,54202.4382209,158481.646521,697.185,8.1,19.2,0.0,0.0,0.0,0.0,271843,0.0
1309,4695.68,2367.51548,11444.64,3750.432,37897.6846498,48365.5072449,159563.055625,697.185,8.1,19.2,0.0,0.0,0.0,0.0,268809,0.0
1310,4695.68,2367.51548,11444.64,3750.432,37947.4161075,42908.1556953,162711.675717,697.185,8.1,19.2,0.0,0.0,0.0,0.0,266550,0.0
1311,4695.68,2367.51548,11444.64,3750.432,34296.9331401,40534.08139,166583.23299,697.185,8.1,19.2,0.0,0.0,0.0,0.0,264397,0.0
1312,4695.68,2367.51548,11444.64,3750.432,27119.311317,39360.8405083,174211.095695,697.185,8.1,19.2,0.0,0.0,0.0,0.0,263674,0.0
1313,6676.41677548,2367.51548,11444.64,3750.432,19278.6480827,38670.4246618,182676.753,1140.57,176.4,19.2,0.0,0.0,0.0,0.0,266201,0.0
1314,23026.2184529,2367.51548,11444.64,3750.432,7569.66610582,39351.5949613,182747.763,1140.57,176.4,19.2,0.0,0.0,0.0,0.0,271594,0.0
1315,34278.3941776,2367.51548,11444.64,3750.432,104.016588844,39056.0687536,182747.763,1140.57,176.4,19.2,0.0,0.0,0.0,0.0,275085,0.0
1316,29537.443303,2367.51548,11444.64,3750.432,0.0,47113.046217,182676.753,1140.57,176.4,19.2,0.0,0.0,0.0,0.0,278226,0.0
1317,24482.7252166,2367.51548,11444.64,3750.432,0.0,52895.7543034,182747.763,1140.57,176.4,19.2,0.0,0.0,0.0,0.0,279025,0.0
1318,20200.6640808,2367.51548,11444.64,3750.432,0.0,54181.8054392,182818.773,1140.57,176.4,19.2,0.0,0.0,0.0,0.0,276100,0.0
1319,14071.5453776,2367.51548,11444.64,3750.432,0.0,52888.9341424,182747.763,1140.57,176.4,19.2,0.0,0.0,0.0,0.0,268607,0.0
1320,9787.35543138,2367.51548,11444.64,3750.432,0.0,50628.1240886,182747.763,1140.57,176.4,19.2,0.0,0.0,0.0,0.0,262062,0.0
1321,4658.995,2396.38762,11444.64,3772.756,0.0,47382.8599719,182852.819408,2206.242,8.1,19.2,0.0,0.0,0.0,0.0,254742,0.0
1322,4658.995,2396.38762,11444.64,3772.756,0.0,43692.6477032,181167.031677,2206.242,8.1,19.2,0.0,0.0,0.0,0.0,249366,0.0
1323,4658.995,2396.38762,11444.64,3772.756,0.0,41895.0933965,180778.585984,2206.242,8.1,19.2,0.0,0.0,0.0,0.0,247180,0.0
1324,4658.995,2396.38762,11444.64,3772.756,0.0,40795.4021936,183258.277186,2206.242,8.1,19.2,0.0,0.0,0.0,0.0,248560,0.0
1325,4658.995,2396.38762,11444.64,3772.756,0.0,39673.8065162,187938.872864,2206.242,8.1,19.2,0.0,0.0,0.0,0.0,252119,0.0
1326,4658.995,2396.38762,11444.64,3772.756,0.0,39157.2603741,192778.173,3951.18800595,176.4,19.2,0.0,0.0,0.0,0.0,258355,0.0
1327,10289.1285067,2396.38762,11444.64,3772.756,0.0,38616.0308733,193534.173,4158.684,252.0,19.2,0.0,0.0,0.0,0.0,264483,0.0
1328,13792.7351347,2396.38762,11444.64,3772.756,2517.16033332,38050.4639119,193534.173,4158.684,370.8,19.2,0.0,0.0,0.0,0.0,270057,0.0
1329,11764.4974903,2396.38762,11444.64,3772.756,11517.4395752,35238.4223145,193534.173,4158.684,370.8,19.2,0.0,0.0,0.0,0.0,274217,0.0
1330,5402.47610693,2396.38762,11444.64,3772.756,21482.1696189,33694.7136541,193534.173,4158.684,370.8,19.2,0.0,0.0,0.0,0.0,276276,0.0
1331,4658.995,2396.38762,11444.64,3772.756,29107.1234252,34843.0037787,186946.552176,2206.242,8.1,19.2,0.0,0.0,0.0,0.0,275403,0.0
1332,4658.995,2396.38762,11444.64,3772.756,33385.1194379,32723.1233178,182819.436624,2206.242,8.1,19.2,0.0,0.0,0.0,0.0,273434,0.0
1333,4658.995,2396.38762,11444.64,3772.756,35056.3461004,28792.8940234,183276.439256,2206.242,8.1,19.2,0.0,0.0,0.0,0.0,271632,0.0
1334,4658.995,2396.38762,11444.64,3772.756,34472.9317278,26553.3818475,184857.365805,2206.242,8.1,19.2,0.0,0.0,0.0,0.0,270390,0.0
1335,4658.995,2396.38762,11444.64,3772.756,31685.6388455,25346.5165585,187843.523976,2206.242,8.1,19.2,0.0,0.0,0.0,0.0,269382,0.0
1336,4658.995,2396.38762,11444.64,3772.756,27218.9406406,25485.070665,190594.983074,2649.627,176.4,19.2,0.0,0.0,0.0,0.0,268417,0.0
1337,8249.00123177,2396.38762,11444.64,3772.756,20257.1318378,26385.2263105,193534.173,4158.684,370.8,19.2,0.0,0.0,0.0,0.0,270588,0.0
1338,24616.5372226,2396.38762,11444.64,3772.756,8590.48506066,26754.3370968,193534.173,4158.684,370.8,19.2,0.0,0.0,0.0,0.0,275658,0.0
1339,36254.5002956,2396.38762,11444.64,3772.756,116.068072184,26681.7910122,193534.173,4158.684,370.8,19.2,0.0,0.0,0.0,0.0,278749,0.0
1340,34009.6065665,2396.38762,11444.64,3772.756,0.0,32304.7528135,193534.173,4158.684,370.8,19.2,0.0,0.0,0.0,0.0,282011,0.0
1341,29133.1965886,2396.38762,11444.64,3772.756,0.0,37757.1627914,193534.173,4158.684,370.8,19.2,0.0,0.0,0.0,0.0,282587,0.0
1342,23357.5844738,2396.38762,11444.64,3772.756,0.0,39871.0677866,193534.173,4158.684,333.507119645,19.2,0.0,0.0,0.0,0.0,278888,0.0
1343,15075.6388966,2396.38762,11444.64,3772.756,0.0,40168.5204834,193534.173,4158.684,252.0,19.2,0.0,0.0,0.0,0.0,270822,0.0
1344,9212.48018597,2396.38762,11444.64,3772.756,0.0,39677.679194,193534.173,4158.684,252.0,19.2,0.0,0.0,0.0,0.0,264468,0.0
1345,4732.365,2410.82369,11444.64,3772.756,0.0,38381.2973175,194123.178,2555.63999247,8.1,19.2,0.0,0.0,0.0,0.0,257448,0.0
1346,4732.365,2410.82369,11444.64,3772.756,0.0,36148.514903,191488.158407,2402.442,8.1,19.2,0.0,0.0,0.0,0.0,252427,0.0
1347,4732.365,2410.82369,11444.64,3772.756,0.0,33418.7091347,191277.964175,2402.442,8.1,19.2,0.0,0.0,0.0,0.0,249487,0.0
1348,4732.365,2410.82369,11444.64,3772.756,0.0,29722.021603,195539.211707,2775.582,176.4,19.2,0.0,0.0,0.0,0.0,250593,0.0
1349,4732.365,2410.82369,11444.64,3772.756,0.0,26509.0803012,200412.351009,4323.384,176.4,19.2,0.0,0.0,0.0,0.0,253801,0.0
1350,10516.05298,2410.82369,11444.64,3772.756,0.0,24076.67033,201871.773,4551.084,252.0,19.2,0.0,0.0,0.0,0.0,258915,0.0
1351,18469.7913772,2410.82369,11444.64,3772.756,0.0,21805.9319328,201871.773,4551.084,252.0,19.2,0.0,0.0,0.0,0.0,264598,0.0
1352,24704.1940568,2410.82369,11444.64,3772.756,2691.67185964,19123.4573935,201871.773,4551.084,176.4,19.2,0.0,0.0,0.0,0.0,270766,0.0
1353,23252.2554216,2410.82369,11444.64,3772.756,11593.5801041,15824.4877843,201871.773,4551.084,176.4,19.2,0.0,0.0,0.0,0.0,274917,0.0
1354,18794.4267357,2410.82369,11444.64,3772.756,21284.7182013,11904.0803338,201871.773,4551.084,238.498039216,19.2,0.0,0.0,0.0,0.0,276292,0.0
1355,11405.0214876,2410.82369,11444.64,3772.756,29789.9714933,9599.73032914,201871.773,4551.084,252.0,19.2,0.0,0.0,0.0,0.0,275117,0.0
1356,4732.365,2410.82369,11444.64,3772.756,35617.9659286,8827.08435354,201208.881028,4354.884,176.4,19.2,0.0,0.0,0.0,0.0,272565,0.0
1357,4732.365,2410.82369,11444.64,3772.756,38442.279496,8723.08484906,196704.623965,2845.827,176.4,19.2,0.0,0.0,0.0,0.0,269272,0.0
1358,4732.365,2410.82369,11444.64,3772.756,37710.9470257,9258.84328115,194423.383003,2559.942,8.1,19.2,0.0,0.0,0.0,0.0,266341,0.0
1359,4732.365,2410.82369,11444.64,3772.756,33507.9809657,10611.1469375,194803.578,2596.40940681,8.1,19.2,0.0,0.0,0.0,0.0,263907,0.0
1360,4732.365,2410.82369,11444.64,3772.756,27714.8405613,12455.2383777,196148.909371,2845.827,176.4,19.2,0.0,0.0,0.0,0.0,261721,0.0
1361,4732.365,2410.82369,11444.64,3772.756,20919.4698886,14467.0361575,201594.425264,4354.884,176.4,19.2,0.0,0.0,0.0,0.0,263892,0.0
1362,19001.5415937,2410.82369,11444.64,3772.756,9322.12330915,16519.0584071,201871.773,4551.084,252.0,19.2,0.0,0.0,0.0,0.0,269165,0.0
1363,29342.1670261,2410.82369,11444.64,3772.756,121.240173614,19225.3161103,201871.773,4551.084,252.0,19.2,0.0,0.0,0.0,0.0,273011,0.0
1364,26300.9785681,2410.82369,11444.64,3772.756,0.0,25663.7447419,201871.773,4551.084,252.0,19.2,0.0,0.0,0.0,0.0,276287,0.0
1365,21465.3601433,2410.82369,11444.64,3772.756,0.0,31387.3631667,201871.773,4551.084,252.0,19.2,0.0,0.0,0.0,0.0,277175,0.0
1366,12292.7883098,2410.82369,11444.64,3772.756,0.0,34524.9350002,201871.773,4551.084,252.0,19.2,0.0,0.0,0.0,0.0,271140,0.0
1367,4732.365,2410.82369,11444.64,3772.756,0.0,35862.8570388,198999.070271,4260.888,176.4,19.2,0.0,0.0,0.0,0.0,261679,0.0
1368,4732.365,2410.82369,11444.64,3772.756,0.0,35681.909875,193642.763435,2402.442,8.1,19.2,0.0,0.0,0.0,0.0,254115,0.0
1369,4585.625,2439.69583,11444.64,3795.08,0.0,33913.569901,188360.647269,2402.442,8.1,19.2,0.0,0.0,0.0,0.0,246969,0.0
1370,4585.625,2439.69583,11444.64,3795.08,0.0,30867.955141,185806.262029,2402.442,8.1,19.2,0.0,0.0,0.0,0.0,241369,0.0
1371,4585.625,2439.69583,11444.64,3795.08,0.0,27461.5148474,186676.702323,2402.442,8.1,19.2,0.0,0.0,0.0,0.0,238833,0.0
1372,4585.625,2439.69583,11444.64,3795.08,0.0,23328.5564139,191605.160756,2559.942,8.1,19.2,0.0,0.0,0.0,0.0,239786,0.0
1373,4585.625,2439.69583,11444.64,3795.08,0.0,19719.6806793,197130.790491,4260.888,176.4,19.2,0.0,0.0,0.0,0.0,243572,0.0
1374,12606.719439,2439.69583,11444.64,3795.08,0.0,17283.257731,197809.173,4485.834,176.4,19.2,0.0,0.0,0.0,0.0,250060,0.0
1375,20765.6720484,2439.69583,11444.64,3795.08,0.0,15905.3051216,197809.173,4485.834,176.4,19.2,0.0,0.0,0.0,0.0,256841,0.0
1376,26981.0129465,2439.69583,11444.64,3795.08,2719.4238131,14108.5404104,197809.173,4485.834,176.4,19.2,0.0,0.0,0.0,0.0,263979,0.0
1377,24897.3938103,2439.69583,11444.64,3795.08,11793.4254628,12085.1578968,197809.173,4485.834,176.4,19.2,0.0,0.0,0.0,0.0,268946,0.0
1378,19560.0720521,2439.69583,11444.64,3795.08,21866.3139195,9184.0220096,197809.173,4486.40318884,176.4,19.2,0.0,0.0,0.0,0.0,270781,0.0
1379,11277.7409347,2439.69583,11444.64,3795.08,30100.6038797,7796.38235564,197809.173,4551.084,176.4,19.2,0.0,0.0,0.0,0.0,269410,0.0
1380,4585.625,2439.69583,11444.64,3795.08,35499.7859924,7344.18254507,197365.502633,4260.888,176.4,19.2,0.0,0.0,0.0,0.0,266931,0.0
1381,4585.625,2439.69583,11444.64,3795.08,37771.9741493,8335.84146653,192291.858,2724.642,150.44355413,19.2,0.0,0.0,0.0,0.0,263559,0.0
1382,4585.625,2439.69583,11444.64,3795.08,36626.9736031,10313.313143,188951.930424,2402.442,8.1,19.2,0.0,0.0,0.0,0.0,260587,0.0
1383,4585.625,2439.69583,11444.64,3795.08,29311.4862963,12527.311865,191824.919009,2559.942,8.1,19.2,0.0,0.0,0.0,0.0,258516,0.0
1384,4585.625,2439.69583,11444.64,3795.08,25631.7993839,14730.28985,191960.927936,2724.642,8.1,19.2,0.0,0.0,0.0,0.0,257340,0.0
1385,6923.67958601,2439.69583,11444.64,3795.08,17417.1467665,15486.9008175,197809.173,4551.084,176.4,19.2,0.0,0.0,0.0,0.0,260063,0.0
1386,20984.3386115,2439.69583,11444.64,3795.08,8090.5846059,15934.8039526,197809.173,4551.084,176.4,19.2,0.0,0.0,0.0,0.0,265245,0.0
1387,29620.7473774,2439.69583,11444.64,3795.08,137.206392852,18458.7733997,197809.173,4551.084,176.4,19.2,0.0,0.0,0.0,0.0,268452,0.0
1388,24130.3993315,2439.69583,11444.64,3795.08,0.0,25664.3278385,197809.173,4551.084,176.4,19.2,0.0,0.0,0.0,0.0,270030,0.0
1389,16484.8211297,2439.69583,11444.64,3795.08,0.0,32858.9060403,197809.173,4551.084,176.4,19.2,0.0,0.0,0.0,0.0,269579,0.0
1390,7805.22543293,2439.69583,11444.64,3795.08,0.0,36177.5017371,197809.173,4551.084,176.4,19.2,0.0,0.0,0.0,0.0,264218,0.0
1391,4585.625,2439.69583,11444.64,3795.08,0.0,36329.3182677,192819.213902,2845.827,176.4,19.2,0.0,0.0,0.0,0.0,254455,0.0
1392,4585.625,2439.69583,11444.64,3795.08,0.0,35277.0076935,185026.209477,2402.442,8.1,19.2,0.0,0.0,0.0,0.0,244998,0.0
1393,4548.94,2468.56797,11444.64,3772.756,0.0,33077.6182879,179371.524742,1300.653,8.1,19.2,0.0,0.0,0.0,0.0,236012,0.0
1394,4548.94,2468.56797,11444.64,3772.756,0.0,30088.572204,175479.570826,1300.653,8.1,19.2,0.0,0.0,0.0,0.0,229131,0.0
1395,4548.94,2468.56797,11444.64,3772.756,0.0,26996.5144101,174279.62862,1300.653,8.1,19.2,0.0,0.0,0.0,0.0,224839,0.0
1396,4548.94,2468.56797,11444.64,3772.756,0.0,23952.0273436,177007.115686,1300.653,8.1,19.2,0.0,0.0,0.0,0.0,224522,0.0
1397,4548.94,2468.56797,11444.64,3772.756,0.0,22023.0977893,182871.045241,1300.653,8.1,19.2,0.0,0.0,0.0,0.0,228457,0.0
1398,8464.44919012,2468.56797,11444.64,3772.756,0.0,21088.7078399,185866.173,2347.506,252.0,19.2,0.0,0.0,0.0,0.0,235724,0.0
1399,17185.5043355,2468.56797,11444.64,3772.756,0.0,20328.2526945,185866.173,2347.506,176.4,19.2,0.0,0.0,0.0,0.0,243609,0.0
1400,22966.068158,2468.56797,11444.64,3772.756,2685.75103668,19273.3378353,185866.173,2347.506,252.0,19.2,0.0,0.0,0.0,0.0,251096,0.0
1401,21617.5170748,2468.56797,11444.64,3772.756,11274.522033,17998.4594355,185866.173,2347.506,203.65848672,19.2,0.0,0.0,0.0,0.0,257013,0.0
1402,17394.0381602,2468.56797,11444.64,3772.756,21066.901949,15730.8169208,185866.173,2347.506,176.4,19.2,0.0,0.0,0.0,0.0,260287,0.0
1403,8901.28772074,2468.56797,11444.64,3772.756,29858.0603224,16365.4089869,185866.173,2347.506,176.4,19.2,0.0,0.0,0.0,0.0,261220,0.0
1404,4548.94,2468.56797,11444.64,3772.756,35510.0642266,16817.4428985,183603.435905,1622.853,8.1,19.2,0.0,0.0,0.0,0.0,259816,0.0
1405,4548.94,2468.56797,11444.64,3772.756,38260.8238112,18181.585287,177400.733932,1300.653,8.1,19.2,0.0,0.0,0.0,0.0,257406,0.0
1406,4548.94,2468.56797,11444.64,3772.756,37008.1229838,21857.951435,172481.068611,1300.653,8.1,19.2,0.0,0.0,0.0,0.0,254910,0.0
1407,4548.94,2468.56797,11444.64,3772.756,32413.4148714,26747.4499362,169262.278222,1300.653,8.1,19.2,0.0,0.0,0.0,0.0,251986,0.0
1408,4548.94,2468.56797,11444.64,3772.756,27093.3665982,30516.440354,168030.336078,1300.653,8.1,19.2,0.0,0.0,0.0,0.0,249203,0.0
1409,4548.94,2468.56797,11444.64,3772.756,19202.9272716,32102.965969,176085.249789,1300.653,8.1,19.2,0.0,0.0,0.0,0.0,250954,0.0
1410,9100.07128878,2468.56797,11444.64,3772.756,8957.62080975,32092.0649315,185866.173,2347.506,176.4,19.2,0.0,0.0,0.0,0.0,256245,0.0
1411,23744.3727963,2468.56797,11444.64,3772.756,130.46629187,30343.9179418,185866.173,2347.506,176.4,19.2,0.0,0.0,0.0,0.0,260314,0.0
1412,25098.0002267,2468.56797,11444.64,3772.756,0.0,32201.7568033,185866.173,2347.506,176.4,19.2,0.0,0.0,0.0,0.0,263395,0.0
1413,25204.2381018,2468.56797,11444.64,3772.756,0.0,33105.5189282,185866.173,2347.506,176.4,19.2,0.0,0.0,0.0,0.0,264405,0.0
1414,22243.2990857,2468.56797,11444.64,3772.756,0.0,31548.4579443,185866.173,2347.506,176.4,19.2,0.0,0.0,0.0,0.0,259887,0.0
1415,15962.0863366,2468.56797,11444.64,3772.756,0.0,29496.6706934,185866.173,2347.506,176.4,19.2,0.0,0.0,0.0,0.0,251554,0.0
1416,9146.0502247,2468.56797,11444.64,3772.756,0.0,28254.7068053,185866.173,2347.506,176.4,19.2,0.0,0.0,0.0,0.0,243496,0.0
1417,4365.515,2468.56797,11444.64,3795.08,0.0,27148.283641,184121.171389,2402.442,8.1,19.2,0.0,0.0,0.0,0.0,235773,0.0
1418,4365.515,2468.56797,11444.64,3795.08,0.0,25334.5355271,180008.919503,2402.442,8.1,19.2,0.0,0.0,0.0,0.0,229847,0.0
1419,4365.515,2468.56797,11444.64,3795.08,0.0,23123.9433855,179716.511644,2402.442,8.1,19.2,0.0,0.0,0.0,0.0,227344,0.0
1420,4365.515,2468.56797,11444.64,3795.08,0.0,19378.4050335,184488.049996,2402.442,8.1,19.2,0.0,0.0,0.0,0.0,228370,0.0
1421,4365.515,2468.56797,11444.64,3795.08,0.0,15854.8986102,191372.87142,2845.827,176.4,19.2,0.0,0.0,0.0,0.0,232343,0.0
1422,7968.51656237,2468.56797,11444.64,3795.08,0.0,13766.7384676,194659.173,4551.084,252.0,19.2,0.0,0.0,0.0,0.0,238925,0.0
1423,16177.0854735,2468.56797,11444.64,3795.08,0.0,12581.1695565,194659.173,4551.084,252.0,19.2,0.0,0.0,0.0,0.0,245948,0.0
1424,20873.5121407,2468.56797,11444.64,3795.08,2817.11035309,11624.2325362,194659.173,4551.084,176.4,19.2,0.0,0.0,0.0,0.0,252429,0.0
1425,18529.8115737,2468.56797,11444.64,3795.08,11138.1829564,10033.6684443,194659.173,4551.084,208.592055691,19.2,0.0,0.0,0.0,0.0,256848,0.0
1426,12512.8504674,2468.56797,11444.64,3795.08,20114.7248883,8718.67967429,194659.173,4551.084,252.0,19.2,0.0,0.0,0.0,0.0,258536,0.0
1427,6108.85943371,2468.56797,11444.64,3795.08,28164.8663128,6359.52928348,194659.173,4551.084,252.0,19.2,0.0,0.0,0.0,0.0,257823,0.0
1428,4365.515,2468.56797,11444.64,3795.08,31880.3247475,4445.72604248,193403.673,3638.87324007,176.4,19.2,0.0,0.0,0.0,0.0,255638,0.0
1429,4365.515,2468.56797,11444.64,3795.08,34433.4917264,3902.79035149,190221.858,2724.642,78.214952078,19.2,0.0,0.0,0.0,0.0,253454,0.0
1430,4365.515,2468.56797,11444.64,3795.08,33939.9771922,4339.43975109,188388.038087,2402.442,8.1,19.2,0.0,0.0,0.0,0.0,251171,0.0
1431,4365.515,2468.56797,11444.64,3795.08,30096.3359357,5754.27874931,189017.840345,2402.442,8.1,19.2,0.0,0.0,0.0,0.0,249372,0.0
1432,4365.515,2468.56797,11444.64,3795.08,26124.652314,7992.63123185,189453.671484,2559.942,8.1,19.2,0.0,0.0,0.0,0.0,248232,0.0
1433,4436.3831629,2468.56797,11444.64,3795.08,19473.0607232,9998.81114388,194659.173,4551.084,252.0,19.2,0.0,0.0,0.0,0.0,251098,0.0
1434,20105.2137263,2468.56797,11444.64,3795.08,7914.8755721,11328.1657316,194659.173,4551.084,252.0,19.2,0.0,0.0,0.0,0.0,256538,0.0
1435,30644.7945436,2468.56797,11444.64,3795.08,122.48755041,13195.972936,194659.173,4551.084,252.0,19.2,0.0,0.0,0.0,0.0,261153,0.0
1436,28198.939089,2468.56797,11444.64,3795.08,0.0,18329.315941,194659.173,4551.084,252.0,19.2,0.0,0.0,0.0,0.0,263718,0.0
1437,25880.0127439,2468.56797,11444.64,3795.08,0.0,21744.2422861,194659.173,4551.084,252.0,19.2,0.0,0.0,0.0,0.0,264814,0.0
1438,21251.1618658,2468.56797,11444.64,3795.08,0.0,22691.0931642,194659.173,4551.084,252.0,19.2,0.0,0.0,0.0,0.0,261132,0.0
1439,13212.8158313,2468.56797,11444.64,3795.08,0.0,22510.4391987,194659.173,4551.084,252.0,19.2,0.0,0.0,0.0,0.0,252913,0.0
1440,7510.21608583,2468.56797,11444.64,3795.08,0.0,21769.0389442,194659.173,4551.084,252.0,19.2,0.0,0.0,0.0,0.0,246469,0.0
1441,7237.79307844,2497.44011,11444.64,3772.756,0.0,20779.3058116,191275.173,3970.692,252.0,19.2,0.0,0.0,0.0,0.0,241249,0.0
1442,4035.35,2497.44011,11444.64,3772.756,0.0,19595.1515925,191034.873,3968.18929754,176.4,19.2,0.0,0.0,0.0,0.0,236544,0.0
1443,4035.35,2497.44011,11444.64,3772.756,0.0,18988.5408661,190181.042024,2555.631,176.4,19.2,0.0,0.0,0.0,0.0,233671,0.0
1444,4950.59003475,2497.44011,11444.64,3772.756,0.0,16807.5088552,191275.173,3970.692,252.0,19.2,0.0,0.0,0.0,0.0,234990,0.0
1445,9141.24195367,2497.44011,11444.64,3772.756,0.0,14889.8569363,191275.173,3970.692,252.0,19.2,0.0,0.0,0.0,0.0,237263,0.0
1446,15146.7951107,2497.44011,11444.64,3772.756,0.0,13712.3037793,191275.173,3970.692,252.0,19.2,0.0,0.0,0.0,0.0,242091,0.0
1447,21496.3530855,2497.44011,11444.64,3772.756,0.0,12834.7458045,191275.173,3970.692,252.0,19.2,0.0,0.0,0.0,0.0,247563,0.0
1448,24293.3040221,2497.44011,11444.64,3772.756,2994.82100043,12002.9738675,191275.173,3970.692,252.0,19.2,0.0,0.0,0.0,0.0,252523,0.0
1449,21171.949667,2497.44011,11444.64,3772.756,11802.7207695,9141.42845351,191275.173,3970.692,252.0,19.2,0.0,0.0,0.0,0.0,255348,0.0
1450,15848.7112736,2497.44011,11444.64,3772.756,21645.7402587,6311.64735767,191275.173,3970.692,252.0,19.2,0.0,0.0,0.0,0.0,257038,0.0
1451,8362.90954368,2497.44011,11444.64,3772.756,29139.5568873,5490.63245903,191275.173,3970.692,252.0,19.2,0.0,0.0,0.0,0.0,256225,0.0
1452,4035.35,2497.44011,11444.64,3772.756,34253.732552,3259.76193365,190926.873,3395.84640435,176.4,19.2,0.0,0.0,0.0,0.0,253782,0.0
1453,4035.35,2497.44011,11444.64,3772.756,36256.2208509,2278.38185332,187755.465186,2434.446,8.1,19.2,0.0,0.0,0.0,0.0,250502,0.0
1454,4035.35,2497.44011,11444.64,3772.756,36571.3834766,2189.45076256,184316.433651,2112.246,8.1,19.2,0.0,0.0,0.0,0.0,246967,0.0
1455,4035.35,2497.44011,11444.64,3772.756,33557.8502183,2960.57534689,183643.842325,2112.246,8.1,19.2,0.0,0.0,0.0,0.0,244052,0.0
1456,4035.35,2497.44011,11444.64,3772.756,28036.3119682,3942.24422555,185984.711696,2112.246,8.1,19.2,0.0,0.0,0.0,0.0,241853,0.0
1457,4035.35,2497.44011,11444.64,3772.756,20249.1632264,6385.22363634,190980.873,3562.95402727,176.4,19.2,0.0,0.0,0.0,0.0,243124,0.0
1458,15657.4411723,2497.44011,11444.64,3772.756,8493.92572019,10565.7319975,191275.173,3970.692,252.0,19.2,0.0,0.0,0.0,0.0,247949,0.0
1459,22309.6969127,2497.44011,11444.64,3772.756,126.03050994,16578.3714673,191275.173,3970.692,252.0,19.2,0.0,0.0,0.0,0.0,252246,0.0
1460,17892.5352071,2497.44011,11444.64,3772.756,0.0,23997.5636829,191275.173,3970.692,252.0,19.2,0.0,0.0,0.0,0.0,255122,0.0
1461,12922.4096886,2497.44011,11444.64,3772.756,0.0,29774.6892014,191275.173,3970.692,252.0,19.2,0.0,0.0,0.0,0.0,255929,0.0
1462,9779.8433064,2497.44011,11444.64,3772.756,0.0,29289.9053775,191275.173,3970.692,294.350206111,19.2,0.0,0.0,0.0,0.0,252344,0.0
1463,4540.58374341,2497.44011,11444.64,3772.756,0.0,26815.5151466,191275.173,3970.692,252.0,19.2,0.0,0.0,0.0,0.0,244588,0.0
1464,4035.35,2497.44011,11444.64,3772.756,0.0,24862.6984289,188374.884461,2555.631,176.4,19.2,0.0,0.0,0.0,0.0,237739,0.0
1465,3888.61,2555.18439,11444.64,3772.756,0.0,23215.6786603,185011.38895,2402.442,8.1,19.2,0.0,0.0,0.0,0.0,232318,0.0
1466,3888.61,2555.18439,11444.64,3772.756,0.0,23134.152627,181612.914983,2402.442,8.1,19.2,0.0,0.0,0.0,0.0,228838,0.0
1467,3888.61,2555.18439,11444.64,3772.756,0.0,24898.9546213,178689.112989,2402.442,8.1,19.2,0.0,0.0,0.0,0.0,227679,0.0
1468,3888.61,2555.18439,11444.64,3772.756,0.0,24514.0624253,181580.005185,2402.442,8.1,19.2,0.0,0.0,0.0,0.0,230185,0.0
1469,3888.61,2555.18439,11444.64,3772.756,0.0,23896.4671619,187943.600448,2402.442,8.1,19.2,0.0,0.0,0.0,0.0,235931,0.0
1470,3888.61,2555.18439,11444.64,3772.756,0.0,23828.8011492,195161.206461,3272.202,176.4,19.2,0.0,0.0,0.0,0.0,244119,0.0
1471,8599.49833672,2555.18439,11444.64,3772.756,0.0,24104.0392733,197179.173,4418.109,176.4,19.2,0.0,0.0,0.0,0.0,252269,0.0
1472,13178.5826484,2555.18439,11444.64,3772.756,2956.97226926,23960.9826924,197179.173,4418.109,176.4,19.2,0.0,0.0,0.0,0.0,259662,0.0
1473,12199.0529658,2555.18439,11444.64,3772.756,11123.6197946,21156.8648496,197179.173,4418.109,176.4,19.2,0.0,0.0,0.0,0.0,264045,0.0
1474,6306.61128276,2555.18439,11444.64,3772.756,19487.3134381,20608.6128891,197179.173,4418.109,176.4,19.2,0.0,0.0,0.0,0.0,265968,0.0
1475,3888.61,2555.18439,11444.64,3772.756,26990.6622936,21328.105569,191985.858,2751.58374737,176.4,19.2,0.0,0.0,0.0,0.0,264913,0.0
1476,3888.61,2555.18439,11444.64,3772.756,32078.1193513,16420.5325713,190154.415687,2402.442,8.1,19.2,0.0,0.0,0.0,0.0,262744,0.0
1477,3888.61,2555.18439,11444.64,3772.756,35107.9598566,12349.2153848,188331.892369,2402.442,8.1,19.2,0.0,0.0,0.0,0.0,259880,0.0
1478,3888.61,2555.18439,11444.64,3772.756,33341.7080843,9657.95679571,190212.40273,2402.442,8.1,19.2,0.0,0.0,0.0,0.0,257303,0.0
1479,3888.61,2555.18439,11444.64,3772.756,29314.1317152,8294.64770242,192136.848192,2775.582,176.4,19.2,0.0,0.0,0.0,0.0,254378,0.0
1480,3888.61,2555.18439,11444.64,3772.756,23548.8049622,7107.53210019,195594.984548,4260.888,176.4,19.2,0.0,0.0,0.0,0.0,252369,0.0
1481,12803.0473538,2555.18439,11444.64,3772.756,14602.3231744,7260.95362165,197179.173,4448.32246009,176.4,19.2,0.0,0.0,0.0,0.0,254262,0.0
1482,24464.184759,2555.18439,11444.64,3772.756,6789.45300378,8478.9248472,197179.173,4452.084,176.4,19.2,0.0,0.0,0.0,0.0,259332,0.0
1483,31429.831649,2555.18439,11444.64,3772.756,140.165637455,12045.5653236,197179.173,4452.084,176.4,19.2,0.0,0.0,0.0,0.0,263215,0.0
1484,28929.2669226,2555.18439,11444.64,3772.756,0.0,17570.2956874,197179.173,4452.084,176.4,19.2,0.0,0.0,0.0,0.0,266099,0.0
1485,25783.4529848,2555.18439,11444.64,3772.756,0.0,20934.1096252,197179.173,4452.084,176.4,19.2,0.0,0.0,0.0,0.0,266317,0.0
1486,20762.700712,2555.18439,11444.64,3772.756,0.0,20938.861898,197179.173,4452.084,176.4,19.2,0.0,0.0,0.0,0.0,261301,0.0
1487,12021.0249107,2555.18439,11444.64,3772.756,0.0,20746.5376993,197179.173,4452.084,176.4,19.2,0.0,0.0,0.0,0.0,252367,0.0
1488,3929.73327449,2555.18439,11444.64,3772.756,0.0,20914.8293355,197179.173,4452.084,176.4,19.2,0.0,0.0,0.0,0.0,244444,0.0
1489,3851.925,2584.05653,11444.64,3795.08,0.0,22313.9753237,191368.581146,2402.442,8.1,19.2,0.0,0.0,0.0,0.0,237788,0.0
1490,3851.925,2584.05653,11444.64,3795.08,0.0,23914.2241601,184952.33231,2402.442,8.1,19.2,0.0,0.0,0.0,0.0,232972,0.0
1491,3851.925,2584.05653,11444.64,3795.08,0.0,25526.6686269,180733.887843,2402.442,8.1,19.2,0.0,0.0,0.0,0.0,230366,0.0
1492,3851.925,2584.05653,11444.64,3795.08,0.0,23487.8983014,184501.658169,2402.442,8.1,19.2,0.0,0.0,0.0,0.0,232095,0.0
1493,3851.925,2584.05653,11444.64,3795.08,0.0,21297.9548418,192739.401628,2724.642,8.1,19.2,0.0,0.0,0.0,0.0,238465,0.0
1494,6683.35507349,2584.05653,11444.64,3795.08,0.0,19035.6113965,198844.173,4551.084,370.8,19.2,0.0,0.0,0.0,0.0,247328,0.0
1495,17139.3276253,2584.05653,11444.64,3795.08,0.0,17874.6388447,198844.173,4551.084,370.8,19.2,0.0,0.0,0.0,0.0,256623,0.0
1496,23068.4471109,2584.05653,11444.64,3795.08,2884.57566671,16940.7436924,198844.173,4551.084,252.0,19.2,0.0,0.0,0.0,0.0,264384,0.0
1497,20512.122792,2584.05653,11444.64,3795.08,10923.6441262,15672.9995519,198844.173,4551.084,252.0,19.2,0.0,0.0,0.0,0.0,268599,0.0
1498,8985.23777832,2584.05653,11444.64,3795.08,20444.2328548,17736.2958368,198844.173,4551.084,252.0,19.2,0.0,0.0,0.0,0.0,268656,0.0
1499,3851.925,2584.05653,11444.64,3795.08,27109.1939485,19599.7377661,194412.939755,2845.827,176.4,19.2,0.0,0.0,0.0,0.0,265839,0.0
1500,3851.925,2584.05653,11444.64,3795.08,31793.4751793,18218.3798763,187824.701414,2402.442,8.1,19.2,0.0,0.0,0.0,0.0,261942,0.0
1501,3851.925,2584.05653,11444.64,3795.08,35016.9866733,15290.7269408,183696.842856,2402.442,8.1,19.2,0.0,0.0,0.0,0.0,258110,0.0
1502,3851.925,2584.05653,11444.64,3795.08,35048.289826,12490.9429732,182837.323671,2402.442,8.1,19.2,0.0,0.0,0.0,0.0,254482,0.0
1503,3851.925,2584.05653,11444.64,3795.08,32594.4470548,10464.7430758,184360.366339,2402.442,8.1,19.2,0.0,0.0,0.0,0.0,251525,0.0
1504,3851.925,2584.05653,11444.64,3795.08,25141.530732,9135.18918923,191882.836549,2402.442,8.1,19.2,0.0,0.0,0.0,0.0,250265,0.0
1505,4891.63613,2584.05653,11444.64,3795.08,16616.9824718,9674.45400125,198844.173,4551.084,335.693866945,19.2,0.0,0.0,0.0,0.0,252757,0.0
1506,19572.5501581,2584.05653,11444.64,3795.08,6896.76255189,10397.65376,198844.173,4551.084,370.8,19.2,0.0,0.0,0.0,0.0,258476,0.0
1507,29472.5777873,2584.05653,11444.64,3795.08,82.7745303376,12005.6141523,198844.173,4551.084,370.8,19.2,0.0,0.0,0.0,0.0,263170,0.0
1508,27799.8020548,2584.05653,11444.64,3795.08,0.0,16500.1644152,198844.173,4551.084,370.8,19.2,0.0,0.0,0.0,0.0,265909,0.0
1509,23420.9057001,2584.05653,11444.64,3795.08,0.0,20804.0607699,198844.173,4551.084,370.8,19.2,0.0,0.0,0.0,0.0,265834,0.0
1510,14909.9170381,2584.05653,11444.64,3795.08,0.0,24443.0494319,198844.173,4551.084,370.8,19.2,0.0,0.0,0.0,0.0,260962,0.0
1511,4391.32855155,2584.05653,11444.64,3795.08,0.0,25999.6379184,198844.173,4551.084,370.8,19.2,0.0,0.0,0.0,0.0,252000,0.0
1512,3851.925,2584.05653,11444.64,3795.08,0.0,27553.3955211,192307.660949,2559.942,8.1,19.2,0.0,0.0,0.0,0.0,244124,0.0
1513,3705.185,2598.4926,11444.64,3772.756,0.0,28067.9735746,186238.210825,2402.442,8.1,19.2,0.0,0.0,0.0,0.0,238257,0.0
1514,3705.185,2598.4926,11444.64,3772.756,0.0,29054.5903249,180834.594075,2402.442,8.1,19.2,0.0,0.0,0.0,0.0,233840,0.0
1515,3705.185,2598.4926,11444.64,3772.756,0.0,30143.5064895,177464.677911,2402.442,8.1,19.2,0.0,0.0,0.0,0.0,231559,0.0
1516,3705.185,2598.4926,11444.64,3772.756,0.0,29252.7008905,180180.483509,2402.442,8.1,19.2,0.0,0.0,0.0,0.0,233384,0.0
1517,3705.185,2598.4926,11444.64,3772.756,0.0,27523.9347899,187186.24961,2402.442,8.1,19.2,0.0,0.0,0.0,0.0,238661,0.0
1518,3705.185,2598.4926,11444.64,3772.756,0.0,26278.0486242,194488.450776,2845.827,176.4,19.2,0.0,0.0,0.0,0.0,245329,0.0
1519,5973.10650977,2598.4926,11444.64,3772.756,0.0,23629.5478902,199987.173,4551.084,252.0,19.2,0.0,0.0,0.0,0.0,252228,0.0
1520,12087.8041679,2598.4926,11444.64,3772.756,2843.21630683,20584.8339252,199987.173,4551.084,370.8,19.2,0.0,0.0,0.0,0.0,258260,0.0
1521,11499.6514881,2598.4926,11444.64,3772.756,10953.2868536,17068.9160583,199987.173,4551.084,370.8,19.2,0.0,0.0,0.0,0.0,262266,0.0
1522,5419.17951669,2598.4926,11444.64,3772.756,20320.051347,15483.6235363,199987.173,4551.084,370.8,19.2,0.0,0.0,0.0,0.0,263967,0.0
1523,3705.185,2598.4926,11444.64,3772.756,27286.428771,13953.7346968,197295.273,3692.88993217,176.4,19.2,0.0,0.0,0.0,0.0,263945,0.0
1524,3705.185,2598.4926,11444.64,3772.756,31780.3147855,10437.4220323,196883.762582,2845.827,176.4,19.2,0.0,0.0,0.0,0.0,263664,0.0
1525,3705.185,2598.4926,11444.64,3772.756,34668.1622381,8915.7700457,195337.567116,2845.827,176.4,19.2,0.0,0.0,0.0,0.0,263484,0.0
1526,3705.185,2598.4926,11444.64,3772.756,34794.5074424,8844.09045616,193853.386501,2724.642,8.1,19.2,0.0,0.0,0.0,0.0,261765,0.0
1527,3705.185,2598.4926,11444.64,3772.756,29419.2871787,9495.92962353,196277.282598,2845.827,176.4,19.2,0.0,0.0,0.0,0.0,259755,0.0
1528,3705.185,2598.4926,11444.64,3772.756,24641.902879,10319.4522078,197025.273,3818.69831325,176.4,19.2,0.0,0.0,0.0,0.0,257522,0.0
1529,7158.96406993,2598.4926,11444.64,3772.756,17892.8430575,10832.0472725,199987.173,4551.084,370.8,19.2,0.0,0.0,0.0,0.0,258628,0.0
1530,21374.2561451,2598.4926,11444.64,3772.756,7874.47316531,11415.7878299,199987.173,4551.084,344.137259755,19.2,0.0,0.0,0.0,0.0,263382,0.0
1531,31675.6727289,2598.4926,11444.64,3772.756,129.730543683,12586.2511275,199987.173,4551.084,252.0,19.2,0.0,0.0,0.0,0.0,267017,0.0
1532,31912.1786377,2598.4926,11444.64,3772.756,0.0,14815.4757623,199987.173,4551.084,252.0,19.2,0.0,0.0,0.0,0.0,269353,0.0
1533,30524.9682222,2598.4926,11444.64,3772.756,0.0,16506.6861778,199987.173,4551.084,252.0,19.2,0.0,0.0,0.0,0.0,269657,0.0
1534,24458.8035998,2598.4926,11444.64,3772.756,0.0,17183.8508002,199987.173,4551.084,252.0,19.2,0.0,0.0,0.0,0.0,264268,0.0
1535,14751.3703614,2598.4926,11444.64,3772.756,0.0,17596.2840386,199987.173,4551.084,252.0,19.2,0.0,0.0,0.0,0.0,254973,0.0
1536,5772.1323526,2598.4926,11444.64,3772.756,0.0,18642.5220474,199987.173,4551.084,252.0,19.2,0.0,0.0,0.0,0.0,247040,0.0
1537,3639.152,2612.92867,11444.64,3750.432,0.0,19529.4710685,196934.434261,2724.642,8.1,19.2,0.0,0.0,0.0,0.0,240663,0.0
1538,3639.152,2612.92867,11444.64,3750.432,0.0,20422.7565533,192043.348777,2402.442,8.1,19.2,0.0,0.0,0.0,0.0,236343,0.0
1539,3639.152,2612.92867,11444.64,3750.432,0.0,20841.7048543,189570.400476,2402.442,8.1,19.2,0.0,0.0,0.0,0.0,234289,0.0
1540,3639.152,2612.92867,11444.64,3750.432,0.0,19169.3459308,192959.759399,2402.442,8.1,19.2,0.0,0.0,0.0,0.0,236006,0.0
1541,3639.152,2612.92867,11444.64,3750.432,0.0,17699.0451501,199542.37518,2845.827,176.4,19.2,0.0,0.0,0.0,0.0,241730,0.0
1542,6233.86906028,2612.92867,11444.64,3750.432,0.0,16368.4082697,204796.638,4551.084,370.8,19.2,0.0,0.0,0.0,0.0,250148,0.0
1543,15666.7517635,2612.92867,11444.64,3750.432,0.0,15443.4145665,204796.638,4551.084,484.911,19.2,0.0,0.0,0.0,0.0,258770,0.0
1544,21913.804585,2612.92867,11444.64,3750.432,2875.3081665,14376.0535785,204796.638,4551.084,484.911,19.2,0.0,0.0,0.0,0.0,266825,0.0
1545,20190.6229998,2612.92867,11444.64,3750.432,10860.9312587,13032.6120715,204796.638,4551.084,484.911,19.2,0.0,0.0,0.0,0.0,271744,0.0
1546,14877.2299137,2612.92867,11444.64,3750.432,19368.1211863,10437.81523,204796.638,4551.084,484.911,19.2,0.0,0.0,0.0,0.0,272343,0.0
1547,4444.58857432,2612.92867,11444.64,3750.432,26737.3940254,11136.2947303,204796.638,4551.084,370.8,19.2,0.0,0.0,0.0,0.0,269864,0.0
1548,3639.152,2612.92867,11444.64,3750.432,30876.1397298,10393.1415858,200306.139014,2845.827,176.4,19.2,0.0,0.0,0.0,0.0,266064,0.0
1549,3639.152,2612.92867,11444.64,3750.432,31361.6348334,8067.3664039,198517.419093,2845.827,176.4,19.2,0.0,0.0,0.0,0.0,262435,0.0
1550,3639.152,2612.92867,11444.64,3750.432,33318.996482,6382.36425272,195710.744595,2402.442,8.1,19.2,0.0,0.0,0.0,0.0,259289,0.0
1551,3639.152,2612.92867,11444.64,3750.432,30069.5380384,5883.04111199,196850.9835,2559.98467959,8.1,19.2,0.0,0.0,0.0,0.0,256838,0.0
1552,3639.152,2612.92867,11444.64,3750.432,25126.6354561,6260.62094985,199334.163924,2845.827,176.4,19.2,0.0,0.0,0.0,0.0,255210,0.0
1553,4098.15165023,2612.92867,11444.64,3750.432,18519.8587544,7330.15592538,204796.638,4551.084,484.911,19.2,0.0,0.0,0.0,0.0,257608,0.0
1554,18232.9190581,2612.92867,11444.64,3750.432,8472.48479589,8770.76247604,204796.638,4551.084,484.911,19.2,0.0,0.0,0.0,0.0,263136,0.0
1555,29036.753036,2612.92867,11444.64,3750.432,168.410893922,10705.0024,204796.638,4551.084,484.911,19.2,0.0,0.0,0.0,0.0,267570,0.0
1556,27425.9398292,2612.92867,11444.64,3750.432,0.0,15053.2265008,204796.638,4551.084,484.911,19.2,0.0,0.0,0.0,0.0,270139,0.0
1557,23384.8160992,2612.92867,11444.64,3750.432,0.0,19638.3625449,204796.638,4551.084,425.898685856,19.2,0.0,0.0,0.0,0.0,270624,0.0
1558,15844.4132949,2612.92867,11444.64,3750.432,0.0,22119.8640351,204796.638,4551.084,370.8,19.2,0.0,0.0,0.0,0.0,265510,0.0
1559,5689.77593591,2612.92867,11444.64,3750.432,0.0,23384.3903941,204796.638,4551.084,484.911,19.2,0.0,0.0,0.0,0.0,256734,0.0
1560,3639.152,2612.92867,11444.64,3750.432,0.0,23543.8057812,200514.621549,3770.82,176.4,19.2,0.0,0.0,0.0,0.0,249472,0.0
1561,3584.1245,2641.80081,11444.64,3705.784,0.0,24032.8277811,194258.673,4154.54990894,176.4,19.2,0.0,0.0,0.0,0.0,244018,0.0
1562,3584.1245,2641.80081,11444.64,3705.784,0.0,23625.7129123,191806.510778,2746.827,176.4,19.2,0.0,0.0,0.0,0.0,239751,0.0
1563,3584.1245,2641.80081,11444.64,3705.784,0.0,23107.0705822,190591.638108,2625.642,8.1,19.2,0.0,0.0,0.0,0.0,237728,0.0
1564,3584.1245,2641.80081,11444.64,3705.784,0.0,21519.6367723,193711.586918,2746.827,176.4,19.2,0.0,0.0,0.0,0.0,239550,0.0
1565,6345.60192189,2641.80081,11444.64,3705.784,0.0,21118.7162681,195649.173,4353.084,252.0,19.2,0.0,0.0,0.0,0.0,245530,0.0
1566,14509.7550134,2641.80081,11444.64,3705.784,0.0,21431.5631766,195649.173,4353.084,252.0,19.2,0.0,0.0,0.0,0.0,254007,0.0
1567,21934.9359929,2641.80081,11444.64,3705.784,0.0,22423.3821971,195649.173,4353.084,252.0,19.2,0.0,0.0,0.0,0.0,262424,0.0
1568,25920.8092085,2641.80081,11444.64,3705.784,3070.41829601,23001.6906855,195649.173,4353.084,176.4,19.2,0.0,0.0,0.0,0.0,269983,0.0
1569,22159.7267767,2641.80081,11444.64,3705.784,11625.070465,22816.1209482,195649.173,4353.084,176.4,19.2,0.0,0.0,0.0,0.0,274591,0.0
1570,12667.1493409,2641.80081,11444.64,3705.784,20645.6654255,23676.1034237,195649.173,4353.084,176.4,19.2,0.0,0.0,0.0,0.0,274979,0.0
1571,3584.1245,2641.80081,11444.64,3705.784,28870.9887575,24589.3455943,193841.889338,2746.827,176.4,19.2,0.0,0.0,0.0,0.0,271621,0.0
1572,3584.1245,2641.80081,11444.64,3705.784,34304.1623744,23906.3089054,186332.43741,2303.442,8.1,19.2,0.0,0.0,0.0,0.0,268250,0.0
1573,3584.1245,2641.80081,11444.64,3705.784,36767.9994064,22412.3826601,182302.526623,2303.442,8.1,19.2,0.0,0.0,0.0,0.0,265190,0.0
1574,3584.1245,2641.80081,11444.64,3705.784,36675.4423325,21954.7847804,180185.681577,2303.442,8.1,19.2,0.0,0.0,0.0,0.0,262523,0.0
1575,3584.1245,2641.80081,11444.64,3705.784,31793.2264863,23067.3248097,180996.357394,2303.442,8.1,19.2,0.0,0.0,0.0,0.0,259564,0.0
1576,3584.1245,2641.80081,11444.64,3705.784,25869.4784587,22837.5671255,185611.863106,2303.442,8.1,19.2,0.0,0.0,0.0,0.0,258026,0.0
1577,3584.1245,2641.80081,11444.64,3705.784,19919.720734,22225.4576305,193476.045326,2746.827,176.4,19.2,0.0,0.0,0.0,0.0,259940,0.0
1578,17170.4747575,2641.80081,11444.64,3705.784,7794.39540159,21911.0480309,195649.173,4353.084,176.4,19.2,0.0,0.0,0.0,0.0,264866,0.0
1579,28102.5009742,2641.80081,11444.64,3705.784,174.291978054,21543.1252377,195649.173,4353.084,176.4,19.2,0.0,0.0,0.0,0.0,267810,0.0
1580,25157.0274438,2641.80081,11444.64,3705.784,0.0,26421.3253037,195649.173,4353.084,203.965442458,19.2,0.0,0.0,0.0,0.0,269596,0.0
1581,18368.7651333,2641.80081,11444.64,3705.784,0.0,32611.5530567,195649.173,4353.084,252.0,19.2,0.0,0.0,0.0,0.0,269046,0.0
1582,8139.94273694,2641.80081,11444.64,3705.784,0.0,38235.3754531,195649.173,4353.084,252.0,19.2,0.0,0.0,0.0,0.0,264441,0.0
1583,3584.1245,2641.80081,11444.64,3705.784,0.0,40874.265242,191449.958448,2746.827,176.4,19.2,0.0,0.0,0.0,0.0,256643,0.0
1584,3584.1245,2641.80081,11444.64,3705.784,0.0,40548.3724082,186087.536282,2303.442,8.1,19.2,0.0,0.0,0.0,0.0,250343,0.0
1585,3562.1135,2713.98116,11444.64,3705.784,0.0,38147.2694575,183009.665882,2112.246,8.1,19.2,0.0,0.0,0.0,0.0,244723,0.0
1586,3562.1135,2713.98116,11444.64,3705.784,0.0,33777.3407811,183291.594559,2112.246,8.1,19.2,0.0,0.0,0.0,0.0,240635,0.0
1587,3562.1135,2713.98116,11444.64,3705.784,0.0,31298.9858729,183448.949467,2112.246,8.1,19.2,0.0,0.0,0.0,0.0,238314,0.0
1588,3562.1135,2713.98116,11444.64,3705.784,0.0,29478.6425966,185717.358,2465.88074337,176.4,19.2,0.0,0.0,0.0,0.0,239284,0.0
1589,3712.26591843,2713.98116,11444.64,3705.784,0.0,29963.2639216,188224.173,3970.692,252.0,19.2,0.0,0.0,0.0,0.0,244006,0.0
1590,9483.61850779,2713.98116,11444.64,3705.784,0.0,31864.9113322,188224.173,3970.692,252.0,19.2,0.0,0.0,0.0,0.0,251679,0.0
1591,14773.4736763,2713.98116,11444.64,3705.784,0.0,33693.0561637,188224.173,3970.692,252.0,19.2,0.0,0.0,0.0,0.0,258797,0.0
1592,15508.9493533,2713.98116,11444.64,3705.784,3174.50627499,35064.2742117,188224.173,3970.692,370.8,19.2,0.0,0.0,0.0,0.0,264197,0.0
1593,9496.21343315,2713.98116,11444.64,3705.784,12371.4026772,34834.1137296,188224.173,3970.692,370.8,19.2,0.0,0.0,0.0,0.0,267151,0.0
1594,3562.1135,2713.98116,11444.64,3705.784,22479.7678619,38543.6683877,182416.49909,2112.246,8.1,19.2,0.0,0.0,0.0,0.0,267006,0.0
1595,3562.1135,2713.98116,11444.64,3705.784,30365.1012009,41838.9897177,169155.844421,2112.246,8.1,19.2,0.0,0.0,0.0,0.0,264926,0.0
1596,3562.1135,2713.98116,11444.64,3705.784,35911.7841532,39248.2866528,164176.864534,2112.246,8.1,19.2,0.0,0.0,0.0,0.0,262903,0.0
1597,3562.1135,2713.98116,11444.64,3705.784,37399.1634682,32106.0865511,167911.685321,2112.246,8.1,19.2,0.0,0.0,0.0,0.0,260983,0.0
1598,3562.1135,2713.98116,11444.64,3705.784,37254.9755575,25713.3123581,172471.647424,2112.246,8.1,19.2,0.0,0.0,0.0,0.0,259006,0.0
1599,3562.1135,2713.98116,11444.64,3705.784,32535.1101326,21299.7744313,179813.050776,2112.246,8.1,19.2,0.0,0.0,0.0,0.0,257214,0.0
1600,3562.1135,2713.98116,11444.64,3705.784,27380.8655816,20271.4259199,184569.858,2251.03183846,8.1,19.2,0.0,0.0,0.0,0.0,255927,0.0
1601,8386.72953553,2713.98116,11444.64,3705.784,18402.3490015,20623.6513029,188224.173,3970.692,370.8,19.2,0.0,0.0,0.0,0.0,257862,0.0
1602,24344.2142394,2713.98116,11444.64,3705.784,7530.39833057,20205.213599,188224.173,3970.692,264.70367106,19.2,0.0,0.0,0.0,0.0,262423,0.0
1603,35108.1506817,2713.98116,11444.64,3705.784,166.406549758,20482.9726085,188224.173,3970.692,252.0,19.2,0.0,0.0,0.0,0.0,266088,0.0
1604,32429.5557631,2713.98116,11444.64,3705.784,0.0,25971.9740769,188224.173,3970.692,252.0,19.2,0.0,0.0,0.0,0.0,268732,0.0
1605,26035.2020149,2713.98116,11444.64,3705.784,0.0,32739.3278251,188224.173,3970.692,252.0,19.2,0.0,0.0,0.0,0.0,269105,0.0
1606,17279.5877865,2713.98116,11444.64,3705.784,0.0,37693.9420535,188224.173,3970.692,252.0,19.2,0.0,0.0,0.0,0.0,265304,0.0
1607,7766.98488983,2713.98116,11444.64,3705.784,0.0,39353.5449502,188224.173,3970.692,252.0,19.2,0.0,0.0,0.0,0.0,257451,0.0
1608,3562.1135,2713.98116,11444.64,3705.784,0.0,38249.6397713,188224.173,2730.06856865,176.4,19.2,0.0,0.0,0.0,0.0,250826,0.0
1609,3741.87,2786.16151,11444.64,3817.404,0.0,35197.1904505,185620.748039,2485.386,176.4,19.2,0.0,0.0,0.0,0.0,245289,0.0
1610,3741.87,2786.16151,11444.64,3817.404,0.0,30360.6531461,186051.040344,2555.631,176.4,19.2,0.0,0.0,0.0,0.0,240953,0.0
1611,3741.87,2786.16151,11444.64,3817.404,0.0,26181.4249775,187614.268513,2555.631,176.4,19.2,0.0,0.0,0.0,0.0,238337,0.0
1612,5883.57522086,2786.16151,11444.64,3817.404,0.0,23388.7542691,188035.173,3970.692,176.4,19.2,0.0,0.0,0.0,0.0,239522,0.0
1613,10904.4874225,2786.16151,11444.64,3817.404,0.0,22061.8420675,188035.173,3970.692,176.4,19.2,0.0,0.0,0.0,0.0,243216,0.0
1614,17112.5260431,2786.16151,11444.64,3817.404,0.0,22117.8034469,188035.173,3970.692,176.4,19.2,0.0,0.0,0.0,0.0,249480,0.0
1615,21827.9368581,2786.16151,11444.64,3817.404,0.0,23814.3926319,188035.173,3970.692,176.4,19.2,0.0,0.0,0.0,0.0,255892,0.0
1616,23845.9847154,2786.16151,11444.64,3817.404,2897.17045467,24235.5743199,188035.173,3970.692,252.0,19.2,0.0,0.0,0.0,0.0,261304,0.0
1617,18245.2356068,2786.16151,11444.64,3817.404,11243.9398089,24243.5540743,188035.173,3970.692,252.0,19.2,0.0,0.0,0.0,0.0,264058,0.0
1618,4733.51885778,2786.16151,11444.64,3817.404,20809.7417919,28545.4688403,188035.173,3970.692,252.0,19.2,0.0,0.0,0.0,0.0,264414,0.0
1619,3741.87,2786.16151,11444.64,3817.404,27771.0307981,30736.821592,179448.5261,2112.246,8.1,19.2,0.0,0.0,0.0,0.0,261886,0.0
1620,3741.87,2786.16151,11444.64,3817.404,33709.1993402,27714.0593012,173346.119849,2112.246,8.1,19.2,0.0,0.0,0.0,0.0,258699,0.0
1621,3741.87,2786.16151,11444.64,3817.404,34798.2427816,22562.5925,173693.543208,2112.246,8.1,19.2,0.0,0.0,0.0,0.0,254984,0.0
1622,3741.87,2786.16151,11444.64,3817.404,33143.9140386,18765.0380458,175776.426406,2112.246,8.1,19.2,0.0,0.0,0.0,0.0,251615,0.0
1623,3741.87,2786.16151,11444.64,3817.404,28261.2588546,17271.0702008,178836.049435,2112.246,8.1,19.2,0.0,0.0,0.0,0.0,248298,0.0
1624,3741.87,2786.16151,11444.64,3817.404,22556.6075675,18199.0746868,181432.696236,2112.246,8.1,19.2,0.0,0.0,0.0,0.0,246118,0.0
1625,3741.87,2786.16151,11444.64,3817.404,17420.7429697,20009.3940204,185269.0415,2434.446,8.1,19.2,0.0,0.0,0.0,0.0,246951,0.0
1626,12800.6219397,2786.16151,11444.64,3817.404,7879.01856777,20208.0889826,188035.173,3970.692,252.0,19.2,0.0,0.0,0.0,0.0,251213,0.0
1627,25510.9980314,2786.16151,11444.64,3817.404,185.607410907,19044.1240477,188035.173,3970.692,252.0,19.2,0.0,0.0,0.0,0.0,255066,0.0
1628,26532.2321705,2786.16151,11444.64,3817.404,0.0,21703.4973195,188035.173,3970.692,252.0,19.2,0.0,0.0,0.0,0.0,258561,0.0
1629,23768.2020601,2786.16151,11444.64,3817.404,0.0,25578.5274299,188035.173,3970.692,252.0,19.2,0.0,0.0,0.0,0.0,259672,0.0
1630,18200.4914772,2786.16151,11444.64,3817.404,0.0,27380.2380128,188035.173,3970.692,252.0,19.2,0.0,0.0,0.0,0.0,255906,0.0
1631,10456.9628859,2786.16151,11444.64,3817.404,0.0,28123.8787544,188035.173,3970.692,203.887849683,19.2,0.0,0.0,0.0,0.0,248858,0.0
1632,4155.66211083,2786.16151,11444.64,3817.404,0.0,28311.6673792,188035.173,3970.692,176.4,19.2,0.0,0.0,0.0,0.0,242717,0.0
1633,3778.555,2872.77793,11444.64,3906.7,0.0,26518.9582447,186523.376825,2368.692,8.1,19.2,0.0,0.0,0.0,0.0,237441,0.0
1634,3778.555,2872.77793,11444.64,3906.7,0.0,24130.5552213,184858.779849,2368.692,8.1,19.2,0.0,0.0,0.0,0.0,233388,0.0
1635,3778.555,2872.77793,11444.64,3906.7,0.0,21116.0714832,185802.263587,2368.692,8.1,19.2,0.0,0.0,0.0,0.0,231317,0.0
1636,3778.555,2872.77793,11444.64,3906.7,0.0,17730.2122716,190838.358,2371.45679839,8.1,19.2,0.0,0.0,0.0,0.0,232970,0.0
1637,3778.555,2872.77793,11444.64,3906.7,0.0,14979.677322,196863.911748,4227.138,176.4,19.2,0.0,0.0,0.0,0.0,238269,0.0
1638,13451.14318,2872.77793,11444.64,3906.7,0.0,13308.78189,197179.173,4483.584,252.0,19.2,0.0,0.0,0.0,0.0,246918,0.0
1639,23386.8906027,2872.77793,11444.64,3906.7,0.0,12230.0344673,197179.173,4483.584,252.0,19.2,0.0,0.0,0.0,0.0,255775,0.0
1640,29114.1297772,2872.77793,11444.64,3906.7,3165.75870154,10846.2365913,197179.173,4483.584,370.8,19.2,0.0,0.0,0.0,0.0,263403,0.0
1641,28368.0470921,2872.77793,11444.64,3906.7,12263.5006488,8091.03916834,197179.173,4483.584,291.338160746,19.2,0.0,0.0,0.0,0.0,268920,0.0
1642,22463.9993623,2872.77793,11444.64,3906.7,21886.3051694,6751.62053825,197179.173,4483.584,252.0,19.2,0.0,0.0,0.0,0.0,271260,0.0
1643,11536.4961595,2872.77793,11444.64,3906.7,30316.4861953,6615.94271518,197179.173,4483.584,252.0,19.2,0.0,0.0,0.0,0.0,268627,0.0
1644,4903.25807873,2872.77793,11444.64,3906.7,35020.6182515,5232.04873975,197179.173,4483.584,252.0,19.2,0.0,0.0,0.0,0.0,265314,0.0
1645,3778.555,2872.77793,11444.64,3906.7,37037.79242,4499.59043402,195221.673,3691.67121595,176.4,19.2,0.0,0.0,0.0,0.0,262649,0.0
1646,3778.555,2872.77793,11444.64,3906.7,35237.4922381,4580.10987295,194820.047959,2812.077,176.4,19.2,0.0,0.0,0.0,0.0,259648,0.0
1647,3778.555,2872.77793,11444.64,3906.7,29498.1334549,5615.10384628,195167.673,3875.81676887,176.4,19.2,0.0,0.0,0.0,0.0,256355,0.0
1648,3778.555,2872.77793,11444.64,3906.7,26421.4300126,8235.44974141,195046.770316,2812.077,176.4,19.2,0.0,0.0,0.0,0.0,254714,0.0
1649,5533.53647985,2872.77793,11444.64,3906.7,18231.2572437,12251.1313464,197179.173,4483.584,252.0,19.2,0.0,0.0,0.0,0.0,256174,0.0
1650,16273.0665125,2872.77793,11444.64,3906.7,7669.90158534,16856.9569721,197179.173,4483.584,252.0,19.2,0.0,0.0,0.0,0.0,260958,0.0
1651,21978.3799644,2872.77793,11444.64,3906.7,209.736253446,22640.8088521,197179.173,4483.584,252.0,19.2,0.0,0.0,0.0,0.0,264987,0.0
1652,19884.5707103,2872.77793,11444.64,3906.7,0.0,27459.3543597,197179.173,4483.584,252.0,19.2,0.0,0.0,0.0,0.0,267502,0.0
1653,15331.3121769,2872.77793,11444.64,3906.7,0.0,31452.6128931,197179.173,4483.584,252.0,19.2,0.0,0.0,0.0,0.0,266942,0.0
1654,7608.20030346,2872.77793,11444.64,3906.7,0.0,34565.7247665,197179.173,4483.584,252.0,19.2,0.0,0.0,0.0,0.0,262332,0.0
1655,3778.555,2872.77793,11444.64,3906.7,0.0,38075.8846664,191131.950404,2526.192,8.1,19.2,0.0,0.0,0.0,0.0,253764,0.0
1656,3778.555,2872.77793,11444.64,3906.7,0.0,43472.8003621,178646.534708,2368.692,8.1,19.2,0.0,0.0,0.0,0.0,246518,0.0
1657,3815.24,2988.26649,11444.64,4018.32,0.0,47252.3276194,168881.659891,2112.246,8.1,19.2,0.0,0.0,0.0,0.0,240540,0.0
1658,3815.24,2988.26649,11444.64,4018.32,0.0,47270.1069175,164856.880592,2112.246,8.1,19.2,0.0,0.0,0.0,0.0,236533,0.0
1659,3815.24,2988.26649,11444.64,4018.32,0.0,45712.9236344,164478.063876,2112.246,8.1,19.2,0.0,0.0,0.0,0.0,234597,0.0
1660,3815.24,2988.26649,11444.64,4018.32,0.0,41852.1544423,169861.833068,2112.246,8.1,19.2,0.0,0.0,0.0,0.0,236120,0.0
1661,3815.24,2988.26649,11444.64,4018.32,0.0,39368.0401672,177095.947343,2112.246,8.1,19.2,0.0,0.0,0.0,0.0,240870,0.0
1662,3815.24,2988.26649,11444.64,4018.32,0.0,36172.6900646,187466.612445,2555.631,176.4,19.2,0.0,0.0,0.0,0.0,248657,0.0
1663,12451.9954101,2988.26649,11444.64,4018.32,0.0,32743.7130999,188404.173,3970.692,252.0,19.2,0.0,0.0,0.0,0.0,256293,0.0
1664,20944.9057707,2988.26649,11444.64,4018.32,3301.64544727,27628.357292,188404.173,3970.692,370.8,19.2,0.0,0.0,0.0,0.0,263091,0.0
1665,22004.5490486,2988.26649,11444.64,4018.32,12498.9402187,21699.4192427,188404.173,3970.692,370.8,19.2,0.0,0.0,0.0,0.0,267419,0.0
1666,13438.7506192,2988.26649,11444.64,4018.32,22119.3736996,21533.7841912,188404.173,3970.692,370.8,19.2,0.0,0.0,0.0,0.0,268308,0.0
1667,3815.24,2988.26649,11444.64,4018.32,30198.413338,21741.293503,188404.173,3314.053669,176.4,19.2,0.0,0.0,0.0,0.0,266120,0.0
1668,3815.24,2988.26649,11444.64,4018.32,35285.1476758,19606.8527254,184469.987109,2112.246,8.1,19.2,0.0,0.0,0.0,0.0,263768,0.0
1669,3815.24,2988.26649,11444.64,4018.32,37463.2568172,17999.3149307,182357.415762,2112.246,8.1,19.2,0.0,0.0,0.0,0.0,262226,0.0
1670,3815.24,2988.26649,11444.64,4018.32,37525.8443622,19080.8267376,179770.31641,2112.246,8.1,19.2,0.0,0.0,0.0,0.0,260783,0.0
1671,3815.24,2988.26649,11444.64,4018.32,34314.5671328,22018.8630135,179123.557364,2112.246,8.1,19.2,0.0,0.0,0.0,0.0,259863,0.0
1672,3815.24,2988.26649,11444.64,4018.32,29148.0759828,24309.1446987,181421.766828,2112.246,8.1,19.2,0.0,0.0,0.0,0.0,259285,0.0
1673,3815.24,2988.26649,11444.64,4018.32,20636.7351756,26530.2503801,188404.173,3738.77495434,176.4,19.2,0.0,0.0,0.0,0.0,261772,0.0
1674,19245.0261037,2988.26649,11444.64,4018.32,8563.51740664,28370.9099398,188404.173,3970.692,293.255059871,19.2,0.0,0.0,0.0,0.0,267318,0.0
1675,29814.8048323,2988.26649,11444.64,4018.32,192.013674136,30210.8900036,188404.173,3970.692,252.0,19.2,0.0,0.0,0.0,0.0,271315,0.0
1676,29300.3706984,2988.26649,11444.64,4018.32,0.0,33143.3378116,188404.173,3970.692,252.0,19.2,0.0,0.0,0.0,0.0,273541,0.0
1677,25257.1326634,2988.26649,11444.64,4018.32,0.0,37485.5758466,188404.173,3970.692,252.0,19.2,0.0,0.0,0.0,0.0,273840,0.0
1678,19731.9110425,2988.26649,11444.64,4018.32,0.0,38267.7974675,188404.173,3970.692,252.0,19.2,0.0,0.0,0.0,0.0,269097,0.0
1679,12540.1031411,2988.26649,11444.64,4018.32,0.0,35857.6053689,188404.173,3970.692,252.0,19.2,0.0,0.0,0.0,0.0,259495,0.0
1680,7069.46606993,2988.26649,11444.64,4018.32,0.0,33435.2424401,188404.173,3970.692,252.0,19.2,0.0,0.0,0.0,0.0,251602,0.0
1681,3815.24,3089.31898,11444.64,4152.264,0.0,30826.3818792,189061.924141,2555.631,176.4,19.2,0.0,0.0,0.0,0.0,245141,0.0
1682,3815.24,3089.31898,11444.64,4152.264,0.0,28293.2730844,187287.032936,2555.631,176.4,19.2,0.0,0.0,0.0,0.0,240833,0.0
1683,3815.24,3089.31898,11444.64,4152.264,0.0,25834.8149623,187776.491058,2555.631,176.4,19.2,0.0,0.0,0.0,0.0,238864,0.0
1684,3815.24,3089.31898,11444.64,4152.264,0.0,24998.3708521,189376.173,3310.39316794,176.4,19.2,0.0,0.0,0.0,0.0,240382,0.0
1685,7716.25897591,3089.31898,11444.64,4152.264,0.0,25576.0530441,189376.173,3970.692,176.4,19.2,0.0,0.0,0.0,0.0,245521,0.0
1686,13881.2222476,3089.31898,11444.64,4152.264,0.0,26287.0897724,189376.173,3970.692,176.4,19.2,0.0,0.0,0.0,0.0,252397,0.0
1687,19923.8796216,3089.31898,11444.64,4152.264,0.0,26579.4323984,189376.173,3970.692,176.4,19.2,0.0,0.0,0.0,0.0,258732,0.0
1688,23028.7255349,3089.31898,11444.64,4152.264,3130.27217117,25633.7143139,189376.173,3970.692,252.0,19.2,0.0,0.0,0.0,0.0,264097,0.0
1689,16904.8242357,3089.31898,11444.64,4152.264,12146.0498307,26080.8379536,189376.173,3970.692,252.0,19.2,0.0,0.0,0.0,0.0,267436,0.0
1690,7551.27269694,3089.31898,11444.64,4152.264,21383.9184166,26106.5209065,189376.173,3970.692,252.0,19.2,0.0,0.0,0.0,0.0,267346,0.0
1691,3815.24,3089.31898,11444.64,4152.264,28412.0926983,26152.7456417,185452.65268,2269.746,8.1,19.2,0.0,0.0,0.0,0.0,264816,0.0
1692,3815.24,3089.31898,11444.64,4152.264,32801.8615178,22861.0591909,181697.070311,2112.246,8.1,19.2,0.0,0.0,0.0,0.0,262001,0.0
1693,3815.24,3089.31898,11444.64,4152.264,35135.6614736,20563.9300449,179227.399501,2112.246,8.1,19.2,0.0,0.0,0.0,0.0,259568,0.0
1694,3815.24,3089.31898,11444.64,4152.264,34430.7144954,20609.7616825,177588.514842,2112.246,8.1,19.2,0.0,0.0,0.0,0.0,257270,0.0
1695,3815.24,3089.31898,11444.64,4152.264,32354.7913763,23657.9876274,174462.212016,2112.246,8.1,19.2,0.0,0.0,0.0,0.0,255116,0.0
1696,3815.24,3089.31898,11444.64,4152.264,25585.0899752,25567.0030959,178497.897949,2112.246,8.1,19.2,0.0,0.0,0.0,0.0,254291,0.0
1697,3815.24,3089.31898,11444.64,4152.264,16486.7879379,26937.688347,188320.829735,2555.631,176.4,19.2,0.0,0.0,0.0,0.0,256998,0.0
1698,16328.020476,3089.31898,11444.64,4152.264,7274.28477124,26112.4067728,189376.173,3970.692,252.0,19.2,0.0,0.0,0.0,0.0,262019,0.0
1699,28879.2562208,3089.31898,11444.64,4152.264,196.099179508,25347.7074516,189376.173,3970.692,249.649168144,19.2,0.0,0.0,0.0,0.0,266725,0.0
1700,26704.0562667,3089.31898,11444.64,4152.264,0.0,30656.2557533,189376.173,3970.692,176.4,19.2,0.0,0.0,0.0,0.0,269589,0.0
1701,24465.3301629,3089.31898,11444.64,4152.264,0.0,34514.9818571,189376.173,3970.692,176.4,19.2,0.0,0.0,0.0,0.0,271209,0.0
1702,18785.6369642,3089.31898,11444.64,4152.264,0.0,37396.6750558,189376.173,3970.692,176.4,19.2,0.0,0.0,0.0,0.0,268411,0.0
1703,10790.5688158,3089.31898,11444.64,4152.264,0.0,39029.7432042,189376.173,3970.692,176.4,19.2,0.0,0.0,0.0,0.0,262049,0.0
1704,4470.44318093,3089.31898,11444.64,4152.264,0.0,39407.8688391,189376.173,3970.692,176.4,19.2,0.0,0.0,0.0,0.0,256107,0.0
1705,4352.4174287,3190.37147,11444.64,4286.208,0.0,37952.4412733,186919.173,3900.14882802,176.4,19.2,0.0,0.0,0.0,0.0,252241,0.0
1706,3815.24,3190.37147,11444.64,4286.208,0.0,36145.5799199,186919.173,2572.18761011,176.4,19.2,0.0,0.0,0.0,0.0,248569,0.0
1707,3815.24,3190.37147,11444.64,4286.208,0.0,35613.795665,185573.513865,2555.631,176.4,19.2,0.0,0.0,0.0,0.0,246675,0.0
1708,5053.31848146,3190.37147,11444.64,4286.208,0.0,33555.9970485,186919.173,3970.692,176.4,19.2,0.0,0.0,0.0,0.0,248616,0.0
1709,9933.19799499,3190.37147,11444.64,4286.208,0.0,32720.117535,186919.173,3970.692,176.4,19.2,0.0,0.0,0.0,0.0,252660,0.0
1710,16111.9872994,3190.37147,11444.64,4286.208,0.0,32511.3282306,186919.173,3970.692,176.4,19.2,0.0,0.0,0.0,0.0,258630,0.0
1711,21841.1815472,3190.37147,11444.64,4286.208,0.0,33253.1339828,186919.173,3970.692,176.4,19.2,0.0,0.0,0.0,0.0,265101,0.0
1712,23553.2431373,3190.37147,11444.64,4286.208,3432.85512983,33693.2172628,186919.173,3970.692,176.4,19.2,0.0,0.0,0.0,0.0,270686,0.0
1713,21931.7892663,3190.37147,11444.64,4286.208,12721.6256838,29795.90058,186919.173,3970.692,176.4,19.2,0.0,0.0,0.0,0.0,274456,0.0
1714,10008.9876498,3190.37147,11444.64,4286.208,22074.1069501,32843.2209302,186919.173,3970.692,176.4,19.2,0.0,0.0,0.0,0.0,274933,0.0
1715,3815.24,3190.37147,11444.64,4286.208,30176.6141498,41423.7214957,175517.658885,2112.246,8.1,19.2,0.0,0.0,0.0,0.0,271994,0.0
1716,3815.24,3190.37147,11444.64,4286.208,36448.3377374,38593.7615008,168274.895292,2112.246,8.1,19.2,0.0,0.0,0.0,0.0,268193,0.0
1717,3815.24,3190.37147,11444.64,4286.208,38938.6054499,29882.5507838,171471.838296,2112.246,8.1,19.2,0.0,0.0,0.0,0.0,265169,0.0
1718,3815.24,3190.37147,11444.64,4286.208,38574.5919598,21911.6836273,176187.718943,2112.246,8.1,19.2,0.0,0.0,0.0,0.0,261550,0.0
1719,3815.24,3190.37147,11444.64,4286.208,34774.4882478,16960.8428772,181815.663405,2112.246,8.1,19.2,0.0,0.0,0.0,0.0,258427,0.0
1720,3815.24,3190.37147,11444.64,4286.208,29195.1027801,16219.5023223,186532.704428,2555.631,176.4,19.2,0.0,0.0,0.0,0.0,257435,0.0
1721,11274.2441759,3190.37147,11444.64,4286.208,19403.2853448,19085.7860093,186919.173,3970.692,176.4,19.2,0.0,0.0,0.0,0.0,259770,0.0
1722,22431.6757186,3190.37147,11444.64,4286.208,8610.72717887,24215.9126326,186919.173,3970.692,176.4,19.2,0.0,0.0,0.0,0.0,265265,0.0
1723,29942.584676,3190.37147,11444.64,4286.208,236.299480919,29884.4313731,186919.173,3970.692,176.4,19.2,0.0,0.0,0.0,0.0,270070,0.0
1724,24329.2630512,3190.37147,11444.64,4286.208,0.0,40536.0524788,186919.173,3970.692,176.4,19.2,0.0,0.0,0.0,0.0,274872,0.0
1725,14791.7451638,3190.37147,11444.64,4286.208,0.0,52273.5703662,186919.173,3970.692,176.4,19.2,0.0,0.0,0.0,0.0,277072,0.0
1726,7689.09980934,3190.37147,11444.64,4286.208,0.0,56717.2157207,186919.173,3970.692,176.4,19.2,0.0,0.0,0.0,0.0,274413,0.0
1727,3815.24,3190.37147,11444.64,4286.208,0.0,55677.1312764,185564.178254,2555.631,176.4,19.2,0.0,0.0,0.0,0.0,266729,0.0
1728,3815.24,3190.37147,11444.64,4286.208,0.0,50115.2989252,184909.255605,2485.386,176.4,19.2,0.0,0.0,0.0,0.0,260442,0.0
1729,3815.24,3291.42396,11444.64,4531.772,0.0,42552.3867326,187089.795307,2402.442,8.1,19.2,0.0,0.0,0.0,0.0,255155,0.0
1730,3815.24,3291.42396,11444.64,4531.772,0.0,34300.4614856,191414.720554,2402.442,8.1,19.2,0.0,0.0,0.0,0.0,251228,0.0
1731,3815.24,3291.42396,11444.64,4531.772,0.0,27321.5470488,196670.634991,2402.442,8.1,19.2,0.0,0.0,0.0,0.0,249505,0.0
1732,3815.24,3291.42396,11444.64,4531.772,0.0,23575.0040027,201406.1985,3318.12153734,176.4,19.2,0.0,0.0,0.0,0.0,251578,0.0
1733,3815.24,3291.42396,11444.64,4531.772,0.0,22598.3102955,205019.929745,4452.084,176.4,19.2,0.0,0.0,0.0,0.0,255349,0.0
1734,7674.97157268,3291.42396,11444.64,4531.772,0.0,22725.4704673,206245.638,4551.084,370.8,19.2,0.0,0.0,0.0,0.0,260855,0.0
1735,13472.4773595,3291.42396,11444.64,4531.772,0.0,23319.293467,206245.638,4551.084,269.471213536,19.2,0.0,0.0,0.0,0.0,267145,0.0
1736,15388.5806939,3291.42396,11444.64,4531.772,3784.84597353,23458.0153726,206245.638,4551.084,370.8,19.2,0.0,0.0,0.0,0.0,273086,0.0
1737,14300.6739742,3291.42396,11444.64,4531.772,13074.2331686,18773.5348973,206245.638,4551.084,370.8,19.2,0.0,0.0,0.0,0.0,276603,0.0
1738,5995.7975953,3291.42396,11444.64,4531.772,22940.6635777,18219.980867,206245.638,4551.084,370.8,19.2,0.0,0.0,0.0,0.0,277611,0.0
1739,3815.24,3291.42396,11444.64,4531.772,30881.7601283,24398.5364868,196040.885425,2402.442,8.1,19.2,0.0,0.0,0.0,0.0,276834,0.0
1740,3815.24,3291.42396,11444.64,4531.772,36071.1542085,23013.2561193,190899.771712,2402.442,8.1,19.2,0.0,0.0,0.0,0.0,275497,0.0
1741,3815.24,3291.42396,11444.64,4531.772,38438.750686,19019.0608913,191598.370463,2402.442,8.1,19.2,0.0,0.0,0.0,0.0,274569,0.0
1742,3815.24,3291.42396,11444.64,4531.772,38173.9888179,16317.9965584,193741.196664,2402.442,8.1,19.2,0.0,0.0,0.0,0.0,273746,0.0
1743,3815.24,3291.42396,11444.64,4531.772,35027.9775823,15549.4844591,197391.219999,2559.942,8.1,19.2,0.0,0.0,0.0,0.0,273639,0.0
1744,3815.24,3291.42396,11444.64,4531.772,29494.7745167,14878.7117002,201897.949823,4260.888,176.4,19.2,0.0,0.0,0.0,0.0,273811,0.0
1745,9372.6859998,3291.42396,11444.64,4531.772,20226.9518617,15685.8041785,206245.638,4551.084,370.8,19.2,0.0,0.0,0.0,0.0,275740,0.0
1746,21790.0966945,3291.42396,11444.64,4531.772,9212.16587167,16612.1794738,206245.638,4551.084,370.8,19.2,0.0,0.0,0.0,0.0,278069,0.0
1747,32082.892232,3291.42396,11444.64,4531.772,243.886534987,16210.663273,206245.638,4551.084,370.8,19.2,0.0,0.0,0.0,0.0,278992,0.0
1748,30031.996413,3291.42396,11444.64,4531.772,0.0,19187.445627,206245.638,4551.084,370.8,19.2,0.0,0.0,0.0,0.0,279674,0.0
1749,27568.8867061,3291.42396,11444.64,4531.772,0.0,21421.5553339,206245.638,4551.084,370.8,19.2,0.0,0.0,0.0,0.0,279445,0.0
1750,20601.025475,3291.42396,11444.64,4531.772,0.0,24367.416565,206245.638,4551.084,370.8,19.2,0.0,0.0,0.0,0.0,275423,0.0
1751,12589.6879366,3291.42396,11444.64,4531.772,0.0,26962.7541034,206245.638,4551.084,370.8,19.2,0.0,0.0,0.0,0.0,270007,0.0
1752,8559.72274751,3291.42396,11444.64,4531.772,0.0,27645.7192925,206245.638,4551.084,370.8,19.2,0.0,0.0,0.0,0.0,266660,0.0
1753,7217.4718762,3392.47645,11444.64,4844.308,0.0,26793.2816738,205548.138,4551.084,176.4,19.2,0.0,0.0,0.0,0.0,263987,0.0
1754,5104.74016106,3392.47645,11444.64,4844.308,0.0,25726.1071848,205557.044204,4551.084,176.4,19.2,0.0,0.0,0.0,0.0,260816,0.0
1755,4668.36103661,3392.47645,11444.64,4844.308,0.0,24393.8925134,205615.638,4551.084,176.4,19.2,0.0,0.0,0.0,0.0,259106,0.0
1756,8919.59064558,3392.47645,11444.64,4844.308,0.0,20972.6629044,205615.638,4551.084,176.4,19.2,0.0,0.0,0.0,0.0,259936,0.0
1757,15388.2886029,3392.47645,11444.64,4844.308,0.0,17035.9649471,205615.638,4551.084,176.4,19.2,0.0,0.0,0.0,0.0,262468,0.0
1758,21662.0715999,3392.47645,11444.64,4844.308,0.0,13822.1819501,205615.638,4551.084,176.4,19.2,0.0,0.0,0.0,0.0,265528,0.0
1759,26817.9123743,3392.47645,11444.64,4844.308,0.0,12333.3411757,205615.638,4551.084,176.4,19.2,0.0,0.0,0.0,0.0,269195,0.0
1760,27697.881654,3392.47645,11444.64,4844.308,3856.76993896,11620.601957,205615.638,4551.084,176.4,19.2,0.0,0.0,0.0,0.0,273219,0.0
1761,22938.8899473,3392.47645,11444.64,4844.308,12968.0722491,9438.29135358,205615.638,4551.084,176.4,19.2,0.0,0.0,0.0,0.0,275389,0.0
1762,15431.1582681,3392.47645,11444.64,4844.308,22694.4395983,7721.65568355,205615.638,4551.084,176.4,19.2,0.0,0.0,0.0,0.0,275891,0.0
1763,5243.10219723,3392.47645,11444.64,4844.308,30415.6048197,10070.5465331,205615.638,4551.084,176.4,19.2,0.0,0.0,0.0,0.0,275773,0.0
1764,3778.555,3392.47645,11444.64,4844.308,35357.9660527,11053.8291025,200965.1985,2992.42689476,176.4,19.2,0.0,0.0,0.0,0.0,274025,0.0
1765,3778.555,3392.47645,11444.64,4844.308,37608.5284616,10876.1973197,197813.352769,2724.642,8.1,19.2,0.0,0.0,0.0,0.0,272510,0.0
1766,3778.555,3392.47645,11444.64,4844.308,37110.9717933,10799.5279588,197279.278798,2559.942,8.1,19.2,0.0,0.0,0.0,0.0,271237,0.0
1767,3778.555,3392.47645,11444.64,4844.308,33663.4462521,12124.1330737,197321.199224,2559.942,8.1,19.2,0.0,0.0,0.0,0.0,269156,0.0
1768,3778.555,3392.47645,11444.64,4844.308,28568.0657625,14741.829284,196979.883504,2559.942,8.1,19.2,0.0,0.0,0.0,0.0,266337,0.0
1769,3778.555,3392.47645,11444.64,4844.308,19956.6236893,19225.1863109,200804.78355,2845.827,176.4,19.2,0.0,0.0,0.0,0.0,266488,0.0
1770,8631.6897621,3392.47645,11444.64,4844.308,7890.14294838,23638.4208395,205615.638,4551.084,176.4,19.2,0.0,0.0,0.0,0.0,270204,0.0
1771,16012.6518571,3392.47645,11444.64,4844.308,282.646469792,26644.9552231,205615.638,4551.084,176.4,19.2,0.0,0.0,0.0,0.0,272984,0.0
1772,13424.033764,3392.47645,11444.64,4844.308,0.0,32955.719786,205548.138,4551.084,176.4,19.2,0.0,0.0,0.0,0.0,276356,0.0
1773,12262.9174428,3392.47645,11444.64,4844.308,0.0,37562.3361072,205615.638,4551.084,176.4,19.2,0.0,0.0,0.0,0.0,279869,0.0
1774,11015.7284779,3392.47645,11444.64,4844.308,0.0,38249.5250721,205615.638,4551.084,176.4,19.2,0.0,0.0,0.0,0.0,279309,0.0
1775,8247.2819052,3392.47645,11444.64,4844.308,0.0,35302.9716448,205615.638,4551.084,176.4,19.2,0.0,0.0,0.0,0.0,273594,0.0
1776,8042.03382768,3392.47645,11444.64,4844.308,0.0,31587.2197223,205615.638,4551.084,176.4,19.2,0.0,0.0,0.0,0.0,269673,0.0
1777,16006.5807199,3522.40108,11444.64,5045.224,0.0,27260.1972001,196778.673,4551.084,252.0,19.2,0.0,0.0,0.0,0.0,264880,0.0
1778,15710.1358211,3522.40108,11444.64,5045.224,0.0,23348.6420989,196778.673,4551.084,252.0,19.2,0.0,0.0,0.0,0.0,260672,0.0
1779,16152.6617457,3522.40108,11444.64,5045.224,0.0,19930.1161743,196778.673,4551.084,252.0,19.2,0.0,0.0,0.0,0.0,257696,0.0
1780,19412.1532223,3522.40108,11444.64,5045.224,0.0,16555.6246977,196778.673,4551.084,252.0,19.2,0.0,0.0,0.0,0.0,257581,0.0
1781,23401.3996407,3522.40108,11444.64,5045.224,0.0,13677.3782793,196778.673,4551.084,252.0,19.2,0.0,0.0,0.0,0.0,258692,0.0
1782,27817.2623545,3522.40108,11444.64,5045.224,0.0,11671.5155655,196778.673,4551.084,252.0,19.2,0.0,0.0,0.0,0.0,261102,0.0
1783,31531.0704008,3522.40108,11444.64,5045.224,0.0,10439.7075192,196778.673,4551.084,252.0,19.2,0.0,0.0,0.0,0.0,263584,0.0
1784,32292.2206731,3522.40108,11444.64,5045.224,3855.62239669,9035.79065842,196778.673,4551.084,204.144191804,19.2,0.0,0.0,0.0,0.0,266749,0.0
1785,28769.9146458,3522.40108,11444.64,5045.224,13017.8190382,5547.044236,196778.673,4551.084,252.0,19.2,0.0,0.0,0.0,0.0,268948,0.0
1786,15855.4629271,3522.40108,11444.64,5045.224,22791.5532386,9158.76175425,196778.673,4551.084,252.0,19.2,0.0,0.0,0.0,0.0,269419,0.0
1787,4072.035,3522.40108,11444.64,5045.224,30574.8993115,15917.3583525,194887.323,3477.51925604,176.4,19.2,0.0,0.0,0.0,0.0,269137,0.0
1788,4072.035,3522.40108,11444.64,5045.224,35668.6390351,19409.399956,186553.918929,2402.442,8.1,19.2,0.0,0.0,0.0,0.0,268146,0.0
1789,4072.035,3522.40108,11444.64,5045.224,38227.2832641,21626.2694617,179313.405194,2402.442,8.1,19.2,0.0,0.0,0.0,0.0,265681,0.0
1790,4072.035,3522.40108,11444.64,5045.224,38213.9756621,23690.9160389,173904.066219,2402.442,8.1,19.2,0.0,0.0,0.0,0.0,262323,0.0
1791,4072.035,3522.40108,11444.64,5045.224,35151.0501136,26101.4809353,171031.426871,2402.442,8.1,19.2,0.0,0.0,0.0,0.0,258798,0.0
1792,4072.035,3522.40108,11444.64,5045.224,29161.5575459,29966.7837015,170147.616673,2402.442,8.1,19.2,0.0,0.0,0.0,0.0,255790,0.0
1793,4072.035,3522.40108,11444.64,5045.224,20783.2739324,33893.9915132,174047.692474,2402.442,8.1,19.2,0.0,0.0,0.0,0.0,255239,0.0
1794,4072.035,3522.40108,11444.64,5045.224,8678.78268795,35513.4070398,188056.768192,2402.442,8.1,19.2,0.0,0.0,0.0,0.0,258763,0.0
1795,8023.10602816,3522.40108,11444.64,5045.224,315.879406913,32763.7924849,196778.673,4551.084,252.0,19.2,0.0,0.0,0.0,0.0,262716,0.0
1796,9919.09245544,3522.40108,11444.64,5045.224,0.0,36172.6854646,196778.673,4551.084,252.0,19.2,0.0,0.0,0.0,0.0,267705,0.0
1797,8507.76226527,3522.40108,11444.64,5045.224,0.0,42077.0156547,196778.673,4551.084,252.0,19.2,0.0,0.0,0.0,0.0,272198,0.0
1798,4072.035,3522.40108,11444.64,5045.224,0.0,46963.7192721,196574.823,4287.55764795,176.4,19.2,0.0,0.0,0.0,0.0,272106,0.0
1799,4072.035,3522.40108,11444.64,5045.224,0.0,49395.5706466,191681.187273,2724.642,8.1,19.2,0.0,0.0,0.0,0.0,267913,0.0
1800,4072.035,3522.40108,11444.64,5045.224,0.0,48422.5007187,188976.457201,2402.442,8.1,19.2,0.0,0.0,0.0,0.0,263913,0.0
1801,11203.8467111,3580.14536,11444.64,5246.14,0.0,44666.0849289,181805.373,1140.57,252.0,19.2,0.0,0.0,0.0,0.0,259358,0.0
1802,12102.2892222,3580.14536,11444.64,5246.14,0.0,39376.6424178,181805.373,1140.57,252.0,19.2,0.0,0.0,0.0,0.0,254967,0.0
1803,14877.3288061,3580.14536,11444.64,5246.14,0.0,33960.2028339,181805.373,1140.57,176.4,19.2,0.0,0.0,0.0,0.0,252250,0.0
1804,18269.5396722,3580.14536,11444.64,5246.14,0.0,30059.9919678,181805.373,1140.57,176.4,19.2,0.0,0.0,0.0,0.0,251742,0.0
1805,22103.7122968,3580.14536,11444.64,5246.14,0.0,27951.2193432,181805.373,1140.57,252.0,19.2,0.0,0.0,0.0,0.0,253543,0.0
1806,23789.586353,3580.14536,11444.64,5246.14,0.0,28048.345287,181805.373,1140.57,252.0,19.2,0.0,0.0,0.0,0.0,255326,0.0
1807,24394.7885973,3580.14536,11444.64,5246.14,0.0,28737.1430427,181805.373,1140.57,252.0,19.2,0.0,0.0,0.0,0.0,256620,0.0
1808,20888.2104672,3580.14536,11444.64,5246.14,3881.38514319,29263.3360296,181805.373,1140.57,252.0,19.2,0.0,0.0,0.0,0.0,257521,0.0
1809,13817.6847042,3580.14536,11444.64,5246.14,12933.6058994,26642.6410364,181805.373,1140.57,252.0,19.2,0.0,0.0,0.0,0.0,256882,0.0
1810,4365.515,3580.14536,11444.64,5246.14,22444.992295,30043.7322609,177389.350084,697.185,8.1,19.2,0.0,0.0,0.0,0.0,255239,0.0
1811,4365.515,3580.14536,11444.64,5246.14,30171.5025988,35567.3132311,162617.25881,697.185,8.1,19.2,0.0,0.0,0.0,0.0,253717,0.0
1812,4365.515,3580.14536,11444.64,5246.14,35277.2182506,34400.2757139,157414.880675,681.885,8.1,19.2,0.0,0.0,0.0,0.0,252438,0.0
1813,4365.515,3580.14536,11444.64,5246.14,37415.4732698,30925.9966088,157661.604761,697.185,8.1,19.2,0.0,0.0,0.0,0.0,251364,0.0
1814,4365.515,3580.14536,11444.64,5246.14,36866.2190342,27512.3859561,160057.46965,697.185,8.1,19.2,0.0,0.0,0.0,0.0,249797,0.0
1815,4365.515,3580.14536,11444.64,5246.14,33973.1339705,25399.7138538,161961.226816,697.185,8.1,19.2,0.0,0.0,0.0,0.0,246695,0.0
1816,4365.515,3580.14536,11444.64,5246.14,28072.8072216,26703.7440866,163542.523332,697.185,8.1,19.2,0.0,0.0,0.0,0.0,243680,0.0
1817,4365.515,3580.14536,11444.64,5246.14,18683.1917364,28349.2961636,171163.58674,697.185,8.1,19.2,0.0,0.0,0.0,0.0,243557,0.0
1818,4664.91238257,3580.14536,11444.64,5246.14,8997.04523118,30381.5740262,181805.373,1140.57,176.4,19.2,0.0,0.0,0.0,0.0,247456,0.0
1819,16666.4905788,3580.14536,11444.64,5246.14,271.287806982,31337.1532542,181805.373,1140.57,252.0,19.2,0.0,0.0,0.0,0.0,251763,0.0
1820,20067.1449687,3580.14536,11444.64,5246.14,0.0,33429.7866713,181805.373,1140.57,252.0,19.2,0.0,0.0,0.0,0.0,256985,0.0
1821,20495.8449866,3580.14536,11444.64,5246.14,0.0,37397.0866534,181805.373,1140.57,252.0,19.2,0.0,0.0,0.0,0.0,261381,0.0
1822,17630.803416,3580.14536,11444.64,5246.14,0.0,40485.3122692,181805.373,1140.57,249.815954815,19.2,0.0,0.0,0.0,0.0,261602,0.0
1823,12603.2863102,3580.14536,11444.64,5246.14,0.0,40282.6453298,181805.373,1140.57,252.0,19.2,0.0,0.0,0.0,0.0,256374,0.0
1824,9691.6184272,3580.14536,11444.64,5246.14,0.0,38050.3132128,181805.373,1140.57,252.0,19.2,0.0,0.0,0.0,0.0,251230,0.0
1825,4548.94,3609.0175,11444.64,5380.084,0.0,36604.9423894,182328.098111,1578.978,8.1,19.2,0.0,0.0,0.0,0.0,245522,0.0
1826,4548.94,3609.0175,11444.64,5380.084,0.0,35656.8732183,178352.167282,1578.978,8.1,19.2,0.0,0.0,0.0,0.0,240598,0.0
1827,4548.94,3609.0175,11444.64,5380.084,0.0,35590.4139989,175748.626501,1578.978,8.1,19.2,0.0,0.0,0.0,0.0,237928,0.0
1828,4548.94,3609.0175,11444.64,5380.084,0.0,34819.1337154,177182.906785,1578.978,8.1,19.2,0.0,0.0,0.0,0.0,238591,0.0
1829,4548.94,3609.0175,11444.64,5380.084,0.0,33485.7381509,179642.302349,1578.978,8.1,19.2,0.0,0.0,0.0,0.0,239717,0.0
1830,4548.94,3609.0175,11444.64,5380.084,0.0,31234.1421442,185022.398356,1736.478,8.1,19.2,0.0,0.0,0.0,0.0,243003,0.0
1831,7387.28394003,3609.0175,11444.64,5380.084,0.0,28467.6216861,188224.173,2709.57987389,176.4,19.2,0.0,0.0,0.0,0.0,247418,0.0
1832,12760.9531993,3609.0175,11444.64,5380.084,3986.77385809,24720.6024426,188224.173,2904.156,176.4,19.2,0.0,0.0,0.0,0.0,253226,0.0
1833,15625.3912065,3609.0175,11444.64,5380.084,13085.567306,17762.3709874,188224.173,2904.156,176.4,19.2,0.0,0.0,0.0,0.0,258231,0.0
1834,12896.2125539,3609.0175,11444.64,5380.084,22836.029671,15110.0872752,188224.173,2904.156,176.4,19.2,0.0,0.0,0.0,0.0,262600,0.0
1835,7344.60158592,3609.0175,11444.64,5380.084,30654.2336055,15942.4943086,188224.173,2904.156,176.4,19.2,0.0,0.0,0.0,0.0,265699,0.0
1836,5403.35799775,3609.0175,11444.64,5380.084,35781.8774309,15198.0940713,188224.173,2904.156,176.4,19.2,0.0,0.0,0.0,0.0,268141,0.0
1837,5361.7424173,3609.0175,11444.64,5380.084,38087.03276,14263.5543227,188224.173,2904.156,176.4,19.2,0.0,0.0,0.0,0.0,269470,0.0
1838,5782.36328859,3609.0175,11444.64,5380.084,37724.4759945,14299.4902169,188224.173,2904.156,176.4,19.2,0.0,0.0,0.0,0.0,269564,0.0
1839,6511.91783011,3609.0175,11444.64,5380.084,34798.5016639,15488.910006,188224.173,2904.156,176.4,19.2,0.0,0.0,0.0,0.0,268557,0.0
1840,6583.31890501,3609.0175,11444.64,5380.084,29213.789348,18817.221247,188224.173,2904.156,176.4,19.2,0.0,0.0,0.0,0.0,266372,0.0
1841,10500.8281091,3609.0175,11444.64,5380.084,21087.3593403,24038.1420506,188224.173,2904.156,176.4,19.2,0.0,0.0,0.0,0.0,267384,0.0
1842,21414.1970732,3609.0175,11444.64,5380.084,9314.38300231,29246.7494245,188224.173,2904.156,176.4,19.2,0.0,0.0,0.0,0.0,271733,0.0
1843,32151.5225098,3609.0175,11444.64,5380.084,304.915927606,31719.8910626,188224.173,2904.156,176.4,19.2,0.0,0.0,0.0,0.0,275934,0.0
1844,31572.2624495,3609.0175,11444.64,5380.084,0.0,37642.0670505,188224.173,2904.156,176.4,19.2,0.0,0.0,0.0,0.0,280972,0.0
1845,28770.9667608,3609.0175,11444.64,5380.084,0.0,45345.3627392,188224.173,2904.156,176.4,19.2,0.0,0.0,0.0,0.0,285874,0.0
1846,26071.0725783,3609.0175,11444.64,5380.084,0.0,48282.2569217,188224.173,2904.156,176.4,19.2,0.0,0.0,0.0,0.0,286111,0.0
1847,19245.2186497,3609.0175,11444.64,5380.084,0.0,48347.1108503,188224.173,2904.156,176.4,19.2,0.0,0.0,0.0,0.0,279350,0.0
1848,15514.3568453,3609.0175,11444.64,5380.084,0.0,45429.9726547,188224.173,2904.156,176.4,19.2,0.0,0.0,0.0,0.0,272702,0.0
1849,4805.735,3681.19785,11444.64,5536.352,0.0,39941.7117821,198648.971368,2536.092,8.1,19.2,0.0,0.0,0.0,0.0,266622,0.0
1850,4805.735,3681.19785,11444.64,5536.352,0.0,34293.6078248,198611.075325,2536.092,8.1,19.2,0.0,0.0,0.0,0.0,260936,0.0
1851,4805.735,3681.19785,11444.64,5536.352,0.0,30386.2684993,198137.414651,2536.092,8.1,19.2,0.0,0.0,0.0,0.0,256555,0.0
1852,4805.735,3681.19785,11444.64,5536.352,0.0,24783.7220811,203701.276069,2979.477,176.4,19.2,0.0,0.0,0.0,0.0,257128,0.0
1853,4805.735,3681.19785,11444.64,5536.352,0.0,20228.443566,209037.297584,4684.734,176.4,19.2,0.0,0.0,0.0,0.0,259614,0.0
1854,10401.2988338,3681.19785,11444.64,5536.352,0.0,17215.9893162,209851.938,4818.384,252.0,19.2,0.0,0.0,0.0,0.0,263221,0.0
1855,16454.8501562,3681.19785,11444.64,5536.352,0.0,14827.4379938,209851.938,4818.384,252.0,19.2,0.0,0.0,0.0,0.0,266886,0.0
1856,19133.6253223,3681.19785,11444.64,5536.352,4036.73592147,12031.1269063,209851.938,4818.384,370.8,19.2,0.0,0.0,0.0,0.0,270924,0.0
1857,17474.3647075,3681.19785,11444.64,5536.352,13173.9948484,7091.12859413,209851.938,4818.384,370.8,19.2,0.0,0.0,0.0,0.0,273462,0.0
1858,10898.7391561,3681.19785,11444.64,5536.352,22583.6793261,5505.85637186,209851.938,4818.384,333.013295916,19.2,0.0,0.0,0.0,0.0,274673,0.0
1859,4805.735,3681.19785,11444.64,5536.352,30042.8094866,4359.03823887,209851.938,4818.384,252.705424579,19.2,0.0,0.0,0.0,0.0,274812,0.0
1860,4805.735,3681.19785,11444.64,5536.352,34775.7357074,3540.88402386,206374.1085,4469.7469187,176.4,19.2,0.0,0.0,0.0,0.0,274824,0.0
1861,4805.735,3681.19785,11444.64,5536.352,37086.0556263,3276.0813402,204596.800183,4394.538,176.4,19.2,0.0,0.0,0.0,0.0,275017,0.0
1862,4805.735,3681.19785,11444.64,5536.352,36836.9403143,3466.27305111,204200.6085,4345.65328458,176.4,19.2,0.0,0.0,0.0,0.0,274513,0.0
1863,4805.735,3681.19785,11444.64,5536.352,34451.4623018,4257.34472121,204146.6085,4112.059627,176.4,19.2,0.0,0.0,0.0,0.0,272631,0.0
1864,4805.735,3681.19785,11444.64,5536.352,29088.0192806,6403.4289321,204469.488937,4394.538,176.4,19.2,0.0,0.0,0.0,0.0,270019,0.0
1865,4805.735,3681.19785,11444.64,5536.352,20418.4505902,10228.776327,209574.514233,4684.734,176.4,19.2,0.0,0.0,0.0,0.0,270570,0.0
1866,15166.3531381,3681.19785,11444.64,5536.352,9017.74304381,14465.1919681,209851.938,4818.384,252.0,19.2,0.0,0.0,0.0,0.0,274253,0.0
1867,25020.4454203,3681.19785,11444.64,5536.352,321.330782665,17734.511947,209851.938,4818.384,252.0,19.2,0.0,0.0,0.0,0.0,278680,0.0
1868,26788.7074339,3681.19785,11444.64,5536.352,0.0,21948.5807161,209851.938,4818.384,252.0,19.2,0.0,0.0,0.0,0.0,284341,0.0
1869,28636.566536,3681.19785,11444.64,5536.352,0.0,25144.721614,209851.938,4818.384,252.0,19.2,0.0,0.0,0.0,0.0,289385,0.0
1870,26640.0436164,3681.19785,11444.64,5536.352,0.0,27062.2445336,209851.938,4818.384,252.0,19.2,0.0,0.0,0.0,0.0,289306,0.0
1871,22799.7028387,3681.19785,11444.64,5536.352,0.0,26856.5853113,209851.938,4818.384,252.0,19.2,0.0,0.0,0.0,0.0,285260,0.0
1872,21107.6907407,3681.19785,11444.64,5536.352,0.0,24883.5974093,209851.938,4818.384,252.0,19.2,0.0,0.0,0.0,0.0,281595,0.0
1873,22005.9477076,3724.50606,11444.64,5670.296,0.0,22102.8882324,207937.638,4551.084,370.8,19.2,0.0,0.0,0.0,0.0,277827,0.0
1874,20393.1693809,3724.50606,11444.64,5670.296,0.0,20072.4665591,207937.638,4551.084,252.0,19.2,0.0,0.0,0.0,0.0,274065,0.0
1875,20530.684185,3724.50606,11444.64,5670.296,0.0,18291.951755,207937.638,4551.084,252.0,19.2,0.0,0.0,0.0,0.0,272422,0.0
1876,23164.9848556,3724.50606,11444.64,5670.296,0.0,15981.6510844,207937.638,4551.084,252.0,19.2,0.0,0.0,0.0,0.0,272746,0.0
1877,24749.1824031,3724.50606,11444.64,5670.296,0.0,14086.4535369,207937.638,4551.084,252.0,19.2,0.0,0.0,0.0,0.0,272435,0.0
1878,26884.0965476,3724.50606,11444.64,5670.296,0.0,12033.5393924,207937.638,4551.084,252.0,19.2,0.0,0.0,0.0,0.0,272517,0.0
1879,27982.8200819,3724.50606,11444.64,5670.296,0.0,10956.8158581,207937.638,4551.084,252.0,19.2,0.0,0.0,0.0,0.0,272539,0.0
1880,23826.8909785,3724.50606,11444.64,5670.296,4109.75127567,10847.1936858,207937.638,4551.084,370.8,19.2,0.0,0.0,0.0,0.0,272502,0.0
1881,16744.5340983,3724.50606,11444.64,5670.296,13291.3727294,8519.92911239,207937.638,4551.084,370.8,19.2,0.0,0.0,0.0,0.0,272274,0.0
1882,11378.1293481,3724.50606,11444.64,5670.296,22573.0968457,5143.60974619,207937.638,4551.084,370.8,19.2,0.0,0.0,0.0,0.0,272813,0.0
1883,4915.79,3724.50606,11444.64,5670.296,30258.0707878,5106.42265914,207418.590493,4551.084,176.4,19.2,0.0,0.0,0.0,0.0,273285,0.0
1884,4915.79,3724.50606,11444.64,5670.296,35130.9373117,5676.46699489,202928.875633,4260.888,176.4,19.2,0.0,0.0,0.0,0.0,273948,0.0
1885,4915.79,3724.50606,11444.64,5670.296,37716.0242458,5970.47101134,201033.845683,2845.827,176.4,19.2,0.0,0.0,0.0,0.0,273517,0.0
1886,4915.79,3724.50606,11444.64,5670.296,37516.5812302,8100.83051228,198697.114198,2559.942,8.1,19.2,0.0,0.0,0.0,0.0,272657,0.0
1887,4915.79,3724.50606,11444.64,5670.296,34944.1996925,11440.5079883,196097.318259,2402.442,8.1,19.2,0.0,0.0,0.0,0.0,270667,0.0
1888,4915.79,3724.50606,11444.64,5670.296,29542.885387,16108.5537577,193902.586795,2402.442,8.1,19.2,0.0,0.0,0.0,0.0,267739,0.0
1889,4915.79,3724.50606,11444.64,5670.296,21069.2371415,21034.742249,195628.04655,2402.442,8.1,19.2,0.0,0.0,0.0,0.0,265917,0.0
1890,4915.79,3724.50606,11444.64,5670.296,9453.62376856,26299.3324023,202590.5985,3388.61326914,176.4,19.2,0.0,0.0,0.0,0.0,267683,0.0
1891,6588.1761252,3724.50606,11444.64,5670.296,373.537192015,30711.2975382,207937.638,4551.084,328.625084631,19.2,0.0,0.0,0.0,0.0,271349,0.0
1892,7271.08217934,3724.50606,11444.64,5670.296,0.0,35614.5537607,207937.638,4551.084,252.0,19.2,0.0,0.0,0.0,0.0,276485,0.0
1893,7720.83017028,3724.50606,11444.64,5670.296,0.0,40921.8057697,207937.638,4551.084,252.0,19.2,0.0,0.0,0.0,0.0,282242,0.0
1894,8475.91837005,3724.50606,11444.64,5670.296,0.0,44047.71757,207937.638,4551.084,252.0,19.2,0.0,0.0,0.0,0.0,286123,0.0
1895,6232.6514685,3724.50606,11444.64,5670.296,0.0,44972.9844715,207937.638,4551.084,252.0,19.2,0.0,0.0,0.0,0.0,284805,0.0
1896,4915.79,3724.50606,11444.64,5670.296,0.0,45458.4966914,205174.787249,4354.884,176.4,19.2,0.0,0.0,0.0,0.0,280939,0.0
1897,5067.20566151,3724.50606,11444.64,5759.592,0.0,44220.8492785,201662.523,4551.084,176.4,19.2,0.0,0.0,0.0,0.0,276626,0.0
1898,4989.16,3724.50606,11444.64,5759.592,0.0,42196.3145716,200128.518,4285.66936844,176.4,19.2,0.0,0.0,0.0,0.0,272724,0.0
1899,4989.16,3724.50606,11444.64,5759.592,0.0,40064.6426781,200229.321262,4277.538,176.4,19.2,0.0,0.0,0.0,0.0,270685,0.0
1900,6917.92883092,3724.50606,11444.64,5759.592,0.0,37285.2541937,201662.523,4551.084,218.271915371,19.2,0.0,0.0,0.0,0.0,271583,0.0
1901,11057.2783198,3724.50606,11444.64,5759.592,0.0,34399.1766202,201662.523,4551.084,252.0,19.2,0.0,0.0,0.0,0.0,272870,0.0
1902,16037.8156403,3724.50606,11444.64,5759.592,0.0,30892.6392997,201662.523,4551.084,252.0,19.2,0.0,0.0,0.0,0.0,274344,0.0
1903,19592.2479064,3724.50606,11444.64,5759.592,0.0,28756.2070336,201662.523,4551.084,252.0,19.2,0.0,0.0,0.0,0.0,275762,0.0
1904,18527.3235777,3724.50606,11444.64,5759.592,4207.90815169,25616.8232106,201662.523,4551.084,176.4,19.2,0.0,0.0,0.0,0.0,275690,0.0
1905,13714.6235724,3724.50606,11444.64,5759.592,13390.8071501,19660.6242175,201662.523,4551.084,176.4,19.2,0.0,0.0,0.0,0.0,274104,0.0
1906,5958.34316781,3724.50606,11444.64,5759.592,23060.1474218,17192.5643504,201662.523,4551.084,176.4,19.2,0.0,0.0,0.0,0.0,273549,0.0
1907,4989.16,3724.50606,11444.64,5759.592,30690.3523629,15928.6677877,197931.654789,2845.827,176.4,19.2,0.0,0.0,0.0,0.0,273510,0.0
1908,4989.16,3724.50606,11444.64,5759.592,35736.7170509,15422.3836869,193208.259202,2402.442,8.1,19.2,0.0,0.0,0.0,0.0,272715,0.0
1909,4989.16,3724.50606,11444.64,5759.592,37845.2380239,15328.1491265,190566.97279,2402.442,8.1,19.2,0.0,0.0,0.0,0.0,272088,0.0
1910,4989.16,3724.50606,11444.64,5759.592,37474.0570646,15459.8062726,189459.496603,2402.442,8.1,19.2,0.0,0.0,0.0,0.0,270741,0.0
1911,4989.16,3724.50606,11444.64,5759.592,34326.4943175,15756.4756739,190822.389949,2402.442,8.1,19.2,0.0,0.0,0.0,0.0,269253,0.0
1912,4989.16,3724.50606,11444.64,5759.592,28745.8172419,18289.7558675,192231.786831,2402.442,8.1,19.2,0.0,0.0,0.0,0.0,267615,0.0
1913,4989.16,3724.50606,11444.64,5759.592,20866.1032362,22931.1234897,196585.448214,2845.827,176.4,19.2,0.0,0.0,0.0,0.0,269342,0.0
1914,10609.2677425,3724.50606,11444.64,5759.592,9144.260114,27542.5270835,201662.523,4551.084,176.4,19.2,0.0,0.0,0.0,0.0,274634,0.0
1915,21531.6819167,3724.50606,11444.64,5759.592,388.68440354,30871.6886197,201662.523,4551.084,176.4,19.2,0.0,0.0,0.0,0.0,280130,0.0
1916,24395.9378893,3724.50606,11444.64,5759.592,0.0,34027.1170507,201662.523,4551.084,176.4,19.2,0.0,0.0,0.0,0.0,285761,0.0
1917,26041.1949688,3724.50606,11444.64,5759.592,0.0,36974.8599712,201662.523,4551.084,176.4,19.2,0.0,0.0,0.0,0.0,290354,0.0
1918,26428.9143394,3724.50606,11444.64,5759.592,0.0,37249.1406006,201662.523,4551.084,176.4,19.2,0.0,0.0,0.0,0.0,291016,0.0
1919,24832.5822117,3724.50606,11444.64,5759.592,0.0,35969.4727283,201662.523,4551.084,176.4,19.2,0.0,0.0,0.0,0.0,288140,0.0
1920,22576.4221548,3724.50606,11444.64,5759.592,0.0,34719.6327852,201662.523,4551.084,176.4,19.2,0.0,0.0,0.0,0.0,284634,0.0
1921,9120.01495555,3710.06999,11444.64,5692.62,0.0,34009.0130544,210931.938,5220.504,252.0,19.2,0.0,0.0,0.0,0.0,280400,0.0
1922,7179.80821778,3710.06999,11444.64,5692.62,0.0,32570.4197922,210931.938,5220.504,370.8,19.2,0.0,0.0,0.0,0.0,277140,0.0
1923,7467.24881965,3710.06999,11444.64,5692.62,0.0,30649.7791904,210931.938,5220.504,252.0,19.2,0.0,0.0,0.0,0.0,275388,0.0
1924,10162.4400874,3710.06999,11444.64,5692.62,0.0,28670.7879226,210931.938,5220.504,370.8,19.2,0.0,0.0,0.0,0.0,276223,0.0
1925,14294.7945812,3710.06999,11444.64,5692.62,0.0,26065.4882414,210931.938,5220.504,256.745187467,19.2,0.0,0.0,0.0,0.0,277636,0.0
1926,18601.4112253,3710.06999,11444.64,5692.62,0.0,23490.8167847,210931.938,5220.504,370.8,19.2,0.0,0.0,0.0,0.0,279482,0.0
1927,24185.8658229,3710.06999,11444.64,5692.62,0.0,20172.3621871,210931.938,5220.504,370.8,19.2,0.0,0.0,0.0,0.0,281748,0.0
1928,25823.4908312,3710.06999,11444.64,5692.62,4217.77385371,15869.763325,210931.938,5220.504,252.0,19.2,0.0,0.0,0.0,0.0,283182,0.0
1929,19427.3313223,3710.06999,11444.64,5692.62,13379.7233505,11816.1733371,210931.938,5220.504,370.8,19.2,0.0,0.0,0.0,0.0,282013,0.0
1930,10235.1438797,3710.06999,11444.64,5692.62,22923.5871358,11404.4969945,210931.938,5220.504,370.8,19.2,0.0,0.0,0.0,0.0,281953,0.0
1931,5062.53,3710.06999,11444.64,5692.62,30442.4320687,11403.0959025,208583.218039,4786.794,176.4,19.2,0.0,0.0,0.0,0.0,281321,0.0
1932,5062.53,3710.06999,11444.64,5692.62,35339.5325055,11946.1765927,203003.293912,3180.537,176.4,19.2,0.0,0.0,0.0,0.0,279575,0.0
1933,5062.53,3710.06999,11444.64,5692.62,37615.7350373,12530.270048,198902.682925,2737.152,8.1,19.2,0.0,0.0,0.0,0.0,277723,0.0
1934,5062.53,3710.06999,11444.64,5692.62,37252.3351943,14587.5620673,195729.790748,2737.152,8.1,19.2,0.0,0.0,0.0,0.0,276244,0.0
1935,5062.53,3710.06999,11444.64,5692.62,33976.0796552,16905.0052969,195001.603058,2737.152,8.1,19.2,0.0,0.0,0.0,0.0,274557,0.0
1936,5062.53,3710.06999,11444.64,5692.62,28587.0834899,19989.6075337,195775.996986,2737.152,8.1,19.2,0.0,0.0,0.0,0.0,273027,0.0
1937,5062.53,3710.06999,11444.64,5692.62,20134.1150671,23678.4236105,201430.949332,3059.352,8.1,19.2,0.0,0.0,0.0,0.0,274240,0.0
1938,5245.11357318,3710.06999,11444.64,5692.62,9072.73620791,27866.3782289,210931.938,5220.504,370.8,19.2,0.0,0.0,0.0,0.0,279574,0.0
1939,15347.8478289,3710.06999,11444.64,5692.62,363.83210545,31368.3480757,210931.938,5220.504,252.0,19.2,0.0,0.0,0.0,0.0,284351,0.0
1940,16287.2425121,3710.06999,11444.64,5692.62,0.0,36690.7854979,210931.938,5220.504,252.0,19.2,0.0,0.0,0.0,0.0,290249,0.0
1941,18011.2220614,3710.06999,11444.64,5692.62,0.0,40454.0059486,210931.938,5220.504,370.8,19.2,0.0,0.0,0.0,0.0,295855,0.0
1942,20689.41783,3710.06999,11444.64,5692.62,0.0,39208.61018,210931.938,5220.504,252.0,19.2,0.0,0.0,0.0,0.0,297169,0.0
1943,20008.7480395,3710.06999,11444.64,5692.62,0.0,35787.4799705,210931.938,5220.504,370.8,19.2,0.0,0.0,0.0,0.0,293186,0.0
1944,20666.356312,3710.06999,11444.64,5692.62,0.0,31154.871698,210931.938,5220.504,370.8,19.2,0.0,0.0,0.0,0.0,289211,0.0
1945,21171.7704637,3652.32571,11444.64,5647.972,0.0,26190.3498263,210481.938,5297.004,370.8,19.2,0.0,0.0,0.0,0.0,284276,0.0
1946,20633.2157509,3652.32571,11444.64,5647.972,0.0,21542.9045391,210481.938,5297.004,370.8,19.2,0.0,0.0,0.0,0.0,279090,0.0
1947,20263.5956451,3652.32571,11444.64,5647.972,0.0,17420.5246449,210481.938,5297.004,370.8,19.2,0.0,0.0,0.0,0.0,274598,0.0
1948,22196.0094442,3652.32571,11444.64,5647.972,0.0,13980.1108458,210481.938,5297.004,370.8,19.2,0.0,0.0,0.0,0.0,273090,0.0
1949,25439.1462215,3652.32571,11444.64,5647.972,0.0,10727.9740685,210481.938,5297.004,370.8,19.2,0.0,0.0,0.0,0.0,273081,0.0
1950,28796.6046469,3652.32571,11444.64,5647.972,0.0,8776.51564311,210481.938,5297.004,370.8,19.2,0.0,0.0,0.0,0.0,274487,0.0
1951,31490.643418,3652.32571,11444.64,5647.972,0.0,8055.47687199,210481.938,5297.004,370.8,19.2,0.0,0.0,0.0,0.0,276460,0.0
1952,29043.525821,3652.32571,11444.64,5647.972,4378.62544008,7835.96902895,210481.938,5297.004,370.8,19.2,0.0,0.0,0.0,0.0,278172,0.0
1953,20934.5067381,3652.32571,11444.64,5647.972,13184.6313645,7240.59403824,210481.938,5297.004,330.188149067,19.2,0.0,0.0,0.0,0.0,278233,0.0
1954,7306.93257773,3652.32571,11444.64,5647.972,22713.2468091,9516.94090321,210481.938,5297.004,370.8,19.2,0.0,0.0,0.0,0.0,276451,0.0
1955,5172.585,3652.32571,11444.64,5647.972,30221.5462078,11508.2728003,202648.271282,3218.787,176.4,19.2,0.0,0.0,0.0,0.0,273710,0.0
1956,5172.585,3652.32571,11444.64,5647.972,35148.0472379,12377.3267238,194802.401328,2775.402,8.1,19.2,0.0,0.0,0.0,0.0,271048,0.0
1957,5172.585,3652.32571,11444.64,5647.972,37563.2681073,13547.3668238,189512.140359,2775.402,8.1,19.2,0.0,0.0,0.0,0.0,269343,0.0
1958,5172.585,3652.32571,11444.64,5647.972,36572.734168,15480.7196529,186754.321469,2775.402,8.1,19.2,0.0,0.0,0.0,0.0,267528,0.0
1959,5172.585,3652.32571,11444.64,5647.972,34428.8925092,18602.6862755,183838.196505,2775.402,8.1,19.2,0.0,0.0,0.0,0.0,265590,0.0
1960,5172.585,3652.32571,11444.64,5647.972,28936.0002993,21592.6507542,185101.124237,2775.402,8.1,19.2,0.0,0.0,0.0,0.0,264350,0.0
1961,5172.585,3652.32571,11444.64,5647.972,19066.3785247,25846.0087982,192040.387967,2775.402,8.1,19.2,0.0,0.0,0.0,0.0,265673,0.0
1962,5172.585,3652.32571,11444.64,5647.972,8984.546043,31338.8585445,201342.930702,3148.542,176.4,19.2,0.0,0.0,0.0,0.0,270928,0.0
1963,5172.585,3652.32571,11444.64,5647.972,329.121655578,35322.0668355,209091.644799,4924.044,176.4,19.2,0.0,0.0,0.0,0.0,275780,0.0
1964,5172.585,3652.32571,11444.64,5647.972,0.0,40041.0795131,210481.938,5297.004,340.255776948,19.2,0.0,0.0,0.0,0.0,282097,0.0
1965,6904.23389678,3652.32571,11444.64,5647.972,0.0,43781.6863932,210481.938,5297.004,252.0,19.2,0.0,0.0,0.0,0.0,287481,0.0
1966,5734.81757612,3652.32571,11444.64,5647.972,0.0,45821.3027139,210481.938,5297.004,370.8,19.2,0.0,0.0,0.0,0.0,288470,0.0
1967,5172.585,3652.32571,11444.64,5647.972,0.0,46338.720351,206120.308939,4633.848,176.4,19.2,0.0,0.0,0.0,0.0,283206,0.0
1968,5172.585,3652.32571,11444.64,5647.972,0.0,45816.7174401,202752.37285,3218.787,176.4,19.2,0.0,0.0,0.0,0.0,277901,0.0
1969,5099.215,3609.0175,11444.64,5647.972,0.0,44273.9381745,199318.275325,2724.642,8.1,19.2,0.0,0.0,0.0,0.0,272145,0.0
1970,5099.215,3609.0175,11444.64,5647.972,0.0,40800.8917621,198097.521738,2402.442,8.1,19.2,0.0,0.0,0.0,0.0,267129,0.0
1971,5099.215,3609.0175,11444.64,5647.972,0.0,37172.0176421,198603.395858,2402.442,8.1,19.2,0.0,0.0,0.0,0.0,264006,0.0
1972,5099.215,3609.0175,11444.64,5647.972,0.0,32313.933061,202693.795439,2845.827,176.4,19.2,0.0,0.0,0.0,0.0,263850,0.0
1973,5099.215,3609.0175,11444.64,5647.972,0.0,28997.8353499,206778.63615,4452.084,176.4,19.2,0.0,0.0,0.0,0.0,266225,0.0
1974,10532.3167581,3609.0175,11444.64,5647.972,0.0,26700.3282061,208296.738,4551.084,276.703535797,19.2,0.0,0.0,0.0,0.0,271078,0.0
1975,16527.0311885,3609.0175,11444.64,5647.972,0.0,24586.3173115,208296.738,4551.084,252.0,19.2,0.0,0.0,0.0,0.0,274934,0.0
1976,18866.9139759,3609.0175,11444.64,5647.972,4509.95637197,21121.4781522,208296.738,4551.084,252.0,19.2,0.0,0.0,0.0,0.0,278319,0.0
1977,13917.6412986,3609.0175,11444.64,5647.972,13573.676367,18540.0308344,208296.738,4551.084,252.0,19.2,0.0,0.0,0.0,0.0,279852,0.0
1978,5099.215,3609.0175,11444.64,5647.972,23066.2532534,19004.7710731,206979.447173,4452.084,176.4,19.2,0.0,0.0,0.0,0.0,279499,0.0
1979,5099.215,3609.0175,11444.64,5647.972,30727.955172,17296.3918558,201337.381472,2845.827,176.4,19.2,0.0,0.0,0.0,0.0,278204,0.0
1980,5099.215,3609.0175,11444.64,5647.972,35512.4226183,14491.8230156,200263.482866,2845.827,176.4,19.2,0.0,0.0,0.0,0.0,279110,0.0
1981,5099.215,3609.0175,11444.64,5647.972,37710.1601378,12275.3556077,200943.212754,2845.827,176.4,19.2,0.0,0.0,0.0,0.0,279771,0.0
1982,5099.215,3609.0175,11444.64,5647.972,37287.3050785,11373.5648716,202696.85855,2845.827,176.4,19.2,0.0,0.0,0.0,0.0,280200,0.0
1983,5099.215,3609.0175,11444.64,5647.972,34318.3205606,11808.0470837,203003.9685,4090.21935573,176.4,19.2,0.0,0.0,0.0,0.0,279217,0.0
1984,5099.215,3609.0175,11444.64,5647.972,28323.8471589,13035.7985532,205462.025788,4354.884,176.4,19.2,0.0,0.0,0.0,0.0,277173,0.0
1985,8966.0790012,3609.0175,11444.64,5647.972,20277.1015761,14927.1679227,208296.738,4551.084,252.0,19.2,0.0,0.0,0.0,0.0,277991,0.0
1986,21646.2403768,3609.0175,11444.64,5647.972,9294.11218474,17735.9959385,208296.738,4551.084,252.0,19.2,0.0,0.0,0.0,0.0,282497,0.0
1987,30558.3773976,3609.0175,11444.64,5647.972,426.546693834,21216.4244086,208296.738,4551.084,252.0,19.2,0.0,0.0,0.0,0.0,286022,0.0
1988,29191.7630157,3609.0175,11444.64,5647.972,0.0,27210.5854843,208296.738,4551.084,252.0,19.2,0.0,0.0,0.0,0.0,290223,0.0
1989,26825.9193314,3609.0175,11444.64,5647.972,0.0,32871.4291686,208296.738,4551.084,252.0,19.2,0.0,0.0,0.0,0.0,293518,0.0
1990,24749.8296468,3609.0175,11444.64,5647.972,0.0,34585.5188532,208296.738,4551.084,252.0,19.2,0.0,0.0,0.0,0.0,293156,0.0
1991,20778.3535524,3609.0175,11444.64,5647.972,0.0,33398.9949476,208296.738,4551.084,252.0,19.2,0.0,0.0,0.0,0.0,287998,0.0
1992,18234.976657,3609.0175,11444.64,5647.972,0.0,30745.371843,208296.738,4551.084,252.0,19.2,0.0,0.0,0.0,0.0,282801,0.0
1993,13117.5134546,3623.45357,11444.64,5714.944,0.0,28731.4269754,209401.938,4551.084,370.8,19.2,0.0,0.0,0.0,0.0,276975,0.0
1994,9611.6613983,3623.45357,11444.64,5714.944,0.0,26975.2790317,209401.938,4551.084,370.8,19.2,0.0,0.0,0.0,0.0,271713,0.0
1995,7296.81136973,3623.45357,11444.64,5714.944,0.0,26097.1290603,209401.938,4551.084,370.8,19.2,0.0,0.0,0.0,0.0,268520,0.0
1996,10790.5999152,3623.45357,11444.64,5714.944,0.0,23363.3405148,209401.938,4551.084,370.8,19.2,0.0,0.0,0.0,0.0,269280,0.0
1997,15379.824628,3623.45357,11444.64,5714.944,0.0,20484.115802,209401.938,4551.084,370.8,19.2,0.0,0.0,0.0,0.0,270990,0.0
1998,20360.5633558,3623.45357,11444.64,5714.944,0.0,18758.5575831,209401.938,4551.084,299.619491088,19.2,0.0,0.0,0.0,0.0,274174,0.0
1999,24556.4551144,3623.45357,11444.64,5714.944,0.0,17600.2853156,209401.938,4551.084,252.0,19.2,0.0,0.0,0.0,0.0,277164,0.0
2000,24064.1878326,3623.45357,11444.64,5714.944,4565.81594532,15445.9366521,209401.938,4551.084,370.8,19.2,0.0,0.0,0.0,0.0,279202,0.0
2001,19934.9332326,3623.45357,11444.64,5714.944,13611.0235417,11550.9836557,209401.938,4551.084,370.8,19.2,0.0,0.0,0.0,0.0,280223,0.0
2002,9249.85387379,3623.45357,11444.64,5714.944,22958.5868613,14460.499695,209401.938,4551.084,370.8,19.2,0.0,0.0,0.0,0.0,281795,0.0
2003,5062.53,3623.45357,11444.64,5714.944,30542.3943655,16510.4319565,205074.118108,4260.888,176.4,19.2,0.0,0.0,0.0,0.0,282429,0.0
2004,5062.53,3623.45357,11444.64,5714.944,35178.8441082,17228.8509425,201142.310379,2845.827,176.4,19.2,0.0,0.0,0.0,0.0,282437,0.0
2005,5062.53,3623.45357,11444.64,5714.944,37095.638293,17150.2942924,199854.257845,2559.942,8.1,19.2,0.0,0.0,0.0,0.0,282533,0.0
2006,5062.53,3623.45357,11444.64,5714.944,36688.6675199,17431.5902816,200074.6935,2604.18112853,8.1,19.2,0.0,0.0,0.0,0.0,282672,0.0
2007,5062.53,3623.45357,11444.64,5714.944,33652.8734574,18342.6146649,201605.517308,2845.827,176.4,19.2,0.0,0.0,0.0,0.0,282488,0.0
2008,5062.53,3623.45357,11444.64,5714.944,28932.6318479,19899.1748516,203571.198731,2845.827,176.4,19.2,0.0,0.0,0.0,0.0,281290,0.0
2009,5062.53,3623.45357,11444.64,5714.944,20753.1224692,21860.4339208,208949.19204,4551.084,176.4,19.2,0.0,0.0,0.0,0.0,282155,0.0
2010,17619.1875908,3623.45357,11444.64,5714.944,9578.18787528,24629.5649639,209401.938,4551.084,370.8,19.2,0.0,0.0,0.0,0.0,286953,0.0
2011,28787.2392865,3623.45357,11444.64,5714.944,448.72956125,26232.9715823,209401.938,4551.084,370.8,19.2,0.0,0.0,0.0,0.0,290595,0.0
2012,25196.1930232,3623.45357,11444.64,5714.944,0.0,34296.7474068,209401.938,4551.084,370.8,19.2,0.0,0.0,0.0,0.0,294619,0.0
2013,19296.4643326,3623.45357,11444.64,5714.944,0.0,44252.4760974,209401.938,4551.084,370.8,19.2,0.0,0.0,0.0,0.0,298675,0.0
2014,11161.763792,3623.45357,11444.64,5714.944,0.0,52907.176638,209401.938,4551.084,370.8,19.2,0.0,0.0,0.0,0.0,299195,0.0
2015,5062.53,3623.45357,11444.64,5714.944,0.0,56715.0355331,207151.912897,4354.884,176.4,19.2,0.0,0.0,0.0,0.0,294263,0.0
2016,5062.53,3623.45357,11444.64,5714.944,0.0,55535.3082886,203615.6085,4023.91564137,176.4,19.2,0.0,0.0,0.0,0.0,289216,0.0
2017,5025.845,3666.76178,11444.64,5804.24,0.0,51432.0757849,203583.300435,3180.537,176.4,19.2,0.0,0.0,0.0,0.0,284333,0.0
2018,5025.845,3666.76178,11444.64,5804.24,0.0,46834.2726133,202872.7935,3137.8471067,176.4,19.2,0.0,0.0,0.0,0.0,278982,0.0
2019,5025.845,3666.76178,11444.64,5804.24,0.0,43162.849137,203195.527083,3180.537,176.4,19.2,0.0,0.0,0.0,0.0,275676,0.0
2020,5025.845,3666.76178,11444.64,5804.24,0.0,36240.3012774,208970.017943,4689.594,176.4,19.2,0.0,0.0,0.0,0.0,276037,0.0
2021,8480.96417203,3666.76178,11444.64,5804.24,0.0,30831.812048,211813.938,5019.444,252.0,19.2,0.0,0.0,0.0,0.0,277333,0.0
2022,15141.0333303,3666.76178,11444.64,5804.24,0.0,26606.9990405,211816.131849,5126.994,252.0,19.2,0.0,0.0,0.0,0.0,279878,0.0
2023,19307.0052309,3666.76178,11444.64,5804.24,0.0,24363.2209891,212191.938,5126.994,252.0,19.2,0.0,0.0,0.0,0.0,282176,0.0
2024,19941.0393026,3666.76178,11444.64,5804.24,4595.25117536,21035.935742,212191.938,5126.994,252.0,19.2,0.0,0.0,0.0,0.0,284078,0.0
2025,16988.9741397,3666.76178,11444.64,5804.24,13271.3749111,16193.8771692,212191.938,5126.994,252.0,19.2,0.0,0.0,0.0,0.0,284960,0.0
2026,8924.55731308,3666.76178,11444.64,5804.24,23169.421022,16610.2478849,212191.938,5126.994,252.0,19.2,0.0,0.0,0.0,0.0,287210,0.0
2027,5345.95205499,3666.76178,11444.64,5804.24,30628.7113303,14453.5628347,212191.938,5126.994,252.0,19.2,0.0,0.0,0.0,0.0,288934,0.0
2028,5025.845,3666.76178,11444.64,5804.24,35627.5195912,12069.1911883,211188.408441,4885.794,176.4,19.2,0.0,0.0,0.0,0.0,289908,0.0
2029,5025.845,3666.76178,11444.64,5804.24,38016.6770596,10730.1011563,210537.341004,4885.794,176.4,19.2,0.0,0.0,0.0,0.0,290307,0.0
2030,5025.845,3666.76178,11444.64,5804.24,37616.039057,10279.6701356,211136.410027,4885.794,176.4,19.2,0.0,0.0,0.0,0.0,290055,0.0
2031,5025.845,3666.76178,11444.64,5804.24,34831.3629424,10614.3071194,211813.938,5088.70515823,252.0,19.2,0.0,0.0,0.0,0.0,288561,0.0
2032,8015.80461159,3666.76178,11444.64,5804.24,28185.8164991,11314.6051093,212191.938,5126.994,252.0,19.2,0.0,0.0,0.0,0.0,286022,0.0
2033,14721.3290509,3666.76178,11444.64,5804.24,18898.3048014,14063.5923678,212191.938,5126.994,252.0,19.2,0.0,0.0,0.0,0.0,286189,0.0
2034,25586.1094807,3666.76178,11444.64,5804.24,8980.60496193,17816.5117774,212191.938,5126.994,252.0,19.2,0.0,0.0,0.0,0.0,290889,0.0
2035,32424.916817,3666.76178,11444.64,5804.24,336.448871551,23150.8605314,212191.938,5126.994,252.0,19.2,0.0,0.0,0.0,0.0,294418,0.0
2036,27153.2954131,3666.76178,11444.64,5804.24,0.0,32532.9308069,212191.938,5126.994,252.0,19.2,0.0,0.0,0.0,0.0,298192,0.0
2037,21749.4782741,3666.76178,11444.64,5804.24,0.0,41030.7479459,212191.938,5126.994,252.0,19.2,0.0,0.0,0.0,0.0,301286,0.0
2038,17331.8918023,3666.76178,11444.64,5804.24,0.0,44528.3344177,212191.938,5126.994,252.0,19.2,0.0,0.0,0.0,0.0,300366,0.0
2039,11552.183255,3666.76178,11444.64,5804.24,0.0,44066.042965,212191.938,5126.994,252.0,19.2,0.0,0.0,0.0,0.0,294124,0.0
2040,9114.72795163,3666.76178,11444.64,5804.24,0.0,40712.4982684,212191.938,5126.994,252.0,19.2,0.0,0.0,0.0,0.0,288333,0.0
2041,5282.64,3695.63392,11444.64,5915.86,0.0,36289.8516937,214893.760386,5143.014,176.4,19.2,0.0,0.0,0.0,0.0,282861,0.0
2042,5282.64,3695.63392,11444.64,5915.86,0.0,31160.0864682,215479.925612,5143.014,252.0,19.2,0.0,0.0,0.0,0.0,278393,0.0
2043,5282.64,3695.63392,11444.64,5915.86,0.0,27151.8435206,216411.458559,5477.724,252.0,19.2,0.0,0.0,0.0,0.0,275651,0.0
2044,8588.29854065,3695.63392,11444.64,5915.86,0.0,22328.6855394,217951.938,5734.944,370.8,19.2,0.0,0.0,0.0,0.0,276050,0.0
2045,13116.0817574,3695.63392,11444.64,5915.86,0.0,18873.9023226,218005.938,5734.944,370.8,19.2,0.0,0.0,0.0,0.0,277177,0.0
2046,17751.6912478,3695.63392,11444.64,5915.86,0.0,16140.6055742,217961.625258,5734.944,370.8,19.2,0.0,0.0,0.0,0.0,279035,0.0
2047,21905.2922955,3695.63392,11444.64,5915.86,0.0,14287.6917845,218005.938,5734.944,370.8,19.2,0.0,0.0,0.0,0.0,281380,0.0
2048,22450.8849507,3695.63392,11444.64,5915.86,4573.82065506,12246.2784742,218005.938,5734.944,370.8,19.2,0.0,0.0,0.0,0.0,284458,0.0
2049,18307.287866,3695.63392,11444.64,5915.86,13519.9559579,9245.74025618,218005.938,5734.944,370.8,19.2,0.0,0.0,0.0,0.0,286260,0.0
2050,6609.58623767,3695.63392,11444.64,5915.86,23082.5409171,13197.8569252,217951.938,5734.944,370.8,19.2,0.0,0.0,0.0,0.0,288023,0.0
2051,5282.64,3695.63392,11444.64,5915.86,29706.1103958,17775.3112134,209820.361471,4836.843,176.4,19.2,0.0,0.0,0.0,0.0,288673,0.0
2052,5282.64,3695.63392,11444.64,5915.86,33836.7160966,19980.1020881,205342.735895,2994.372,8.1,19.2,0.0,0.0,0.0,0.0,288520,0.0
2053,5282.64,3695.63392,11444.64,5915.86,37365.9424666,21095.5700005,199011.041613,2994.372,8.1,19.2,0.0,0.0,0.0,0.0,286833,0.0
2054,5282.64,3695.63392,11444.64,5915.86,37091.8763846,20966.9346373,199068.743058,2994.372,8.1,19.2,0.0,0.0,0.0,0.0,286488,0.0
2055,5282.64,3695.63392,11444.64,5915.86,34860.1998336,20386.3379618,201507.016285,2994.372,8.1,19.2,0.0,0.0,0.0,0.0,286114,0.0
2056,5282.64,3695.63392,11444.64,5915.86,28384.7350871,18464.8023652,208559.331628,3437.757,176.4,19.2,0.0,0.0,0.0,0.0,285381,0.0
2057,5282.64,3695.63392,11444.64,5915.86,20610.5191908,18786.2588244,215125.834065,5143.014,176.4,19.2,0.0,0.0,0.0,0.0,286200,0.0
2058,16676.0211389,3695.63392,11444.64,5915.86,8736.00326277,21343.9596783,218005.938,5734.944,370.8,19.2,0.0,0.0,0.0,0.0,291943,0.0
2059,23669.8554583,3695.63392,11444.64,5915.86,521.280883589,25454.8477381,218005.938,5734.944,370.8,19.2,0.0,0.0,0.0,0.0,294833,0.0
2060,21411.0787526,3695.63392,11444.64,5915.86,0.0,31079.9053274,218005.938,5734.944,370.8,19.2,0.0,0.0,0.0,0.0,297678,0.0
2061,21503.4821631,3695.63392,11444.64,5915.86,0.0,34050.5019169,218005.938,5734.944,370.8,19.2,0.0,0.0,0.0,0.0,300741,0.0
2062,21534.6538017,3695.63392,11444.64,5915.86,0.0,33533.3302783,218005.938,5734.944,370.8,19.2,0.0,0.0,0.0,0.0,300255,0.0
2063,18518.55337,3695.63392,11444.64,5915.86,0.0,31327.43071,218005.938,5734.944,370.8,19.2,0.0,0.0,0.0,0.0,295033,0.0
2064,17116.8546196,3695.63392,11444.64,5915.86,0.0,27983.1294604,218005.938,5734.944,370.8,19.2,0.0,0.0,0.0,0.0,290287,0.0
2065,14928.9669387,3796.68641,11444.64,6049.804,0.0,23985.6096513,219166.938,5876.244,484.911,19.2,0.0,0.0,0.0,0.0,285753,0.0
2066,15009.1483025,3796.68641,11444.64,6049.804,0.0,19875.4282875,219166.938,5876.244,484.911,19.2,0.0,0.0,0.0,0.0,281723,0.0
2067,16053.4852451,3796.68641,11444.64,6049.804,0.0,16687.0913449,219166.938,5876.244,484.911,19.2,0.0,0.0,0.0,0.0,279579,0.0
2068,17268.6674013,3796.68641,11444.64,6049.804,0.0,15264.9091887,219166.938,5876.244,484.911,19.2,0.0,0.0,0.0,0.0,279372,0.0
2069,18606.9955299,3796.68641,11444.64,6049.804,0.0,14466.5810601,219166.938,5876.244,484.911,19.2,0.0,0.0,0.0,0.0,279912,0.0
2070,21109.7608831,3796.68641,11444.64,6049.804,0.0,13497.9267069,219166.938,5876.244,370.8,19.2,0.0,0.0,0.0,0.0,281332,0.0
2071,24114.7711629,3796.68641,11444.64,6049.804,0.0,12114.8054271,219166.938,5876.244,484.911,19.2,0.0,0.0,0.0,0.0,283068,0.0
2072,23540.6437214,3796.68641,11444.64,6049.804,4639.78569564,10273.147173,219166.938,5876.244,484.911,19.2,0.0,0.0,0.0,0.0,285292,0.0
2073,20944.0237436,3796.68641,11444.64,6049.804,13438.6770749,5767.87577146,219166.938,5876.244,484.911,19.2,0.0,0.0,0.0,0.0,286989,0.0
2074,14275.5454946,3796.68641,11444.64,6049.804,22466.9763767,3891.05471869,219166.938,5876.244,484.911,19.2,0.0,0.0,0.0,0.0,287472,0.0
2075,5429.38,3796.68641,11444.64,6049.804,30149.2827842,5348.80887116,218512.603935,5805.594,252.0,19.2,0.0,0.0,0.0,0.0,286808,0.0
2076,5429.38,3796.68641,11444.64,6049.804,35088.0250206,6714.99784796,211558.398721,4923.468,176.4,19.2,0.0,0.0,0.0,0.0,285201,0.0
2077,5429.38,3796.68641,11444.64,6049.804,37309.0903752,8021.81596474,207678.82125,3438.162,176.4,19.2,0.0,0.0,0.0,0.0,283364,0.0
2078,5429.38,3796.68641,11444.64,6049.804,37086.7427679,9621.96970179,204026.45512,3065.022,8.1,19.2,0.0,0.0,0.0,0.0,280548,0.0
2079,5429.38,3796.68641,11444.64,6049.804,33878.644249,11662.8333152,202303.690026,3065.022,8.1,19.2,0.0,0.0,0.0,0.0,277658,0.0
2080,5429.38,3796.68641,11444.64,6049.804,28466.5738833,14912.7115055,201526.882201,3065.022,8.1,19.2,0.0,0.0,0.0,0.0,274719,0.0
2081,5429.38,3796.68641,11444.64,6049.804,19479.7110608,19308.4470342,207362.809495,3387.222,8.1,19.2,0.0,0.0,0.0,0.0,276286,0.0
2082,5429.38,3796.68641,11444.64,6049.804,8581.61773226,24031.5889881,216492.41887,5213.664,252.0,19.2,0.0,0.0,0.0,0.0,281311,0.0
2083,10661.45092,3796.68641,11444.64,6049.804,413.112053068,28567.0136169,219166.938,5876.244,484.911,19.2,0.0,0.0,0.0,0.0,286480,0.0
2084,12352.992487,3796.68641,11444.64,6049.804,0.0,32306.584103,219166.938,5876.244,484.911,19.2,0.0,0.0,0.0,0.0,291498,0.0
2085,15834.7215486,3796.68641,11444.64,6049.804,0.0,33504.8550414,219166.938,5876.244,484.911,19.2,0.0,0.0,0.0,0.0,296178,0.0
2086,15245.511697,3796.68641,11444.64,6049.804,0.0,33646.9808275,219166.938,5876.244,379.995065502,19.2,0.0,0.0,0.0,0.0,295626,0.0
2087,10942.4493037,3796.68641,11444.64,6049.804,0.0,32676.2382863,219166.938,5876.244,370.8,19.2,0.0,0.0,0.0,0.0,290343,0.0
2088,7661.84782065,3796.68641,11444.64,6049.804,0.0,30286.7287694,219166.938,5876.244,484.911,19.2,0.0,0.0,0.0,0.0,284787,0.0
2089,19403.1789239,3854.43069,11444.64,6317.692,0.0,27699.2363861,205710.138,4551.084,176.4,19.2,0.0,0.0,0.0,0.0,279176,0.0
2090,17545.1349732,3854.43069,11444.64,6317.692,0.0,25350.2803368,205710.138,4551.084,176.4,19.2,0.0,0.0,0.0,0.0,274969,0.0
2091,17053.467005,3854.43069,11444.64,6317.692,0.0,24115.948305,205710.138,4551.084,176.4,19.2,0.0,0.0,0.0,0.0,273243,0.0
2092,19226.374842,3854.43069,11444.64,6317.692,0.0,22638.040468,205710.138,4551.084,176.4,19.2,0.0,0.0,0.0,0.0,273938,0.0
2093,20941.3903788,3854.43069,11444.64,6317.692,0.0,21422.0249312,205710.138,4551.084,176.4,19.2,0.0,0.0,0.0,0.0,274437,0.0
2094,23441.955043,3854.43069,11444.64,6317.692,0.0,20612.460267,205710.138,4551.084,176.4,19.2,0.0,0.0,0.0,0.0,276128,0.0
2095,25381.0715738,3854.43069,11444.64,6317.692,0.0,20373.3437362,205710.138,4551.084,176.4,19.2,0.0,0.0,0.0,0.0,277828,0.0
2096,22621.4017252,3854.43069,11444.64,6317.692,4854.89504544,19028.1185394,205710.138,4551.084,176.4,19.2,0.0,0.0,0.0,0.0,278578,0.0
2097,18027.7817765,3854.43069,11444.64,6317.692,13734.2310169,15085.4025166,205710.138,4551.084,176.4,19.2,0.0,0.0,0.0,0.0,278921,0.0
2098,9173.13626532,3854.43069,11444.64,6317.692,23227.6713375,15686.2762757,205747.469431,4551.084,176.4,19.2,0.0,0.0,0.0,0.0,280198,0.0
2099,5319.325,3854.43069,11444.64,6317.692,30732.6836967,19418.0299067,200763.771707,2845.827,176.4,19.2,0.0,0.0,0.0,0.0,280892,0.0
2100,5319.325,3854.43069,11444.64,6317.692,35702.3043094,18704.9678899,197061.398111,2559.942,8.1,19.2,0.0,0.0,0.0,0.0,280992,0.0
2101,5319.325,3854.43069,11444.64,6317.692,37974.621384,17385.604445,196371.944481,2402.442,8.1,19.2,0.0,0.0,0.0,0.0,281098,0.0
2102,5319.325,3854.43069,11444.64,6317.692,37755.7331626,17255.5699896,195366.867158,2402.442,8.1,19.2,0.0,0.0,0.0,0.0,279744,0.0
2103,5319.325,3854.43069,11444.64,6317.692,35032.4246286,18865.5135706,194535.232111,2402.442,8.1,19.2,0.0,0.0,0.0,0.0,277799,0.0
2104,5319.325,3854.43069,11444.64,6317.692,29491.2951309,23462.2984481,192831.576731,2402.442,8.1,19.2,0.0,0.0,0.0,0.0,275151,0.0
2105,5319.325,3854.43069,11444.64,6317.692,20973.2599075,29580.1373154,195385.773087,2402.442,8.1,19.2,0.0,0.0,0.0,0.0,275305,0.0
2106,5319.325,3854.43069,11444.64,6317.692,9451.71372877,36638.537897,201377.172684,4260.888,176.4,19.2,0.0,0.0,0.0,0.0,278860,0.0
2107,8874.76529008,3854.43069,11444.64,6317.692,525.391701029,41611.7583189,205750.638,4551.084,176.4,19.2,0.0,0.0,0.0,0.0,283126,0.0
2108,9196.80395315,3854.43069,11444.64,6317.692,0.0,46617.1113569,205750.638,4551.084,176.4,19.2,0.0,0.0,0.0,0.0,287928,0.0
2109,10229.7851933,3854.43069,11444.64,6317.692,0.0,50658.1301167,205750.638,4551.084,176.4,19.2,0.0,0.0,0.0,0.0,293002,0.0
2110,11691.6080192,3854.43069,11444.64,6317.692,0.0,50348.3072908,205750.638,4551.084,176.4,19.2,0.0,0.0,0.0,0.0,294154,0.0
2111,12209.4890753,3854.43069,11444.64,6317.692,0.0,46638.4262347,205750.638,4551.084,176.4,19.2,0.0,0.0,0.0,0.0,290962,0.0
2112,14414.0781621,3854.43069,11444.64,6317.692,0.0,40593.8371479,205750.638,4551.084,176.4,19.2,0.0,0.0,0.0,0.0,287122,0.0
2113,14598.7049187,3926.61104,11444.64,6563.256,0.0,33941.4660413,207748.638,4551.084,176.4,19.2,0.0,0.0,0.0,0.0,282970,0.0
2114,16560.2318992,3926.61104,11444.64,6563.256,0.0,28279.9390608,207748.638,4551.084,176.4,19.2,0.0,0.0,0.0,0.0,279270,0.0
2115,16944.3827284,3926.61104,11444.64,6563.256,0.0,25071.7882316,207748.638,4551.084,176.4,19.2,0.0,0.0,0.0,0.0,276446,0.0
2116,17634.8263043,3926.61104,11444.64,6563.256,0.0,24616.4288392,207748.638,4551.084,216.3158165,19.2,0.0,0.0,0.0,0.0,276721,0.0
2117,16418.2232346,3926.61104,11444.64,6563.256,0.0,25317.3477254,207748.638,4551.084,252.0,19.2,0.0,0.0,0.0,0.0,276241,0.0
2118,16743.8693237,3926.61104,11444.64,6563.256,0.0,25437.7016363,207748.638,4551.084,252.0,19.2,0.0,0.0,0.0,0.0,276687,0.0
2119,17021.1581977,3926.61104,11444.64,6563.256,0.0,24839.4127623,207748.638,4551.084,252.0,19.2,0.0,0.0,0.0,0.0,276366,0.0
2120,13493.9381182,3926.61104,11444.64,6563.256,4884.4846683,22549.7481735,207748.638,4551.084,176.4,19.2,0.0,0.0,0.0,0.0,275358,0.0
2121,9237.39107851,3926.61104,11444.64,6563.256,13949.5000973,14986.2797842,207748.638,4551.084,176.4,19.2,0.0,0.0,0.0,0.0,272603,0.0
2122,5172.585,3926.61104,11444.64,6563.256,23208.7061093,16297.1799776,200616.594873,2845.827,176.4,19.2,0.0,0.0,0.0,0.0,270271,0.0
2123,5172.585,3926.61104,11444.64,6563.256,30348.0473803,16904.5692995,190668.54928,2402.442,8.1,19.2,0.0,0.0,0.0,0.0,267458,0.0
2124,5172.585,3926.61104,11444.64,6563.256,34819.3833195,13128.3280234,188166.454617,2402.442,8.1,19.2,0.0,0.0,0.0,0.0,265651,0.0
2125,5172.585,3926.61104,11444.64,6563.256,35816.4311966,10561.4740219,188388.260741,2402.442,8.1,19.2,0.0,0.0,0.0,0.0,264303,0.0
2126,5172.585,3926.61104,11444.64,6563.256,36864.5830005,9364.58447565,187474.998484,2402.442,8.1,19.2,0.0,0.0,0.0,0.0,263241,0.0
2127,5172.585,3926.61104,11444.64,6563.256,34023.284632,9983.01903432,188742.862294,2402.442,8.1,19.2,0.0,0.0,0.0,0.0,262286,0.0
2128,5172.585,3926.61104,11444.64,6563.256,28618.9252214,11302.6972775,191495.543461,2402.442,8.1,19.2,0.0,0.0,0.0,0.0,260954,0.0
2129,5172.585,3926.61104,11444.64,6563.256,20169.7237547,14434.9531412,198560.989064,2559.942,8.1,19.2,0.0,0.0,0.0,0.0,262860,0.0
2130,6983.32856615,3926.61104,11444.64,6563.256,8865.38464345,18432.4577504,207748.638,4551.084,176.4,19.2,0.0,0.0,0.0,0.0,268711,0.0
2131,17621.863166,3926.61104,11444.64,6563.256,449.368442781,21470.9393512,207748.638,4551.084,176.4,19.2,0.0,0.0,0.0,0.0,273972,0.0
2132,19118.92172,3926.61104,11444.64,6563.256,0.0,26764.24924,207748.638,4551.084,176.4,19.2,0.0,0.0,0.0,0.0,280313,0.0
2133,20833.4817966,3926.61104,11444.64,6563.256,0.0,31038.6891634,207748.638,4551.084,176.4,19.2,0.0,0.0,0.0,0.0,286302,0.0
2134,19842.6046549,3926.61104,11444.64,6563.256,0.0,33336.5663051,207748.638,4551.084,176.4,19.2,0.0,0.0,0.0,0.0,287609,0.0
2135,15819.4694037,3926.61104,11444.64,6563.256,0.0,34008.7015563,207748.638,4551.084,176.4,19.2,0.0,0.0,0.0,0.0,284258,0.0
2136,12704.8688893,3926.61104,11444.64,6563.256,0.0,33709.3020707,207748.638,4551.084,176.4,19.2,0.0,0.0,0.0,0.0,280844,0.0
2137,15000.4895237,3984.35532,11444.64,6786.496,0.0,32629.0971563,202096.638,4353.084,252.0,19.2,0.0,0.0,0.0,0.0,276566,0.0
2138,12611.7639064,3984.35532,11444.64,6786.496,0.0,31508.4227736,202096.638,4353.084,176.4,19.2,0.0,0.0,0.0,0.0,272981,0.0
2139,11702.4492085,3984.35532,11444.64,6786.496,0.0,31770.7374715,202096.638,4353.084,176.4,19.2,0.0,0.0,0.0,0.0,272334,0.0
2140,12614.505944,3984.35532,11444.64,6786.496,0.0,32370.680736,202096.638,4353.084,176.4,19.2,0.0,0.0,0.0,0.0,273846,0.0
2141,12544.8699685,3984.35532,11444.64,6786.496,0.0,33405.3167115,202096.638,4353.084,176.4,19.2,0.0,0.0,0.0,0.0,274811,0.0
2142,13166.0423739,3984.35532,11444.64,6786.496,0.0,33930.1443061,202096.638,4353.084,176.4,19.2,0.0,0.0,0.0,0.0,275957,0.0
2143,15948.9328966,3984.35532,11444.64,6786.496,0.0,33148.2537834,202096.638,4353.084,176.4,19.2,0.0,0.0,0.0,0.0,277958,0.0
2144,17399.0497419,3984.35532,11444.64,6786.496,4751.69984797,28501.8370902,202096.638,4353.084,252.0,19.2,0.0,0.0,0.0,0.0,279589,0.0
2145,15018.8785516,3984.35532,11444.64,6786.496,13696.8482842,20895.8598442,202096.638,4353.084,252.0,19.2,0.0,0.0,0.0,0.0,278548,0.0
2146,7508.95536822,3984.35532,11444.64,6786.496,23070.9224564,19566.7088553,202096.638,4353.084,252.0,19.2,0.0,0.0,0.0,0.0,279083,0.0
2147,5539.17119095,3984.35532,11444.64,6786.496,30488.5854051,14741.830084,202096.638,4353.084,252.0,19.2,0.0,0.0,0.0,0.0,279706,0.0
2148,5135.9,3984.35532,11444.64,6786.496,35133.7505024,11116.0023465,201146.371831,4255.884,176.4,19.2,0.0,0.0,0.0,0.0,279199,0.0
2149,5135.9,3984.35532,11444.64,6786.496,37348.208698,10994.6719413,198663.8985,3721.22954068,176.4,19.2,0.0,0.0,0.0,0.0,278275,0.0
2150,5135.9,3984.35532,11444.64,6786.496,37140.1751046,13317.7072389,197201.299336,2746.827,176.4,19.2,0.0,0.0,0.0,0.0,277953,0.0
2151,5135.9,3984.35532,11444.64,6786.496,34096.4727708,17391.364012,194672.529897,2460.942,8.1,19.2,0.0,0.0,0.0,0.0,276000,0.0
2152,5135.9,3984.35532,11444.64,6786.496,28145.6656076,20362.5197983,194795.181274,2460.942,8.1,19.2,0.0,0.0,0.0,0.0,273143,0.0
2153,5135.9,3984.35532,11444.64,6786.496,19431.5793866,23713.8248078,199441.716486,4161.888,176.4,19.2,0.0,0.0,0.0,0.0,274296,0.0
2154,12876.241983,3984.35532,11444.64,6786.496,8877.07262784,28407.2052321,202096.638,4353.084,232.066837098,19.2,0.0,0.0,0.0,0.0,279077,0.0
2155,19504.8990276,3984.35532,11444.64,6786.496,468.12776383,34422.1598886,202096.638,4353.084,176.4,19.2,0.0,0.0,0.0,0.0,283256,0.0
2156,18893.9819165,3984.35532,11444.64,6786.496,0.0,40783.2047635,202096.638,4353.084,176.4,19.2,0.0,0.0,0.0,0.0,288538,0.0
2157,19676.3933717,3984.35532,11444.64,6786.496,0.0,45577.7933083,202096.638,4353.084,176.4,19.2,0.0,0.0,0.0,0.0,294115,0.0
2158,19754.1855015,3984.35532,11444.64,6786.496,0.0,46526.0011785,202096.638,4353.084,176.4,19.2,0.0,0.0,0.0,0.0,295141,0.0
2159,17002.3782828,3984.35532,11444.64,6786.496,0.0,44828.8083972,202096.638,4353.084,176.4,19.2,0.0,0.0,0.0,0.0,290692,0.0
2160,15379.3552427,3984.35532,11444.64,6786.496,0.0,42184.8314373,202096.638,4353.084,176.4,19.2,0.0,0.0,0.0,0.0,286425,0.0
2161,16292.7223713,4013.22746,11444.64,7054.384,0.0,39647.1691687,198259.173,4038.084,176.4,19.2,0.0,0.0,0.0,0.0,280945,0.0
2162,13138.7842648,4013.22746,11444.64,7054.384,0.0,38179.1072752,198259.173,4038.084,176.4,19.2,0.0,0.0,0.0,0.0,276323,0.0
2163,11820.480343,4013.22746,11444.64,7054.384,0.0,37651.411197,198259.173,4038.084,176.4,19.2,0.0,0.0,0.0,0.0,274477,0.0
2164,14481.7876472,4013.22746,11444.64,7054.384,0.0,35818.5038928,198259.173,4038.084,252.0,19.2,0.0,0.0,0.0,0.0,275381,0.0
2165,16370.461805,4013.22746,11444.64,7054.384,0.0,33523.429735,198259.173,4038.084,176.4,19.2,0.0,0.0,0.0,0.0,274899,0.0
2166,19172.0434935,4013.22746,11444.64,7054.384,0.0,30936.8480465,198259.173,4038.084,176.4,19.2,0.0,0.0,0.0,0.0,275114,0.0
2167,21727.6376703,4013.22746,11444.64,7054.384,0.0,28849.2851005,198259.173,4038.084,247.368769169,19.2,0.0,0.0,0.0,0.0,275653,0.0
2168,21828.3704298,4013.22746,11444.64,7054.384,4920.94845313,24473.5726571,198259.173,4038.084,176.4,19.2,0.0,0.0,0.0,0.0,276228,0.0
2169,19265.1921804,4013.22746,11444.64,7054.384,13666.9015196,19132.79784,198259.173,4038.084,176.4,19.2,0.0,0.0,0.0,0.0,277070,0.0
2170,10915.6951466,4013.22746,11444.64,7054.384,22684.3306364,20299.865757,198259.173,4038.084,176.4,19.2,0.0,0.0,0.0,0.0,278905,0.0
2171,7161.17183671,4013.22746,11444.64,7054.384,29929.5768516,18467.1428517,198259.173,4038.084,176.4,19.2,0.0,0.0,0.0,0.0,280563,0.0
2172,5640.00570973,4013.22746,11444.64,7054.384,34614.1876494,15772.6981809,198259.173,4038.084,176.4,19.2,0.0,0.0,0.0,0.0,281032,0.0
2173,5209.27,4013.22746,11444.64,7054.384,36696.9536659,16069.4224817,196268.114392,4004.388,176.4,19.2,0.0,0.0,0.0,0.0,280956,0.0
2174,5209.27,4013.22746,11444.64,7054.384,36388.5651782,19582.6971637,193730.289198,2589.327,176.4,19.2,0.0,0.0,0.0,0.0,280208,0.0
2175,5209.27,4013.22746,11444.64,7054.384,33388.304353,24861.9968329,190412.935354,2145.942,8.1,19.2,0.0,0.0,0.0,0.0,278558,0.0
2176,5209.27,4013.22746,11444.64,7054.384,26432.5964029,28358.4037114,190485.236426,2145.942,8.1,19.2,0.0,0.0,0.0,0.0,275171,0.0
2177,5209.27,4013.22746,11444.64,7054.384,18111.4068179,32120.4043691,195283.740353,2589.327,176.4,19.2,0.0,0.0,0.0,0.0,276022,0.0
2178,10946.6431318,4013.22746,11444.64,7054.384,7876.36807426,36963.880334,198259.173,4038.084,176.4,19.2,0.0,0.0,0.0,0.0,280792,0.0
2179,17139.6933298,4013.22746,11444.64,7054.384,491.639234047,41933.5589761,198259.173,4038.084,176.4,19.2,0.0,0.0,0.0,0.0,284570,0.0
2180,16060.5822472,4013.22746,11444.64,7054.384,0.0,47571.3092928,198259.173,4038.084,176.4,19.2,0.0,0.0,0.0,0.0,288637,0.0
2181,15518.1038126,4013.22746,11444.64,7054.384,0.0,52786.7877274,198259.173,4038.084,176.4,19.2,0.0,0.0,0.0,0.0,293310,0.0
2182,14215.3406406,4013.22746,11444.64,7054.384,0.0,54520.5508994,198259.173,4038.084,176.4,19.2,0.0,0.0,0.0,0.0,293741,0.0
2183,9362.66143722,4013.22746,11444.64,7054.384,0.0,54869.2301028,198259.173,4038.084,176.4,19.2,0.0,0.0,0.0,0.0,289237,0.0
2184,5854.21650253,4013.22746,11444.64,7054.384,0.0,53902.6750375,198259.173,4038.084,176.4,19.2,0.0,0.0,0.0,0.0,284762,0.0
2185,5392.695,4013.22746,11444.64,7456.216,0.0,51337.9571239,199141.022416,2559.942,8.1,19.2,0.0,0.0,0.0,0.0,281373,0.0
2186,5392.695,4013.22746,11444.64,7456.216,0.0,47354.8289324,199796.5035,2741.28910756,176.4,19.2,0.0,0.0,0.0,0.0,278395,0.0
2187,5392.695,4013.22746,11444.64,7456.216,0.0,44164.193903,201680.600637,2845.827,176.4,19.2,0.0,0.0,0.0,0.0,277193,0.0
2188,5392.695,4013.22746,11444.64,7456.216,0.0,39359.7955143,206247.942026,4354.884,176.4,19.2,0.0,0.0,0.0,0.0,278465,0.0
2189,8276.86827073,4013.22746,11444.64,7456.216,0.0,34914.5262693,208337.238,4551.084,252.0,19.2,0.0,0.0,0.0,0.0,279265,0.0
2190,12432.5557381,4013.22746,11444.64,7456.216,0.0,31328.8388019,208337.238,4551.084,252.0,19.2,0.0,0.0,0.0,0.0,279835,0.0
2191,16208.0836907,4013.22746,11444.64,7456.216,0.0,28107.3108493,208337.238,4551.084,252.0,19.2,0.0,0.0,0.0,0.0,280389,0.0
2192,17376.842286,4013.22746,11444.64,7456.216,4727.85205405,23138.9001999,208337.238,4551.084,370.8,19.2,0.0,0.0,0.0,0.0,281436,0.0
2193,11653.8811493,4013.22746,11444.64,7456.216,13164.632104,20574.0812867,208337.238,4551.084,370.8,19.2,0.0,0.0,0.0,0.0,281585,0.0
2194,5422.34225327,4013.22746,11444.64,7456.216,22227.9902426,18573.2620441,208337.238,4551.084,370.8,19.2,0.0,0.0,0.0,0.0,282416,0.0
2195,5392.695,4013.22746,11444.64,7456.216,28818.6516737,15336.0013815,205645.084485,4354.884,176.4,19.2,0.0,0.0,0.0,0.0,282657,0.0
2196,5392.695,4013.22746,11444.64,7456.216,33999.2596488,13339.2830154,203541.190876,4260.888,176.4,19.2,0.0,0.0,0.0,0.0,283643,0.0
2197,5392.695,4013.22746,11444.64,7456.216,36286.5414876,12409.596239,203068.663813,3554.82,176.4,19.2,0.0,0.0,0.0,0.0,283822,0.0
2198,5392.695,4013.22746,11444.64,7456.216,36262.8363816,13749.5013663,202128.456792,2845.827,176.4,19.2,0.0,0.0,0.0,0.0,283489,0.0
2199,5392.695,4013.22746,11444.64,7456.216,32898.6827608,17680.2629577,200969.848822,2845.827,176.4,19.2,0.0,0.0,0.0,0.0,282897,0.0
2200,5392.695,4013.22746,11444.64,7456.216,26924.7493636,21813.9674869,201461.07769,2845.827,176.4,19.2,0.0,0.0,0.0,0.0,281548,0.0
2201,5392.695,4013.22746,11444.64,7456.216,17956.7798253,26382.3059272,206465.058,4409.47778748,176.4,19.2,0.0,0.0,0.0,0.0,283716,0.0
2202,14848.1773782,4013.22746,11444.64,7456.216,7741.0986308,30817.318531,208337.238,4551.084,370.8,19.2,0.0,0.0,0.0,0.0,289599,0.0
2203,22875.9522178,4013.22746,11444.64,7456.216,476.76646027,35017.1307817,208337.238,4551.084,255.545080184,19.2,0.0,0.0,0.0,0.0,294447,0.0
2204,25722.7730097,4013.22746,11444.64,7456.216,0.0,37156.6215303,208337.238,4551.084,252.0,19.2,0.0,0.0,0.0,0.0,298953,0.0
2205,27174.9768084,4013.22746,11444.64,7456.216,0.0,40474.4177316,208337.238,4551.084,252.0,19.2,0.0,0.0,0.0,0.0,303723,0.0
2206,26626.4120202,4013.22746,11444.64,7456.216,0.0,40947.9825198,208337.238,4551.084,252.0,19.2,0.0,0.0,0.0,0.0,303648,0.0
2207,23528.8736795,4013.22746,11444.64,7456.216,0.0,38024.5208605,208337.238,4551.084,252.0,19.2,0.0,0.0,0.0,0.0,297627,0.0
2208,21490.5604981,4013.22746,11444.64,7456.216,0.0,33469.8340419,208337.238,4551.084,252.0,19.2,0.0,0.0,0.0,0.0,291034,0.0
2209,14261.6957619,4042.0996,11444.64,7858.048,0.0,28737.9346381,212866.938,5271.444,252.0,19.2,0.0,0.0,0.0,0.0,284754,0.0
2210,12760.4419042,4042.0996,11444.64,7858.048,0.0,25008.1884958,212866.938,5271.444,252.0,19.2,0.0,0.0,0.0,0.0,279523,0.0
2211,12275.0166324,4042.0996,11444.64,7858.048,0.0,22393.6137676,212866.938,5271.444,252.0,19.2,0.0,0.0,0.0,0.0,276423,0.0
2212,15317.2909048,4042.0996,11444.64,7858.048,0.0,19280.3394952,212866.938,5271.444,252.0,19.2,0.0,0.0,0.0,0.0,276352,0.0
2213,18682.5862978,4042.0996,11444.64,7858.048,0.0,17166.0441022,212866.938,5271.444,252.0,19.2,0.0,0.0,0.0,0.0,277603,0.0
2214,21474.9694224,4042.0996,11444.64,7858.048,0.0,15825.6609776,212866.938,5271.444,252.0,19.2,0.0,0.0,0.0,0.0,279055,0.0
2215,24190.7890248,4042.0996,11444.64,7858.048,0.0,14987.8413752,212866.938,5271.444,252.0,19.2,0.0,0.0,0.0,0.0,280933,0.0
2216,22826.5298536,4042.0996,11444.64,7858.048,4436.4297882,13296.8707582,212866.938,5271.444,370.8,19.2,0.0,0.0,0.0,0.0,282433,0.0
2217,17137.2100243,4042.0996,11444.64,7858.048,12812.3015291,10487.7098443,212866.938,5271.444,334.409002217,19.2,0.0,0.0,0.0,0.0,282274,0.0
2218,7354.99467145,4042.0996,11444.64,7858.048,21552.540635,12627.0950936,212866.938,5271.444,252.0,19.2,0.0,0.0,0.0,0.0,283289,0.0
2219,5282.64,4042.0996,11444.64,7858.048,29452.9397929,11071.0243041,210173.744303,4812.264,176.4,19.2,0.0,0.0,0.0,0.0,284333,0.0
2220,5282.64,4042.0996,11444.64,7858.048,34164.7347104,9183.83971066,208502.333979,4715.064,176.4,19.2,0.0,0.0,0.0,0.0,285389,0.0
2221,5282.64,4042.0996,11444.64,7858.048,36395.7233301,9404.03774973,207527.14332,4621.068,176.4,19.2,0.0,0.0,0.0,0.0,286771,0.0
2222,5282.64,4042.0996,11444.64,7858.048,36177.9800292,12520.1809058,206257.1085,4206.702965,176.4,19.2,0.0,0.0,0.0,0.0,287985,0.0
2223,5282.64,4042.0996,11444.64,7858.048,33504.2440763,17291.5200837,204589.20124,3206.007,176.4,19.2,0.0,0.0,0.0,0.0,287414,0.0
2224,5282.64,4042.0996,11444.64,7858.048,27879.7119776,20445.2401246,204890.013298,3206.007,176.4,19.2,0.0,0.0,0.0,0.0,285244,0.0
2225,5282.64,4042.0996,11444.64,7858.048,19329.4788805,24676.8607931,208295.6085,4637.02422633,176.4,19.2,0.0,0.0,0.0,0.0,285762,0.0
2226,10032.2488796,4042.0996,11444.64,7858.048,8097.91638312,30938.4651372,212866.938,5271.444,252.0,19.2,0.0,0.0,0.0,0.0,290823,0.0
2227,16453.9762581,4042.0996,11444.64,7858.048,495.985965203,36362.6681767,212866.938,5271.444,252.0,19.2,0.0,0.0,0.0,0.0,295067,0.0
2228,14525.1398125,4042.0996,11444.64,7858.048,0.0,43398.4905875,212866.938,5271.444,252.0,19.2,0.0,0.0,0.0,0.0,299678,0.0
2229,14758.8033521,4042.0996,11444.64,7858.048,0.0,48207.8270479,212866.938,5271.444,252.0,19.2,0.0,0.0,0.0,0.0,304721,0.0
2230,14976.0248951,4042.0996,11444.64,7858.048,0.0,48564.6055049,212866.938,5271.444,252.0,19.2,0.0,0.0,0.0,0.0,305295,0.0
2231,11253.7300273,4042.0996,11444.64,7858.048,0.0,46823.9003727,212866.938,5271.444,252.0,19.2,0.0,0.0,0.0,0.0,299832,0.0
2232,7698.01627758,4042.0996,11444.64,7858.048,0.0,44719.6141224,212866.938,5271.444,252.0,19.2,0.0,0.0,0.0,0.0,294172,0.0
2233,10304.2957599,4056.53567,11444.64,8148.26,0.0,43017.3465701,207289.638,4551.084,252.0,19.2,0.0,0.0,0.0,0.0,289083,0.0
2234,6203.04280662,4056.53567,11444.64,8148.26,0.0,42501.5995234,207289.638,4551.084,252.0,19.2,0.0,0.0,0.0,0.0,284466,0.0
2235,5245.955,4056.53567,11444.64,8148.26,0.0,42168.4439312,206044.481399,4452.084,176.4,19.2,0.0,0.0,0.0,0.0,281756,0.0
2236,8666.2985385,4056.53567,11444.64,8148.26,0.0,37425.3437915,207289.638,4551.084,252.0,19.2,0.0,0.0,0.0,0.0,281853,0.0
2237,15339.77638,4056.53567,11444.64,8148.26,0.0,30883.86595,207289.638,4551.084,252.0,19.2,0.0,0.0,0.0,0.0,281985,0.0
2238,20489.1777378,4056.53567,11444.64,8148.26,0.0,26126.4645922,207289.638,4551.084,252.0,19.2,0.0,0.0,0.0,0.0,282377,0.0
2239,24956.6813467,4056.53567,11444.64,8148.26,0.0,22143.5010999,207289.638,4551.084,206.459883447,19.2,0.0,0.0,0.0,0.0,282816,0.0
2240,25496.5416775,4056.53567,11444.64,8148.26,4800.06323806,16867.0374145,207289.638,4551.084,252.0,19.2,0.0,0.0,0.0,0.0,282925,0.0
2241,21401.9737153,4056.53567,11444.64,8148.26,13652.7562319,11231.9123828,207289.638,4551.084,252.0,19.2,0.0,0.0,0.0,0.0,282048,0.0
2242,11099.5456749,4056.53567,11444.64,8148.26,22602.3139062,12931.7827488,207289.638,4551.084,252.0,19.2,0.0,0.0,0.0,0.0,282395,0.0
2243,5245.955,4056.53567,11444.64,8148.26,29677.8081463,12928.8624656,206670.254718,4551.084,176.4,19.2,0.0,0.0,0.0,0.0,282919,0.0
2244,5245.955,4056.53567,11444.64,8148.26,34429.0827479,11216.67357,204025.365012,4260.888,176.4,19.2,0.0,0.0,0.0,0.0,283023,0.0
2245,5245.955,4056.53567,11444.64,8148.26,36565.8840048,9654.415216,203311.822109,4260.888,176.4,19.2,0.0,0.0,0.0,0.0,282884,0.0
2246,5245.955,4056.53567,11444.64,8148.26,36290.3528885,9466.66129114,204135.30715,4289.688,176.4,19.2,0.0,0.0,0.0,0.0,283273,0.0
2247,5245.955,4056.53567,11444.64,8148.26,33368.056875,11057.6403807,205081.428074,4354.884,176.4,19.2,0.0,0.0,0.0,0.0,282953,0.0
2248,5245.955,4056.53567,11444.64,8148.26,27865.417263,15371.2899795,204428.218088,4326.084,176.4,19.2,0.0,0.0,0.0,0.0,281082,0.0
2249,5245.955,4056.53567,11444.64,8148.26,19415.554434,21785.7380485,207264.632847,4551.084,176.4,19.2,0.0,0.0,0.0,0.0,282108,0.0
2250,13543.9891722,4056.53567,11444.64,8148.26,8368.80643831,29858.8467195,207289.638,4551.084,252.0,19.2,0.0,0.0,0.0,0.0,287533,0.0
2251,18809.9087836,4056.53567,11444.64,8148.26,537.086901362,36874.646645,207289.638,4551.084,252.0,19.2,0.0,0.0,0.0,0.0,291983,0.0
2252,17145.6421004,4056.53567,11444.64,8148.26,0.0,43461.0002296,207289.638,4551.084,252.0,19.2,0.0,0.0,0.0,0.0,296368,0.0
2253,18380.9490361,4056.53567,11444.64,8148.26,0.0,47064.6932939,207289.638,4551.084,252.0,19.2,0.0,0.0,0.0,0.0,301207,0.0
2254,17145.5572323,4056.53567,11444.64,8148.26,0.0,47745.0850977,207289.638,4551.084,252.0,19.2,0.0,0.0,0.0,0.0,300652,0.0
2255,12388.5768388,4056.53567,11444.64,8148.26,0.0,46384.0654912,207289.638,4551.084,252.0,19.2,0.0,0.0,0.0,0.0,294534,0.0
2256,9618.34719937,4056.53567,11444.64,8148.26,0.0,42762.2951306,207289.638,4551.084,252.0,19.2,0.0,0.0,0.0,0.0,288142,0.0
2257,8142.24415474,4099.84388,11444.64,8393.824,0.0,37851.029354,207663.734611,4551.084,176.4,19.2,0.0,0.0,0.0,0.0,282342,0.0
2258,8259.65733084,4099.84388,11444.64,8393.824,0.0,32448.7127892,207748.638,4551.084,176.4,19.2,0.0,0.0,0.0,0.0,277142,0.0
2259,8950.99966014,4099.84388,11444.64,8393.824,0.0,28629.3704599,207748.638,4551.084,176.4,19.2,0.0,0.0,0.0,0.0,274014,0.0
2260,11210.7281037,4099.84388,11444.64,8393.824,0.0,25947.6420163,207748.638,4551.084,176.4,19.2,0.0,0.0,0.0,0.0,273592,0.0
2261,14588.8847011,4099.84388,11444.64,8393.824,0.0,23659.4854189,207748.638,4551.084,176.4,19.2,0.0,0.0,0.0,0.0,274682,0.0
2262,19658.4401792,4099.84388,11444.64,8393.824,0.0,20424.9299408,207748.638,4551.084,176.4,19.2,0.0,0.0,0.0,0.0,276517,0.0
2263,24840.8105462,4099.84388,11444.64,8393.824,0.0,17153.5595738,207748.638,4551.084,176.4,19.2,0.0,0.0,0.0,0.0,278428,0.0
2264,26612.7447712,4099.84388,11444.64,8393.824,5051.16599408,13070.4593547,207748.638,4551.084,176.4,19.2,0.0,0.0,0.0,0.0,281168,0.0
2265,25206.2635813,4099.84388,11444.64,8393.824,13837.6302731,7637.47626558,207748.638,4551.084,176.4,19.2,0.0,0.0,0.0,0.0,283115,0.0
2266,16993.7912506,4099.84388,11444.64,8393.824,22807.7495895,8420.82927987,207748.638,4551.084,176.4,19.2,0.0,0.0,0.0,0.0,284656,0.0
2267,9207.08493887,4099.84388,11444.64,8393.824,29865.5447868,10356.7403943,207748.638,4551.084,176.4,19.2,0.0,0.0,0.0,0.0,285863,0.0
2268,5392.695,4099.84388,11444.64,8393.824,34472.5241192,11705.3191719,206423.469829,4452.084,176.4,19.2,0.0,0.0,0.0,0.0,286580,0.0
2269,5392.695,4099.84388,11444.64,8393.824,36611.2171937,12504.252297,204109.039629,4260.888,176.4,19.2,0.0,0.0,0.0,0.0,287012,0.0
2270,5392.695,4099.84388,11444.64,8393.824,36303.5911137,13644.5036676,202674.2985,4138.00383867,176.4,19.2,0.0,0.0,0.0,0.0,286287,0.0
2271,5392.695,4099.84388,11444.64,8393.824,32918.3651605,16326.1356118,202444.069348,2845.827,176.4,19.2,0.0,0.0,0.0,0.0,284061,0.0
2272,5392.695,4099.84388,11444.64,8393.824,27344.2492245,19951.9178494,201907.403046,2845.827,176.4,19.2,0.0,0.0,0.0,0.0,281576,0.0
2273,5392.695,4099.84388,11444.64,8393.824,19277.8882546,25555.5204616,204135.100404,4260.888,176.4,19.2,0.0,0.0,0.0,0.0,282756,0.0
2274,9935.93382323,4099.84388,11444.64,8393.824,8318.40290179,31819.033395,207748.638,4551.084,176.4,19.2,0.0,0.0,0.0,0.0,286507,0.0
2275,15315.5736784,4099.84388,11444.64,8393.824,547.764655208,38474.0317864,207748.638,4551.084,176.4,19.2,0.0,0.0,0.0,0.0,290771,0.0
2276,17124.5529294,4099.84388,11444.64,8393.824,0.0,43467.8171906,207748.638,4551.084,176.4,19.2,0.0,0.0,0.0,0.0,297026,0.0
2277,17483.0485677,4099.84388,11444.64,8393.824,0.0,48556.3215523,207748.638,4551.084,176.4,19.2,0.0,0.0,0.0,0.0,302473,0.0
2278,14051.8690071,4099.84388,11444.64,8393.824,0.0,52230.5011129,207748.638,4551.084,176.4,19.2,0.0,0.0,0.0,0.0,302716,0.0
2279,7626.45177619,4099.84388,11444.64,8393.824,0.0,54215.9183438,207748.638,4551.084,176.4,19.2,0.0,0.0,0.0,0.0,298276,0.0
2280,5392.695,4099.84388,11444.64,8393.824,0.0,53914.4596701,204925.05345,4354.884,176.4,19.2,0.0,0.0,0.0,0.0,292721,0.0
2281,15618.8381286,4157.58816,11444.64,8840.304,0.0,51846.5647114,189304.173,3970.692,252.0,19.2,0.0,0.0,0.0,0.0,285454,0.0
2282,11330.4725175,4157.58816,11444.64,8840.304,0.0,49556.9303225,189304.173,3970.692,252.0,19.2,0.0,0.0,0.0,0.0,278876,0.0
2283,8953.68564642,4157.58816,11444.64,8840.304,0.0,47553.7171936,189304.173,3970.692,252.0,19.2,0.0,0.0,0.0,0.0,274496,0.0
2284,11314.3493139,4157.58816,11444.64,8840.304,0.0,43968.0535261,189304.173,3970.692,252.0,19.2,0.0,0.0,0.0,0.0,273271,0.0
2285,14499.6050695,4157.58816,11444.64,8840.304,0.0,39681.7977705,189304.173,3970.692,252.0,19.2,0.0,0.0,0.0,0.0,272170,0.0
2286,18187.6562248,4157.58816,11444.64,8840.304,0.0,35255.7466152,189304.173,3970.692,252.0,19.2,0.0,0.0,0.0,0.0,271432,0.0
2287,21235.9944711,4157.58816,11444.64,8840.304,0.0,31666.4083689,189304.173,3970.692,252.0,19.2,0.0,0.0,0.0,0.0,270891,0.0
2288,21102.2459686,4157.58816,11444.64,8840.304,4972.94720632,26336.9967866,189304.173,3970.692,270.212878445,19.2,0.0,0.0,0.0,0.0,270419,0.0
2289,14722.3142385,4157.58816,11444.64,8840.304,13845.2248794,22261.8637221,189304.173,3970.692,252.0,19.2,0.0,0.0,0.0,0.0,268818,0.0
2290,5172.585,4157.58816,11444.64,8840.304,22483.5479148,26277.3944279,186825.954497,2485.386,176.4,19.2,0.0,0.0,0.0,0.0,267883,0.0
2291,5172.585,4157.58816,11444.64,8840.304,29807.4504972,29614.2400202,175980.646323,2112.246,8.1,19.2,0.0,0.0,0.0,0.0,267157,0.0
2292,5172.585,4157.58816,11444.64,8840.304,34835.1510805,32449.8895825,167967.296177,2112.246,8.1,19.2,0.0,0.0,0.0,0.0,267007,0.0
2293,5172.585,4157.58816,11444.64,8840.304,37007.5077594,34206.8493216,163486.979759,2112.246,8.1,19.2,0.0,0.0,0.0,0.0,266456,0.0
2294,5172.585,4157.58816,11444.64,8840.304,36237.4127218,34545.730481,163396.193637,2112.246,8.1,19.2,0.0,0.0,0.0,0.0,265934,0.0
2295,5172.585,4157.58816,11444.64,8840.304,32479.2824391,35810.4746387,164172.579762,2112.246,8.1,19.2,0.0,0.0,0.0,0.0,264217,0.0
2296,5172.585,4157.58816,11444.64,8840.304,26416.0473599,37630.5799163,167145.709564,2112.246,8.1,19.2,0.0,0.0,0.0,0.0,262947,0.0
2297,5172.585,4157.58816,11444.64,8840.304,17826.5232724,40814.6270835,174337.186484,2112.246,8.1,19.2,0.0,0.0,0.0,0.0,264733,0.0
2298,5172.585,4157.58816,11444.64,8840.304,7216.86809055,45844.7951793,186006.258,2363.66157011,8.1,19.2,0.0,0.0,0.0,0.0,271074,0.0
2299,9004.37071848,4157.58816,11444.64,8840.304,453.071273058,50477.9608485,189304.173,3970.692,252.0,19.2,0.0,0.0,0.0,0.0,277924,0.0
2300,16554.0317392,4157.58816,11444.64,8840.304,0.0,51394.3711008,189304.173,3970.692,252.0,19.2,0.0,0.0,0.0,0.0,285937,0.0
2301,22265.2077982,4157.58816,11444.64,8840.304,0.0,52592.1950418,189304.173,3970.692,252.0,19.2,0.0,0.0,0.0,0.0,292846,0.0
2302,21304.5407409,4157.58816,11444.64,8840.304,0.0,54869.8620991,189304.173,3970.692,252.0,19.2,0.0,0.0,0.0,0.0,294163,0.0
2303,16012.9582222,4157.58816,11444.64,8840.304,0.0,55652.4446178,189304.173,3970.692,252.0,19.2,0.0,0.0,0.0,0.0,289654,0.0
2304,12313.291302,4157.58816,11444.64,8840.304,0.0,54374.111538,189304.173,3970.692,252.0,19.2,0.0,0.0,0.0,0.0,284676,0.0
2305,4915.79,4287.51279,11444.64,9376.08,0.0,51806.5012408,195590.9835,2616.19246919,8.1,19.2,0.0,0.0,0.0,0.0,280065,0.0
2306,4915.79,4287.51279,11444.64,9376.08,0.0,48029.7526677,195538.982542,2559.942,8.1,19.2,0.0,0.0,0.0,0.0,276180,0.0
2307,4915.79,4287.51279,11444.64,9376.08,0.0,43842.4545454,195590.9835,2691.23916464,8.1,19.2,0.0,0.0,0.0,0.0,272176,0.0
2308,4915.79,4287.51279,11444.64,9376.08,0.0,38557.5464082,199189.428802,3063.402,176.4,19.2,0.0,0.0,0.0,0.0,271030,0.0
2309,4915.79,4287.51279,11444.64,9376.08,0.0,33713.0561493,202349.437061,4354.884,176.4,19.2,0.0,0.0,0.0,0.0,270637,0.0
2310,7511.53261758,4287.51279,11444.64,9376.08,0.0,30177.9125924,202996.638,4452.084,176.4,19.2,0.0,0.0,0.0,0.0,270442,0.0
2311,11015.0105343,4287.51279,11444.64,9376.08,0.0,27507.1719859,202996.638,4480.34668979,176.4,19.2,0.0,0.0,0.0,0.0,271303,0.0
2312,13288.0767038,4287.51279,11444.64,9376.08,5030.0005525,22832.6179537,202996.638,4485.834,176.4,19.2,0.0,0.0,0.0,0.0,273937,0.0
2313,11337.1295692,4287.51279,11444.64,9376.08,13665.950503,17980.6151377,202996.638,4485.834,176.4,19.2,0.0,0.0,0.0,0.0,275770,0.0
2314,6122.85232544,4287.51279,11444.64,9376.08,22344.9158727,16657.9270118,202996.638,4485.834,176.4,19.2,0.0,0.0,0.0,0.0,277912,0.0
2315,4915.79,4287.51279,11444.64,9376.08,29422.924109,13843.8383261,202819.530775,4452.084,176.4,19.2,0.0,0.0,0.0,0.0,280758,0.0
2316,5371.29305699,4287.51279,11444.64,9376.08,33639.8161723,11319.5859807,202996.638,4485.834,176.4,19.2,0.0,0.0,0.0,0.0,283117,0.0
2317,5766.78771652,4287.51279,11444.64,9376.08,35867.7454864,10756.1620071,202996.638,4485.834,176.4,19.2,0.0,0.0,0.0,0.0,285177,0.0
2318,4915.79,4287.51279,11444.64,9376.08,35721.7515286,12853.3644979,202996.638,4510.62318351,176.4,19.2,0.0,0.0,0.0,0.0,286302,0.0
2319,4915.79,4287.51279,11444.64,9376.08,32035.8928141,16919.9429114,202068.657484,4354.884,176.4,19.2,0.0,0.0,0.0,0.0,285599,0.0
2320,4915.79,4287.51279,11444.64,9376.08,27548.5527002,21291.4899787,199508.446531,4260.888,176.4,19.2,0.0,0.0,0.0,0.0,282829,0.0
2321,6093.77206659,4287.51279,11444.64,9376.08,18262.60377,25623.3193734,202996.638,4485.834,176.4,19.2,0.0,0.0,0.0,0.0,282766,0.0
2322,17012.8533398,4287.51279,11444.64,9376.08,7496.94379061,29830.8980796,202996.638,4485.834,176.4,19.2,0.0,0.0,0.0,0.0,287127,0.0
2323,24974.3859363,4287.51279,11444.64,9376.08,521.478865566,33667.8304081,202996.638,4485.834,176.4,19.2,0.0,0.0,0.0,0.0,291950,0.0
2324,26209.8426979,4287.51279,11444.64,9376.08,0.0,38329.8525121,202996.638,4485.834,176.4,19.2,0.0,0.0,0.0,0.0,297326,0.0
2325,26013.4085431,4287.51279,11444.64,9376.08,0.0,43786.2866669,202996.638,4485.834,176.4,19.2,0.0,0.0,0.0,0.0,302586,0.0
2326,27252.3521014,4287.51279,11444.64,9376.08,0.0,43377.3431086,202996.638,4485.834,176.4,19.2,0.0,0.0,0.0,0.0,303416,0.0
2327,25128.2975673,4287.51279,11444.64,9376.08,0.0,40280.3976427,202996.638,4485.834,176.4,19.2,0.0,0.0,0.0,0.0,298195,0.0
2328,23633.1223238,4287.51279,11444.64,9376.08,0.0,36570.5728862,202996.638,4485.834,176.4,19.2,0.0,0.0,0.0,0.0,292990,0.0
2329,14178.2607614,4301.94886,11444.64,9309.108,0.0,33900.0203786,209626.938,4551.084,370.8,19.2,0.0,0.0,0.0,0.0,287702,0.0
2330,11367.5099117,4301.94886,11444.64,9309.108,0.0,32354.5712283,209626.938,4551.084,252.0,19.2,0.0,0.0,0.0,0.0,283227,0.0
2331,8994.76010633,4301.94886,11444.64,9309.108,0.0,32161.5210337,209626.938,4551.084,370.8,19.2,0.0,0.0,0.0,0.0,280780,0.0
2332,10765.4028225,4301.94886,11444.64,9309.108,0.0,30487.8783175,209626.938,4551.084,370.8,19.2,0.0,0.0,0.0,0.0,280877,0.0
2333,11759.9445348,4301.94886,11444.64,9309.108,0.0,28202.3366052,209626.938,4551.084,370.8,19.2,0.0,0.0,0.0,0.0,279586,0.0
2334,14481.457459,4301.94886,11444.64,9309.108,0.0,25450.6361622,209626.938,4551.084,342.987518856,19.2,0.0,0.0,0.0,0.0,279528,0.0
2335,18116.7022005,4301.94886,11444.64,9309.108,0.0,23079.5789395,209626.938,4551.084,370.8,19.2,0.0,0.0,0.0,0.0,280820,0.0
2336,18775.0979855,4301.94886,11444.64,9309.108,5089.27130024,19077.9118543,209626.938,4551.084,370.8,19.2,0.0,0.0,0.0,0.0,282566,0.0
2337,15603.402976,4301.94886,11444.64,9309.108,13440.6244809,15318.2536831,209626.938,4551.084,370.8,19.2,0.0,0.0,0.0,0.0,283986,0.0
2338,10921.2847289,4301.94886,11444.64,9309.108,22478.733628,13659.2627831,209626.938,4551.084,370.8,19.2,0.0,0.0,0.0,0.0,286683,0.0
2339,7212.04196829,4301.94886,11444.64,9309.108,29083.5133238,13036.7258479,209626.938,4551.084,370.8,19.2,0.0,0.0,0.0,0.0,288956,0.0
2340,4874.3746902,4301.94886,11444.64,9309.108,33891.8894411,11402.0170087,209626.938,4551.084,370.8,19.2,0.0,0.0,0.0,0.0,289792,0.0
2341,4805.735,4301.94886,11444.64,9309.108,35817.2569658,10811.8463882,209473.780786,4551.084,176.4,19.2,0.0,0.0,0.0,0.0,290711,0.0
2342,4805.735,4301.94886,11444.64,9309.108,35337.546077,12311.459101,208569.878962,4551.084,176.4,19.2,0.0,0.0,0.0,0.0,290827,0.0
2343,4805.735,4301.94886,11444.64,9309.108,31563.7218528,16388.5445544,207332.817733,4354.884,176.4,19.2,0.0,0.0,0.0,0.0,289697,0.0
2344,4805.735,4301.94886,11444.64,9309.108,26760.5127626,20404.2370593,204904.330318,4260.888,176.4,19.2,0.0,0.0,0.0,0.0,286387,0.0
2345,4805.735,4301.94886,11444.64,9309.108,17918.2055959,25003.5517224,208567.126822,4551.084,176.4,19.2,0.0,0.0,0.0,0.0,286097,0.0
2346,11560.8667443,4301.94886,11444.64,9309.108,7463.40237101,31255.0120247,209626.938,4551.084,370.8,19.2,0.0,0.0,0.0,0.0,289903,0.0
2347,14600.5576284,4301.94886,11444.64,9309.108,557.711856253,38304.8116554,209626.938,4551.084,252.0,19.2,0.0,0.0,0.0,0.0,292968,0.0
2348,12170.0947073,4301.94886,11444.64,9309.108,0.0,45259.1864327,209626.938,4551.084,370.8,19.2,0.0,0.0,0.0,0.0,297053,0.0
2349,15199.2891469,4301.94886,11444.64,9309.108,0.0,47553.7919931,209626.938,4551.084,252.0,19.2,0.0,0.0,0.0,0.0,302258,0.0
2350,19626.4772671,4301.94886,11444.64,9309.108,0.0,43994.8038729,209626.938,4551.084,370.8,19.2,0.0,0.0,0.0,0.0,303245,0.0
2351,18879.1837668,4301.94886,11444.64,9309.108,0.0,39401.8973732,209626.938,4551.084,252.0,19.2,0.0,0.0,0.0,0.0,297786,0.0
2352,17857.4426941,4301.94886,11444.64,9309.108,0.0,35756.8384459,209626.938,4551.084,370.8,19.2,0.0,0.0,0.0,0.0,293238,0.0
2353,8532.60586905,4301.94886,11444.64,9063.544,0.0,33883.8792709,215823.438,5734.944,370.8,19.2,0.0,0.0,0.0,0.0,289175,0.0
2354,5789.76376651,4301.94886,11444.64,9063.544,0.0,33516.7213735,215823.438,5734.944,370.8,19.2,0.0,0.0,0.0,0.0,286065,0.0
2355,4548.94,4301.94886,11444.64,9063.544,0.0,33635.4645934,215217.818547,5541.444,252.0,19.2,0.0,0.0,0.0,0.0,284025,0.0
2356,6777.00852745,4301.94886,11444.64,9063.544,0.0,30855.4766125,215823.438,5734.944,370.8,19.2,0.0,0.0,0.0,0.0,284391,0.0
2357,9038.56275627,4301.94886,11444.64,9063.544,0.0,28275.9223837,215823.438,5734.944,370.8,19.2,0.0,0.0,0.0,0.0,284073,0.0
2358,10430.2836485,4301.94886,11444.64,9063.544,0.0,26074.2014915,215823.438,5734.944,370.8,19.2,0.0,0.0,0.0,0.0,283263,0.0
2359,10991.1915115,4301.94886,11444.64,9063.544,0.0,24618.2936285,215823.438,5734.944,370.8,19.2,0.0,0.0,0.0,0.0,282368,0.0
2360,9452.08415336,4301.94886,11444.64,9063.544,5209.88334415,21365.2909561,215823.438,5734.944,322.02668636,19.2,0.0,0.0,0.0,0.0,282737,0.0
2361,4548.94,4301.94886,11444.64,9063.544,13750.6454684,19152.2402286,215403.397443,5541.444,252.0,19.2,0.0,0.0,0.0,0.0,283478,0.0
2362,4548.94,4301.94886,11444.64,9063.544,22716.2989643,18688.4985843,209852.711591,4852.818,176.4,19.2,0.0,0.0,0.0,0.0,285665,0.0
2363,4548.94,4301.94886,11444.64,9063.544,29936.6743233,16165.5486314,208380.6585,4146.44568535,176.4,19.2,0.0,0.0,0.0,0.0,288184,0.0
2364,4548.94,4301.94886,11444.64,9063.544,33713.6271943,11995.7023091,210002.179637,4852.818,176.4,19.2,0.0,0.0,0.0,0.0,290119,0.0
2365,4548.94,4301.94886,11444.64,9063.544,36240.2405649,8399.94799945,211828.124576,5044.014,176.4,19.2,0.0,0.0,0.0,0.0,291067,0.0
2366,4548.94,4301.94886,11444.64,9063.544,35352.4821113,6313.35774786,214381.873281,5143.014,252.0,19.2,0.0,0.0,0.0,0.0,290821,0.0
2367,4548.94,4301.94886,11444.64,9063.544,32245.4902428,6260.33465149,214973.178246,5477.724,252.0,19.2,0.0,0.0,0.0,0.0,288587,0.0
2368,4548.94,4301.94886,11444.64,9063.544,25571.6075899,7897.56117626,215702.114374,5541.444,252.0,19.2,0.0,0.0,0.0,0.0,284343,0.0
2369,8849.14643366,4301.94886,11444.64,9063.544,17119.1706695,10419.1680368,215823.438,5734.944,370.8,19.2,0.0,0.0,0.0,0.0,283146,0.0
2370,18494.0061321,4301.94886,11444.64,9063.544,7682.16824103,13557.3107669,215823.438,5734.944,370.8,19.2,0.0,0.0,0.0,0.0,286492,0.0
2371,25733.1069695,4301.94886,11444.64,9063.544,600.417756531,16709.9604139,215823.438,5734.944,370.8,19.2,0.0,0.0,0.0,0.0,289802,0.0
2372,25678.5550347,4301.94886,11444.64,9063.544,0.0,21478.9301053,215823.438,5734.944,370.8,19.2,0.0,0.0,0.0,0.0,293916,0.0
2373,26595.5940476,4301.94886,11444.64,9063.544,0.0,24484.8910924,215823.438,5734.944,370.8,19.2,0.0,0.0,0.0,0.0,297839,0.0
2374,28048.2501131,4301.94886,11444.64,9063.544,0.0,23588.2350269,215823.438,5734.944,370.8,19.2,0.0,0.0,0.0,0.0,298395,0.0
2375,24749.958639,4301.94886,11444.64,9063.544,0.0,22038.526501,215823.438,5734.944,370.8,19.2,0.0,0.0,0.0,0.0,293547,0.0
2376,20872.2494977,4301.94886,11444.64,9063.544,0.0,21350.2356423,215823.438,5734.944,370.8,19.2,0.0,0.0,0.0,0.0,288981,0.0
2377,16465.5526518,4258.64065,11444.64,8795.656,0.0,21877.3503239,215044.938,5734.944,420.078374219,19.2,0.0,0.0,0.0,0.0,284061,0.0
2378,11134.7753177,4258.64065,11444.64,8795.656,0.0,22871.2950323,215044.938,5734.944,484.911,19.2,0.0,0.0,0.0,0.0,279789,0.0
2379,7633.3102191,4258.64065,11444.64,8795.656,0.0,24617.8711309,215044.938,5734.944,370.8,19.2,0.0,0.0,0.0,0.0,277920,0.0
2380,10925.505531,4258.64065,11444.64,8795.656,0.0,21895.675819,215044.938,5734.944,370.8,19.2,0.0,0.0,0.0,0.0,278490,0.0
2381,13551.1201839,4258.64065,11444.64,8795.656,0.0,17835.9501661,215044.938,5734.944,484.911,19.2,0.0,0.0,0.0,0.0,277170,0.0
2382,16567.4216463,4258.64065,11444.64,8795.656,0.0,14371.6487037,215044.938,5734.944,484.911,19.2,0.0,0.0,0.0,0.0,276722,0.0
2383,20001.0407089,4258.64065,11444.64,8795.656,0.0,11501.1406411,215044.938,5734.944,370.8,19.2,0.0,0.0,0.0,0.0,277171,0.0
2384,18846.0900454,4258.64065,11444.64,8795.656,5273.57219688,7490.40810773,215044.938,5734.944,484.911,19.2,0.0,0.0,0.0,0.0,277393,0.0
2385,13159.5088532,4258.64065,11444.64,8795.656,13921.2119555,4428.46054134,215044.938,5734.944,370.8,19.2,0.0,0.0,0.0,0.0,277178,0.0
2386,4772.4064235,4258.64065,11444.64,8795.656,22933.1670472,4823.49687925,215044.938,5734.944,484.911,19.2,0.0,0.0,0.0,0.0,278312,0.0
2387,4145.405,4258.64065,11444.64,8795.656,29731.0013785,4460.82895599,211029.414016,4946.814,176.4,19.2,0.0,0.0,0.0,0.0,279008,0.0
2388,4145.405,4258.64065,11444.64,8795.656,34101.5602428,4012.78252164,207781.7085,3826.00708561,176.4,19.2,0.0,0.0,0.0,0.0,278562,0.0
2389,4145.405,4258.64065,11444.64,8795.656,36304.6134281,3984.76718206,205757.92074,3437.757,176.4,19.2,0.0,0.0,0.0,0.0,278325,0.0
2390,4145.405,4258.64065,11444.64,8795.656,35300.8772183,4641.90921907,206061.514913,3437.757,176.4,19.2,0.0,0.0,0.0,0.0,278282,0.0
2391,4145.405,4258.64065,11444.64,8795.656,32512.0939704,6629.60133697,205637.606043,3437.757,176.4,19.2,0.0,0.0,0.0,0.0,277057,0.0
2392,4145.405,4258.64065,11444.64,8795.656,27369.631577,9964.9462378,205468.723535,3437.757,176.4,19.2,0.0,0.0,0.0,0.0,275081,0.0
2393,4145.405,4258.64065,11444.64,8795.656,19007.8160312,14044.8224752,210318.605844,4946.814,176.4,19.2,0.0,0.0,0.0,0.0,277158,0.0
2394,10133.606563,4258.64065,11444.64,8795.656,8265.90648019,18911.5573068,215044.938,5734.944,484.911,19.2,0.0,0.0,0.0,0.0,283094,0.0
2395,17568.5363658,4258.64065,11444.64,8795.656,624.536933524,25050.9970506,215044.938,5734.944,484.911,19.2,0.0,0.0,0.0,0.0,289027,0.0
2396,18317.6999878,4258.64065,11444.64,8795.656,0.0,31056.3703622,215044.938,5734.944,484.911,19.2,0.0,0.0,0.0,0.0,295157,0.0
2397,20375.6558368,4258.64065,11444.64,8795.656,0.0,34400.4145132,215044.938,5734.944,484.911,19.2,0.0,0.0,0.0,0.0,300559,0.0
2398,21344.9343827,4258.64065,11444.64,8795.656,0.0,33832.1359673,215044.938,5734.944,484.911,19.2,0.0,0.0,0.0,0.0,300960,0.0
2399,17994.3265208,4258.64065,11444.64,8795.656,0.0,31952.7438292,215044.938,5734.944,484.911,19.2,0.0,0.0,0.0,0.0,295730,0.0
2400,13163.5008624,4258.64065,11444.64,8795.656,0.0,30929.6804876,215044.938,5734.944,370.8,19.2,0.0,0.0,0.0,0.0,289762,0.0
2401,11874.9365338,4244.20458,11444.64,8684.036,0.0,30545.7408862,211876.938,5220.504,370.8,19.2,0.0,0.0,0.0,0.0,284281,0.0
2402,8174.06752531,4244.20458,11444.64,8684.036,0.0,30474.4098947,211876.938,5220.504,252.0,19.2,0.0,0.0,0.0,0.0,280390,0.0
2403,5793.2474666,4244.20458,11444.64,8684.036,0.0,30429.2299534,211876.938,5220.504,252.0,19.2,0.0,0.0,0.0,0.0,277964,0.0
2404,6607.65135236,4244.20458,11444.64,8684.036,0.0,29186.8260676,211876.938,5220.504,252.0,19.2,0.0,0.0,0.0,0.0,277536,0.0
2405,9325.74261183,4244.20458,11444.64,8684.036,0.0,26577.7348082,211876.938,5220.504,252.0,19.2,0.0,0.0,0.0,0.0,277645,0.0
2406,13434.9047019,4244.20458,11444.64,8684.036,0.0,23205.5727181,211876.938,5220.504,252.0,19.2,0.0,0.0,0.0,0.0,278382,0.0
2407,17821.9168659,4244.20458,11444.64,8684.036,0.0,19741.5605541,211876.938,5220.504,252.0,19.2,0.0,0.0,0.0,0.0,279305,0.0
2408,17511.9132022,4244.20458,11444.64,8684.036,5413.45912052,15787.3050972,211876.938,5220.504,370.8,19.2,0.0,0.0,0.0,0.0,280573,0.0
2409,13198.7784186,4244.20458,11444.64,8684.036,14244.7302943,11699.1687071,211876.938,5220.504,370.8,19.2,0.0,0.0,0.0,0.0,281003,0.0
2410,5124.37215931,4244.20458,11444.64,8684.036,23164.2914891,11164.0137716,211876.938,5220.504,370.8,19.2,0.0,0.0,0.0,0.0,281313,0.0
2411,4145.405,4244.20458,11444.64,8684.036,30091.7712166,10452.5348457,207470.664358,4644.144,176.4,19.2,0.0,0.0,0.0,0.0,281373,0.0
2412,4145.405,4244.20458,11444.64,8684.036,34676.8135483,9073.7248412,205510.1085,3751.46753051,176.4,19.2,0.0,0.0,0.0,0.0,281726,0.0
2413,4145.405,4244.20458,11444.64,8684.036,36328.2653019,8941.40149892,204694.910619,3180.537,176.4,19.2,0.0,0.0,0.0,0.0,281859,0.0
2414,4145.405,4244.20458,11444.64,8684.036,34907.7133852,10370.0024183,204566.861617,3180.537,176.4,19.2,0.0,0.0,0.0,0.0,281739,0.0
2415,4145.405,4244.20458,11444.64,8684.036,31410.3852035,13631.508542,204010.683674,3180.537,176.4,19.2,0.0,0.0,0.0,0.0,280947,0.0
2416,4145.405,4244.20458,11444.64,8684.036,25209.9677282,17476.2928256,205241.316866,3180.537,176.4,19.2,0.0,0.0,0.0,0.0,279822,0.0
2417,4145.405,4244.20458,11444.64,8684.036,18234.1124489,21114.1677941,208138.240177,4689.594,176.4,19.2,0.0,0.0,0.0,0.0,280890,0.0
2418,11023.6543384,4244.20458,11444.64,8684.036,8046.67604558,24442.347036,211876.938,5220.504,370.8,19.2,0.0,0.0,0.0,0.0,285373,0.0
2419,20499.5695177,4244.20458,11444.64,8684.036,645.228588673,27583.6944478,211876.938,5220.504,334.984865831,19.2,0.0,0.0,0.0,0.0,290553,0.0
2420,21960.6432601,4244.20458,11444.64,8684.036,0.0,31737.8341599,211876.938,5220.504,252.0,19.2,0.0,0.0,0.0,0.0,295440,0.0
2421,23318.6692208,4244.20458,11444.64,8684.036,0.0,34891.8081992,211876.938,5220.504,252.0,19.2,0.0,0.0,0.0,0.0,299952,0.0
2422,24942.6853664,4244.20458,11444.64,8684.036,0.0,34183.7920536,211876.938,5220.504,252.0,19.2,0.0,0.0,0.0,0.0,300868,0.0
2423,22327.2696194,4244.20458,11444.64,8684.036,0.0,32691.2078006,211876.938,5220.504,252.0,19.2,0.0,0.0,0.0,0.0,296760,0.0
2424,19014.9699393,4244.20458,11444.64,8684.036,0.0,31105.5074807,211876.938,5220.504,252.0,19.2,0.0,0.0,0.0,0.0,291862,0.0
2425,23830.4693381,4200.89637,11444.64,8661.712,0.0,29304.8602919,203752.638,4420.584,252.0,19.2,0.0,0.0,0.0,0.0,285887,0.0
2426,20289.7840515,4200.89637,11444.64,8661.712,0.0,27700.5455785,203752.638,4420.584,252.0,19.2,0.0,0.0,0.0,0.0,280742,0.0
2427,20302.0757563,4200.89637,11444.64,8661.712,0.0,25277.3864543,203752.638,4420.584,237.867419423,19.2,0.0,0.0,0.0,0.0,278317,0.0
2428,22382.1089876,4200.89637,11444.64,8661.712,0.0,23445.8206424,203752.638,4420.584,176.4,19.2,0.0,0.0,0.0,0.0,278504,0.0
2429,23686.5188019,4200.89637,11444.64,8661.712,0.0,21265.4108281,203752.638,4420.584,176.4,19.2,0.0,0.0,0.0,0.0,277628,0.0
2430,24868.6001173,4200.89637,11444.64,8661.712,0.0,19731.3295127,203752.638,4420.584,176.4,19.2,0.0,0.0,0.0,0.0,277276,0.0
2431,25816.0646737,4200.89637,11444.64,8661.712,0.0,18937.8649563,203752.638,4420.584,176.4,19.2,0.0,0.0,0.0,0.0,277430,0.0
2432,22860.6624733,4200.89637,11444.64,8661.712,5456.01776218,16573.6493945,203752.638,4420.584,252.0,19.2,0.0,0.0,0.0,0.0,277642,0.0
2433,15718.4605472,4200.89637,11444.64,8661.712,14120.2229412,14312.6461416,203752.638,4420.584,252.0,19.2,0.0,0.0,0.0,0.0,276903,0.0
2434,8826.82802864,4200.89637,11444.64,8661.712,22822.3225967,12852.1790047,203752.638,4420.584,252.0,19.2,0.0,0.0,0.0,0.0,277253,0.0
2435,4640.43982037,4200.89637,11444.64,8661.712,30075.3759511,10345.5138586,203752.638,4420.584,252.0,19.2,0.0,0.0,0.0,0.0,277813,0.0
2436,3851.925,4200.89637,11444.64,8661.712,34542.1642123,10510.108016,200408.316402,4195.638,176.4,19.2,0.0,0.0,0.0,0.0,278011,0.0
2437,3851.925,4200.89637,11444.64,8661.712,36711.7985122,12206.9293996,198138.921718,2780.577,176.4,19.2,0.0,0.0,0.0,0.0,278193,0.0
2438,3851.925,4200.89637,11444.64,8661.712,35691.8805155,15167.1586484,196519.7835,2659.392,93.4119661464,19.2,0.0,0.0,0.0,0.0,278310,0.0
2439,3851.925,4200.89637,11444.64,8661.712,31926.2279476,17757.5952148,196587.2835,2683.1199676,176.4,19.2,0.0,0.0,0.0,0.0,277309,0.0
2440,3851.925,4200.89637,11444.64,8661.712,25926.2566014,22077.3101788,196452.2835,2659.392,80.3843498191,19.2,0.0,0.0,0.0,0.0,275374,0.0
2441,3851.925,4200.89637,11444.64,8661.712,18065.3587323,27403.8727775,198583.41812,2780.577,176.4,19.2,0.0,0.0,0.0,0.0,275188,0.0
2442,4663.98151999,4200.89637,11444.64,8661.712,8016.02111941,33234.3269906,203752.638,4420.584,252.0,19.2,0.0,0.0,0.0,0.0,278666,0.0
2443,10035.1851843,4200.89637,11444.64,8661.712,691.332127907,38817.8123178,203752.638,4420.584,252.0,19.2,0.0,0.0,0.0,0.0,282296,0.0
2444,7730.03961202,4200.89637,11444.64,8661.712,0.0,45244.290018,203752.638,4420.584,252.0,19.2,0.0,0.0,0.0,0.0,285726,0.0
2445,6775.19530294,4200.89637,11444.64,8661.712,0.0,50272.1343271,203752.638,4420.584,252.0,19.2,0.0,0.0,0.0,0.0,289799,0.0
2446,7731.01288471,4200.89637,11444.64,8661.712,0.0,50810.3167453,203752.638,4420.584,252.0,19.2,0.0,0.0,0.0,0.0,291293,0.0
2447,3851.925,4200.89637,11444.64,8661.712,0.0,50236.0214339,203752.638,4392.56719611,176.4,19.2,0.0,0.0,0.0,0.0,286736,0.0
2448,3851.925,4200.89637,11444.64,8661.712,0.0,49035.0509109,200252.537719,4195.638,176.4,19.2,0.0,0.0,0.0,0.0,281838,0.0
2449,10147.2400388,4157.58816,11444.64,8505.444,0.0,46382.3228012,193288.473,3970.692,176.4,19.2,0.0,0.0,0.0,0.0,278092,0.0
2450,10176.2380244,4157.58816,11444.64,8505.444,0.0,42468.0248156,193231.773,3970.692,176.4,19.2,0.0,0.0,0.0,0.0,274150,0.0
2451,11326.9447358,4157.58816,11444.64,8505.444,0.0,38243.9181042,193345.173,3970.692,176.4,19.2,0.0,0.0,0.0,0.0,271190,0.0
2452,15595.6335372,4157.58816,11444.64,8505.444,0.0,32882.9293028,193288.473,3970.692,176.4,19.2,0.0,0.0,0.0,0.0,270041,0.0
2453,18532.5188479,4157.58816,11444.64,8505.444,0.0,27855.3439921,193345.173,3970.692,176.4,19.2,0.0,0.0,0.0,0.0,268007,0.0
2454,21421.5526071,4157.58816,11444.64,8505.444,0.0,23290.3102329,193345.173,3970.692,176.4,19.2,0.0,0.0,0.0,0.0,266331,0.0
2455,24440.5125344,4157.58816,11444.64,8505.444,0.0,19261.0503056,193288.473,3970.692,176.4,19.2,0.0,0.0,0.0,0.0,265264,0.0
2456,23077.8506094,4157.58816,11444.64,8505.444,5342.19887131,14571.5133593,193288.473,3970.692,176.4,19.2,0.0,0.0,0.0,0.0,264554,0.0
2457,16503.8209126,4157.58816,11444.64,8505.444,14039.1435763,11307.2983511,193231.773,3970.692,176.4,19.2,0.0,0.0,0.0,0.0,263356,0.0
2458,8254.58160367,4157.58816,11444.64,8505.444,23002.1060568,10249.4375087,193247.910671,3970.692,176.4,19.2,0.0,0.0,0.0,0.0,263028,0.0
2459,3778.555,4157.58816,11444.64,8505.444,29835.9918349,8535.38002391,192645.873,3633.92798117,176.4,19.2,0.0,0.0,0.0,0.0,262733,0.0
2460,3778.555,4157.58816,11444.64,8505.444,34024.2639916,8059.79594725,189774.481901,2555.631,176.4,19.2,0.0,0.0,0.0,0.0,262496,0.0
2461,3778.555,4157.58816,11444.64,8505.444,36180.8944469,8952.59393482,186670.738458,2112.246,8.1,19.2,0.0,0.0,0.0,0.0,261830,0.0
2462,3778.555,4157.58816,11444.64,8505.444,35271.7996747,11218.6406588,184497.786507,2112.246,8.1,19.2,0.0,0.0,0.0,0.0,261014,0.0
2463,3778.555,4157.58816,11444.64,8505.444,32396.9298424,15075.9975705,182278.299427,2112.246,8.1,19.2,0.0,0.0,0.0,0.0,259777,0.0
2464,3778.555,4157.58816,11444.64,8505.444,25723.4005639,20668.9326436,182078.893632,2112.246,8.1,19.2,0.0,0.0,0.0,0.0,258497,0.0
2465,3778.555,4157.58816,11444.64,8505.444,16820.2801118,28235.3633161,184551.583412,2112.246,8.1,19.2,0.0,0.0,0.0,0.0,259633,0.0
2466,3778.555,4157.58816,11444.64,8505.444,7709.51173707,36626.9158635,189234.558,2434.446,79.1412394113,19.2,0.0,0.0,0.0,0.0,263990,0.0
2467,3778.555,4157.58816,11444.64,8505.444,690.756640648,43754.2722502,192591.873,3709.27094912,176.4,19.2,0.0,0.0,0.0,0.0,268828,0.0
2468,3778.555,4157.58816,11444.64,8505.444,0.0,49066.7198295,192946.76101,3970.692,176.4,19.2,0.0,0.0,0.0,0.0,274066,0.0
2469,7901.95027005,4157.58816,11444.64,8505.444,0.0,50613.91257,193345.173,3970.692,176.4,19.2,0.0,0.0,0.0,0.0,280135,0.0
2470,13379.5018994,4157.58816,11444.64,8505.444,0.0,47982.0609406,193288.473,3970.692,176.4,19.2,0.0,0.0,0.0,0.0,282924,0.0
2471,15675.2821105,4157.58816,11444.64,8505.444,0.0,42954.5807295,193345.173,3970.692,176.4,19.2,0.0,0.0,0.0,0.0,280249,0.0
2472,17467.6013687,4157.58816,11444.64,8505.444,0.0,37620.9614713,193288.473,3970.692,176.4,19.2,0.0,0.0,0.0,0.0,276651,0.0
2473,5350.40387517,4056.53567,11444.64,8148.26,0.0,32157.8384548,206884.638,4551.084,176.4,19.2,0.0,0.0,0.0,0.0,272789,0.0
2474,7021.77818237,4056.53567,11444.64,8148.26,0.0,26745.4641476,206884.638,4551.084,176.4,19.2,0.0,0.0,0.0,0.0,269048,0.0
2475,9666.2279736,4056.53567,11444.64,8148.26,0.0,21567.9942954,206921.658061,4551.084,176.4,19.2,0.0,0.0,0.0,0.0,266552,0.0
2476,15099.8232636,4056.53567,11444.64,8148.26,0.0,15932.4190664,207019.638,4551.084,176.4,19.2,0.0,0.0,0.0,0.0,266448,0.0
2477,19590.8135185,4056.53567,11444.64,8148.26,0.0,11209.4288115,207019.638,4551.084,176.4,19.2,0.0,0.0,0.0,0.0,266216,0.0
2478,23981.7767103,4056.53567,11444.64,8148.26,0.0,8134.46561968,207019.638,4551.084,176.4,19.2,0.0,0.0,0.0,0.0,267532,0.0
2479,28301.5349857,4056.53567,11444.64,8148.26,0.0,5964.70734434,207019.638,4551.084,176.4,19.2,0.0,0.0,0.0,0.0,269682,0.0
2480,27421.2723351,4056.53567,11444.64,8148.26,5514.86367596,4083.10631894,207019.638,4551.084,176.4,19.2,0.0,0.0,0.0,0.0,272435,0.0
2481,21414.6952663,4056.53567,11444.64,8148.26,14193.902886,3461.64417761,207019.638,4551.084,176.4,19.2,0.0,0.0,0.0,0.0,274486,0.0
2482,15166.0266055,4056.53567,11444.64,8148.26,22726.219626,4173.99609848,207019.638,4551.084,176.4,19.2,0.0,0.0,0.0,0.0,277482,0.0
2483,8533.75179675,4056.53567,11444.64,8148.26,29646.613628,5569.87690526,207019.638,4551.084,176.4,19.2,0.0,0.0,0.0,0.0,279166,0.0
2484,3961.98,4056.53567,11444.64,8148.26,34154.891233,6646.50944014,206903.499657,4551.084,176.4,19.2,0.0,0.0,0.0,0.0,280063,0.0
2485,3961.98,4056.53567,11444.64,8148.26,35924.3946517,7885.04164795,203842.66003,4260.888,176.4,19.2,0.0,0.0,0.0,0.0,279720,0.0
2486,3961.98,4056.53567,11444.64,8148.26,35508.4248185,8789.42416919,202109.9985,4196.13684226,176.4,19.2,0.0,0.0,0.0,0.0,278411,0.0
2487,3961.98,4056.53567,11444.64,8148.26,32387.1778153,10155.5479464,202163.9985,3440.26006831,176.4,19.2,0.0,0.0,0.0,0.0,275954,0.0
2488,3961.98,4056.53567,11444.64,8148.26,25805.6246082,11707.3171605,203459.154561,4260.888,176.4,19.2,0.0,0.0,0.0,0.0,273040,0.0
2489,4410.27707786,4056.53567,11444.64,8148.26,16926.5168094,15028.4484428,207019.638,4551.084,176.4,19.2,0.0,0.0,0.0,0.0,271781,0.0
2490,9922.90752012,4056.53567,11444.64,8148.26,7883.00528818,20882.3295217,207019.638,4551.084,176.4,19.2,0.0,0.0,0.0,0.0,274104,0.0
2491,11364.0326206,4056.53567,11444.64,8148.26,748.34098549,29246.8687239,207019.638,4551.084,176.4,19.2,0.0,0.0,0.0,0.0,276775,0.0
2492,7216.67348476,4056.53567,11444.64,8148.26,0.0,38079.5688452,207019.638,4551.084,176.4,19.2,0.0,0.0,0.0,0.0,280712,0.0
2493,4566.64663116,4056.53567,11444.64,8148.26,0.0,44793.5956988,207019.638,4551.084,176.4,19.2,0.0,0.0,0.0,0.0,284776,0.0
2494,4924.27725258,4056.53567,11444.64,8148.26,0.0,45914.9650774,206884.638,4551.084,176.4,19.2,0.0,0.0,0.0,0.0,286120,0.0
2495,3961.98,4056.53567,11444.64,8148.26,0.0,44557.443951,206059.456379,4452.084,176.4,19.2,0.0,0.0,0.0,0.0,282876,0.0
2496,3961.98,4056.53567,11444.64,8148.26,0.0,42337.8219613,204772.278369,4354.884,176.4,19.2,0.0,0.0,0.0,0.0,279272,0.0
2497,3961.98,4070.97174,11444.64,8393.824,0.0,39015.8065841,205417.170676,3206.007,176.4,19.2,0.0,0.0,0.0,0.0,275706,0.0
2498,3961.98,4070.97174,11444.64,8393.824,0.0,34475.2973844,205950.6585,4044.0283756,176.4,19.2,0.0,0.0,0.0,0.0,272537,0.0
2499,3961.98,4070.97174,11444.64,8393.824,0.0,29782.5729564,207758.343304,4621.068,176.4,19.2,0.0,0.0,0.0,0.0,270229,0.0
2500,4037.98622343,4070.97174,11444.64,8393.824,0.0,24110.4460366,212533.488,5271.444,252.0,19.2,0.0,0.0,0.0,0.0,270134,0.0
2501,9433.29465431,4070.97174,11444.64,8393.824,0.0,18737.1376057,212533.488,5271.444,252.0,19.2,0.0,0.0,0.0,0.0,270156,0.0
2502,14259.3204888,4070.97174,11444.64,8393.824,0.0,14482.1117712,212533.488,5271.444,252.0,19.2,0.0,0.0,0.0,0.0,270727,0.0
2503,18263.0614582,4070.97174,11444.64,8393.824,0.0,11333.3708018,212533.488,5271.444,252.0,19.2,0.0,0.0,0.0,0.0,271582,0.0
2504,17289.6513934,4070.97174,11444.64,8393.824,5543.76148576,8246.01938088,212533.488,5271.444,252.0,19.2,0.0,0.0,0.0,0.0,273065,0.0
2505,12935.0188958,4070.97174,11444.64,8393.824,14248.0126494,5952.40071481,212533.488,5271.444,252.0,19.2,0.0,0.0,0.0,0.0,275121,0.0
2506,8308.41907772,4070.97174,11444.64,8393.824,22831.0196472,4935.99353506,212533.488,5271.444,252.0,19.2,0.0,0.0,0.0,0.0,278061,0.0
2507,4301.7116791,4070.97174,11444.64,8393.824,29571.5541566,4798.16642429,212533.488,5271.444,252.0,19.2,0.0,0.0,0.0,0.0,280657,0.0
2508,3961.98,4070.97174,11444.64,8393.824,33729.5823836,4445.20514546,211526.932731,4911.264,176.4,19.2,0.0,0.0,0.0,0.0,282680,0.0
2509,3961.98,4070.97174,11444.64,8393.824,35552.8663583,4920.51862368,211458.335278,4911.264,176.4,19.2,0.0,0.0,0.0,0.0,284910,0.0
2510,3961.98,4070.97174,11444.64,8393.824,34868.1023207,6098.47817833,211416.139761,4911.264,176.4,19.2,0.0,0.0,0.0,0.0,285361,0.0
2511,3961.98,4070.97174,11444.64,8393.824,30910.876316,8210.33508521,212178.658859,5102.514,252.0,19.2,0.0,0.0,0.0,0.0,284545,0.0
2512,4291.29400807,4070.97174,11444.64,8393.824,24204.2770744,11459.8611775,212533.488,5271.444,252.0,19.2,0.0,0.0,0.0,0.0,281941,0.0
2513,7615.42404434,4070.97174,11444.64,8393.824,16592.7318674,15359.2763482,212533.488,5271.444,252.0,19.2,0.0,0.0,0.0,0.0,281553,0.0
2514,15324.8927488,4070.97174,11444.64,8393.824,7540.54893058,19701.9905806,212533.488,5271.444,252.0,19.2,0.0,0.0,0.0,0.0,284553,0.0
2515,19040.8588875,4070.97174,11444.64,8393.824,696.359486427,25813.2138861,212533.488,5271.444,252.0,19.2,0.0,0.0,0.0,0.0,287536,0.0
2516,17348.4502731,4070.97174,11444.64,8393.824,0.0,32745.9819869,212533.488,5271.444,252.0,19.2,0.0,0.0,0.0,0.0,292080,0.0
2517,18168.818638,4070.97174,11444.64,8393.824,0.0,36570.9296841,212577.171938,5271.444,252.0,19.2,0.0,0.0,0.0,0.0,296769,0.0
2518,19950.3279561,4070.97174,11444.64,8393.824,0.0,35537.1543039,212583.438,5271.444,252.0,19.2,0.0,0.0,0.0,0.0,297523,0.0
2519,18361.1559692,4070.97174,11444.64,8393.824,0.0,33688.3262908,212583.438,5271.444,252.0,19.2,0.0,0.0,0.0,0.0,294085,0.0
2520,15023.2327041,4070.97174,11444.64,8393.824,0.0,32821.2495559,212583.438,5271.444,252.0,19.2,0.0,0.0,0.0,0.0,289880,0.0
2521,9217.10280371,4128.71602,11444.64,8840.304,0.0,33603.5351763,211876.938,5106.564,252.0,19.2,0.0,0.0,0.0,0.0,284489,0.0
2522,3851.925,4128.71602,11444.64,8840.304,0.0,35562.9994558,211011.511524,4844.304,176.4,19.2,0.0,0.0,0.0,0.0,279880,0.0
2523,3851.925,4128.71602,11444.64,8840.304,0.0,37068.6903338,207118.016646,4554.108,176.4,19.2,0.0,0.0,0.0,0.0,277202,0.0
2524,3851.925,4128.71602,11444.64,8840.304,0.0,31428.2255328,211602.685447,4844.304,252.0,19.2,0.0,0.0,0.0,0.0,276412,0.0
2525,9404.40690113,4128.71602,11444.64,8840.304,0.0,24260.2310789,211876.938,5106.564,252.0,19.2,0.0,0.0,0.0,0.0,275333,0.0
2526,14134.6868961,4128.71602,11444.64,8840.304,0.0,18740.9510839,211876.938,5106.564,252.0,19.2,0.0,0.0,0.0,0.0,274544,0.0
2527,18553.7692042,4128.71602,11444.64,8840.304,0.0,13974.8687758,211876.938,5106.564,252.0,19.2,0.0,0.0,0.0,0.0,274197,0.0
2528,19193.8881599,4128.71602,11444.64,8840.304,5647.30823742,8612.44158265,211876.938,5106.564,252.0,19.2,0.0,0.0,0.0,0.0,275122,0.0
2529,15793.5713255,4128.71602,11444.64,8840.304,14105.3587638,4716.70789075,211876.938,5106.564,252.0,19.2,0.0,0.0,0.0,0.0,276284,0.0
2530,12813.7663496,4128.71602,11444.64,8840.304,22521.0966431,2586.77498736,211876.938,5106.564,252.0,19.2,0.0,0.0,0.0,0.0,279590,0.0
2531,10602.4052566,4128.71602,11444.64,8840.304,29279.0194372,1766.21328614,211876.938,5106.564,252.0,19.2,0.0,0.0,0.0,0.0,283316,0.0
2532,9106.24754947,4128.71602,11444.64,8840.304,33555.7742628,2153.61616777,211876.938,5106.564,252.0,19.2,0.0,0.0,0.0,0.0,286484,0.0
2533,8963.08277553,4128.71602,11444.64,8840.304,34521.9437152,3459.61148925,211876.938,5106.564,252.0,19.2,0.0,0.0,0.0,0.0,288613,0.0
2534,7362.13367824,4128.71602,11444.64,8840.304,34757.7503475,6067.75395427,211876.938,5106.564,252.0,19.2,0.0,0.0,0.0,0.0,289856,0.0
2535,6527.54128139,4128.71602,11444.64,8840.304,30946.0562672,10455.0404314,211876.938,5106.564,252.0,19.2,0.0,0.0,0.0,0.0,289597,0.0
2536,4796.17688488,4128.71602,11444.64,8840.304,24459.2513509,16687.2097442,211876.938,5106.564,252.0,19.2,0.0,0.0,0.0,0.0,287611,0.0
2537,3928.87499242,4128.71602,11444.64,8840.304,17078.1198466,23655.6431409,211876.938,5106.564,252.0,19.2,0.0,0.0,0.0,0.0,286331,0.0
2538,9844.35815403,4128.71602,11444.64,8840.304,7740.24893302,29846.030893,211876.938,5106.564,252.0,19.2,0.0,0.0,0.0,0.0,289099,0.0
2539,13346.1003305,4128.71602,11444.64,8840.304,736.371385772,36260.1662637,211876.938,5106.564,252.0,19.2,0.0,0.0,0.0,0.0,292011,0.0
2540,11137.6686806,4128.71602,11444.64,8840.304,0.0,42889.9692994,211876.938,5106.564,252.0,19.2,0.0,0.0,0.0,0.0,295696,0.0
2541,13168.7168751,4128.71602,11444.64,8840.304,0.0,45560.9211049,211876.938,5106.564,252.0,19.2,0.0,0.0,0.0,0.0,300398,0.0
2542,16456.4064283,4128.71602,11444.64,8840.304,0.0,45389.8167846,211876.938,5115.97876709,252.0,19.2,0.0,0.0,0.0,0.0,303524,0.0
2543,14229.2049372,4128.71602,11444.64,8840.304,0.0,44279.4730428,211876.938,5137.524,252.0,19.2,0.0,0.0,0.0,0.0,300208,0.0
2544,11550.8946355,4128.71602,11444.64,8840.304,0.0,42567.7833445,211876.938,5137.524,252.0,19.2,0.0,0.0,0.0,0.0,295818,0.0
2545,10899.3197258,4229.76851,11444.64,9376.08,0.0,41551.4697642,208461.438,4551.084,252.0,19.2,0.0,0.0,0.0,0.0,290785,0.0
2546,8475.1877431,4229.76851,11444.64,9376.08,0.0,38882.6017469,208461.438,4551.084,252.0,19.2,0.0,0.0,0.0,0.0,285692,0.0
2547,7976.9662812,4229.76851,11444.64,9376.08,0.0,35518.8232088,208461.438,4551.084,252.0,19.2,0.0,0.0,0.0,0.0,281830,0.0
2548,13548.2462152,4229.76851,11444.64,9376.08,0.0,29447.5432748,208461.438,4551.084,252.0,19.2,0.0,0.0,0.0,0.0,281330,0.0
2549,19459.2233139,4229.76851,11444.64,9376.08,0.0,23614.5661761,208461.438,4551.084,252.0,19.2,0.0,0.0,0.0,0.0,281408,0.0
2550,24708.4780365,4229.76851,11444.64,9376.08,0.0,19427.3114535,208461.438,4551.084,252.0,19.2,0.0,0.0,0.0,0.0,282470,0.0
2551,29238.1803917,4229.76851,11444.64,9376.08,0.0,16031.6090983,208461.438,4551.084,252.0,19.2,0.0,0.0,0.0,0.0,283604,0.0
2552,27736.0174884,4229.76851,11444.64,9376.08,5447.47014147,13121.9018602,208461.438,4551.084,176.4,19.2,0.0,0.0,0.0,0.0,284564,0.0
2553,20997.9716165,4229.76851,11444.64,9376.08,13838.8228401,11341.7044541,208461.438,4551.084,218.290579377,19.2,0.0,0.0,0.0,0.0,284479,0.0
2554,14527.5669345,4229.76851,11444.64,9376.08,22865.3903094,7902.83224607,208461.438,4551.084,252.0,19.2,0.0,0.0,0.0,0.0,283630,0.0
2555,9315.27833373,4229.76851,11444.64,9376.08,29421.0210054,5282.49015091,208461.438,4551.084,252.0,19.2,0.0,0.0,0.0,0.0,282353,0.0
2556,5072.68851879,4229.76851,11444.64,9376.08,33648.8218723,4715.27909893,208461.438,4551.084,252.0,19.2,0.0,0.0,0.0,0.0,281771,0.0
2557,3961.98,4229.76851,11444.64,9376.08,35277.1046396,5613.58085499,206551.998,4380.2479954,176.4,19.2,0.0,0.0,0.0,0.0,281031,0.0
2558,3961.98,4229.76851,11444.64,9376.08,34360.1118634,7608.33703244,205100.098594,4323.384,176.4,19.2,0.0,0.0,0.0,0.0,280600,0.0
2559,3961.98,4229.76851,11444.64,9376.08,28773.5335688,10918.8484755,206635.465446,4452.084,176.4,19.2,0.0,0.0,0.0,0.0,279988,0.0
2560,3961.98,4229.76851,11444.64,9376.08,24507.7012832,14847.7205776,206220.625629,4354.884,176.4,19.2,0.0,0.0,0.0,0.0,279139,0.0
2561,3961.98,4229.76851,11444.64,9376.08,15736.4090682,20207.6069853,207373.831437,4551.084,176.4,19.2,0.0,0.0,0.0,0.0,277077,0.0
2562,5328.11525026,4229.76851,11444.64,9376.08,6144.7577029,28615.9165368,208461.438,4551.084,252.0,19.2,0.0,0.0,0.0,0.0,278423,0.0
2563,4090.67057643,4229.76851,11444.64,9376.08,503.443375921,38185.6755376,208461.438,4551.084,252.0,19.2,0.0,0.0,0.0,0.0,281114,0.0
2564,3961.98,4229.76851,11444.64,9376.08,0.0,45624.6546398,206551.998,4440.27885017,176.4,19.2,0.0,0.0,0.0,0.0,285825,0.0
2565,4025.79804608,4229.76851,11444.64,9376.08,0.0,48225.9914439,208461.438,4551.084,252.0,19.2,0.0,0.0,0.0,0.0,290586,0.0
2566,7570.21583685,4229.76851,11444.64,9376.08,0.0,47892.5736532,208461.438,4551.084,252.0,19.2,0.0,0.0,0.0,0.0,293797,0.0
2567,8074.97675453,4229.76851,11444.64,9376.08,0.0,45677.8127355,208461.438,4551.084,252.0,19.2,0.0,0.0,0.0,0.0,292087,0.0
2568,6869.99803662,4229.76851,11444.64,9376.08,0.0,42775.7914534,208461.438,4551.084,252.0,19.2,0.0,0.0,0.0,0.0,287980,0.0
2569,6853.13394029,4229.76851,11444.64,9309.108,0.0,38393.1275497,207416.538,4551.084,176.4,19.2,0.0,0.0,0.0,0.0,282393,0.0
2570,6070.60458357,4229.76851,11444.64,9309.108,0.0,33650.6569064,207416.538,4551.084,176.4,19.2,0.0,0.0,0.0,0.0,276868,0.0
2571,5603.08595282,4229.76851,11444.64,9309.108,0.0,29419.1755372,207416.538,4551.084,176.4,19.2,0.0,0.0,0.0,0.0,272169,0.0
2572,8734.05472188,4229.76851,11444.64,9309.108,0.0,22306.2067681,207416.538,4551.084,176.4,19.2,0.0,0.0,0.0,0.0,268187,0.0
2573,11265.8173163,4229.76851,11444.64,9309.108,0.0,16018.4441737,207416.538,4551.084,176.4,19.2,0.0,0.0,0.0,0.0,264431,0.0
2574,13897.1864815,4229.76851,11444.64,9309.108,0.0,11629.0750085,207416.538,4551.084,176.4,19.2,0.0,0.0,0.0,0.0,262673,0.0
2575,16004.9358695,4229.76851,11444.64,9309.108,0.0,8850.32562046,207416.538,4551.084,176.4,19.2,0.0,0.0,0.0,0.0,262002,0.0
2576,13949.694018,4229.76851,11444.64,9309.108,5426.1140135,6573.45345848,207416.538,4551.084,176.4,19.2,0.0,0.0,0.0,0.0,263096,0.0
2577,9492.3032042,4229.76851,11444.64,9309.108,14278.7296761,4556.2286097,207416.538,4551.084,176.4,19.2,0.0,0.0,0.0,0.0,265474,0.0
2578,6575.61517044,4229.76851,11444.64,9309.108,22913.0020641,2452.64425544,207416.538,4551.084,176.4,19.2,0.0,0.0,0.0,0.0,269088,0.0
2579,5258.35080208,4229.76851,11444.64,9309.108,28245.9444831,1156.30347867,207547.200726,4551.084,176.4,19.2,0.0,0.0,0.0,0.0,271938,0.0
2580,3961.98,4229.76851,11444.64,9309.108,31869.752328,981.871377517,207134.195784,4551.084,176.4,19.2,0.0,0.0,0.0,0.0,273678,0.0
2581,3961.98,4229.76851,11444.64,9309.108,33208.2512947,1215.1495417,206161.418654,4452.084,176.4,19.2,0.0,0.0,0.0,0.0,274178,0.0
2582,4849.29871905,4229.76851,11444.64,9309.108,29671.2013669,2199.66140409,207586.638,4551.084,176.4,19.2,0.0,0.0,0.0,0.0,274037,0.0
2583,3961.98,4229.76851,11444.64,9309.108,27913.7475728,4187.50572112,206765.566196,4551.084,176.4,19.2,0.0,0.0,0.0,0.0,272559,0.0
2584,4367.18288588,4229.76851,11444.64,9309.108,21706.5685151,7144.41008903,207586.638,4551.084,176.4,19.2,0.0,0.0,0.0,0.0,270535,0.0
2585,7780.61849708,4229.76851,11444.64,9309.108,14846.3546091,11249.1883839,207586.638,4551.084,176.4,19.2,0.0,0.0,0.0,0.0,271193,0.0
2586,14155.4922287,4229.76851,11444.64,9309.108,6695.75935267,17164.9099086,207586.638,4551.084,176.4,19.2,0.0,0.0,0.0,0.0,275333,0.0
2587,17225.0576389,4229.76851,11444.64,9309.108,782.16836392,24188.9354871,207586.638,4551.084,176.4,19.2,0.0,0.0,0.0,0.0,279513,0.0
2588,14966.748204,4229.76851,11444.64,9309.108,0.0,30720.413286,207586.638,4551.084,176.4,19.2,0.0,0.0,0.0,0.0,283004,0.0
2589,14708.3911342,4229.76851,11444.64,9309.108,0.0,34724.7703558,207586.638,4551.084,176.4,19.2,0.0,0.0,0.0,0.0,286750,0.0
2590,18522.6313837,4229.76851,11444.64,9309.108,0.0,32061.5301063,207586.638,4551.084,176.4,19.2,0.0,0.0,0.0,0.0,287901,0.0
2591,19933.5721613,4229.76851,11444.64,9309.108,0.0,26364.5893287,207586.638,4551.084,176.4,19.2,0.0,0.0,0.0,0.0,283615,0.0
2592,19587.0641865,4229.76851,11444.64,9309.108,0.0,21461.7973035,207529.938,4551.084,176.4,19.2,0.0,0.0,0.0,0.0,278309,0.0
2593,14124.8177223,4229.76851,11444.64,9063.544,0.0,17713.725966,210931.938,5179.014,274.351801678,19.2,0.0,0.0,0.0,0.0,272981,0.0
2594,11710.8918035,4229.76851,11444.64,9063.544,0.0,15632.0036865,210931.938,5179.014,252.0,19.2,0.0,0.0,0.0,0.0,268463,0.0
2595,9342.22079465,4229.76851,11444.64,9063.544,0.0,14582.6746953,210931.938,5179.014,252.0,19.2,0.0,0.0,0.0,0.0,265045,0.0
2596,10564.833945,4229.76851,11444.64,9063.544,0.0,12164.061545,210931.938,5179.014,252.0,19.2,0.0,0.0,0.0,0.0,263849,0.0
2597,12736.7492874,4229.76851,11444.64,9063.544,0.0,9709.14620259,210931.938,5179.014,252.0,19.2,0.0,0.0,0.0,0.0,263566,0.0
2598,14578.7045049,4229.76851,11444.64,9063.544,0.0,8053.19098507,210931.938,5179.014,252.0,19.2,0.0,0.0,0.0,0.0,263752,0.0
2599,15958.8377578,4229.76851,11444.64,9063.544,0.0,7521.05773222,210931.938,5179.014,252.0,19.2,0.0,0.0,0.0,0.0,264600,0.0
2600,13011.5554524,4229.76851,11444.64,9063.544,5772.18467506,6520.35536254,210931.938,5179.014,370.8,19.2,0.0,0.0,0.0,0.0,266543,0.0
2601,7418.6145046,4229.76851,11444.64,9063.544,14390.7831152,5715.69787025,210931.938,5179.014,370.8,19.2,0.0,0.0,0.0,0.0,268764,0.0
2602,3815.24,4229.76851,11444.64,9063.544,22910.4090551,8135.3342147,207103.61522,4668.849,176.4,19.2,0.0,0.0,0.0,0.0,271567,0.0
2603,3815.24,4229.76851,11444.64,9063.544,29813.1895761,9768.38286339,203846.84305,3159.792,176.4,19.2,0.0,0.0,0.0,0.0,275337,0.0
2604,3815.24,4229.76851,11444.64,9063.544,33583.0285513,8719.33817052,201543.533768,3038.607,8.1,19.2,0.0,0.0,0.0,0.0,275465,0.0
2605,3815.24,4229.76851,11444.64,9063.544,35481.3210851,6452.8313492,202673.263056,3159.792,176.4,19.2,0.0,0.0,0.0,0.0,276516,0.0
2606,3815.24,4229.76851,11444.64,9063.544,34276.7813268,4697.55410044,204875.819063,3943.053,176.4,19.2,0.0,0.0,0.0,0.0,276542,0.0
2607,3815.24,4229.76851,11444.64,9063.544,30559.5558378,4536.80102095,207049.001631,4668.849,176.4,19.2,0.0,0.0,0.0,0.0,275563,0.0
2608,3815.24,4229.76851,11444.64,9063.544,25488.5998055,6551.39018482,208118.3685,4668.849,176.4,19.2,0.0,0.0,0.0,0.0,273576,0.0
2609,7478.27043563,4229.76851,11444.64,9063.544,16666.0111467,10249.6139077,210931.938,5179.014,252.0,19.2,0.0,0.0,0.0,0.0,275514,0.0
2610,16085.5967522,4229.76851,11444.64,9063.544,7362.02764561,15037.2710922,210931.938,5179.014,252.0,19.2,0.0,0.0,0.0,0.0,279605,0.0
2611,21304.9814046,4229.76851,11444.64,9063.544,756.151404323,20487.762681,210931.938,5179.014,252.0,19.2,0.0,0.0,0.0,0.0,283669,0.0
2612,20267.6258231,4229.76851,11444.64,9063.544,0.0,26899.2696669,210931.938,5179.014,252.0,19.2,0.0,0.0,0.0,0.0,288287,0.0
2613,18157.8390893,4229.76851,11444.64,9063.544,0.0,33704.0564007,210931.938,5179.014,252.0,19.2,0.0,0.0,0.0,0.0,292982,0.0
2614,15804.8941745,4229.76851,11444.64,9063.544,0.0,38207.0013155,210931.938,5179.014,252.0,19.2,0.0,0.0,0.0,0.0,295132,0.0
2615,10305.4872781,4229.76851,11444.64,9063.544,0.0,39744.4082119,210931.938,5179.014,252.0,19.2,0.0,0.0,0.0,0.0,291170,0.0
2616,6128.17837011,4229.76851,11444.64,9063.544,0.0,38223.7171199,210931.938,5179.014,252.0,19.2,0.0,0.0,0.0,0.0,285472,0.0
2617,20608.0495218,4244.20458,11444.64,8795.656,0.0,34228.3928982,194659.173,4158.684,252.0,19.2,0.0,0.0,0.0,0.0,278410,0.0
2618,18328.2193221,4244.20458,11444.64,8795.656,0.0,30526.2230979,194659.173,4158.684,252.0,19.2,0.0,0.0,0.0,0.0,272428,0.0
2619,16227.2316781,4244.20458,11444.64,8795.656,0.0,27724.4107419,194659.173,4158.684,370.8,19.2,0.0,0.0,0.0,0.0,267644,0.0
2620,19886.6902676,4244.20458,11444.64,8795.656,0.0,22308.9521524,194659.173,4158.684,370.8,19.2,0.0,0.0,0.0,0.0,265888,0.0
2621,23615.5912859,4244.20458,11444.64,8795.656,0.0,17597.0511341,194659.173,4158.684,370.8,19.2,0.0,0.0,0.0,0.0,264905,0.0
2622,25403.1129111,4244.20458,11444.64,8795.656,0.0,15523.3295089,194659.173,4158.684,252.0,19.2,0.0,0.0,0.0,0.0,264500,0.0
2623,26533.6089106,4244.20458,11444.64,8795.656,0.0,14527.8335094,194659.173,4158.684,252.0,19.2,0.0,0.0,0.0,0.0,264635,0.0
2624,22780.1887856,4244.20458,11444.64,8795.656,5826.18281154,12482.2708229,194659.173,4158.684,370.8,19.2,0.0,0.0,0.0,0.0,264781,0.0
2625,14840.9443043,4244.20458,11444.64,8795.656,14495.9509943,10945.7471214,194659.173,4158.684,370.8,19.2,0.0,0.0,0.0,0.0,263975,0.0
2626,4576.88348813,4244.20458,11444.64,8795.656,23205.2585949,12724.3003369,194659.173,4158.684,252.0,19.2,0.0,0.0,0.0,0.0,264080,0.0
2627,3705.185,4244.20458,11444.64,8795.656,29990.3451214,13609.8834658,190104.343833,2528.442,8.1,19.2,0.0,0.0,0.0,0.0,264450,0.0
2628,3705.185,4244.20458,11444.64,8795.656,34463.7017384,11189.3953263,188150.675355,2206.242,8.1,19.2,0.0,0.0,0.0,0.0,264227,0.0
2629,3705.185,4244.20458,11444.64,8795.656,36151.7423761,9189.17618009,188199.853864,2206.242,8.1,19.2,0.0,0.0,0.0,0.0,263964,0.0
2630,3705.185,4244.20458,11444.64,8795.656,35001.7126312,8505.35599584,189543.203793,2363.742,8.1,19.2,0.0,0.0,0.0,0.0,263631,0.0
2631,3705.185,4244.20458,11444.64,8795.656,30855.3453692,9408.1472262,190221.858,2534.36382458,176.4,19.2,0.0,0.0,0.0,0.0,261405,0.0
2632,3705.185,4244.20458,11444.64,8795.656,25650.8503071,12524.4599813,189387.962132,2363.742,8.1,19.2,0.0,0.0,0.0,0.0,258144,0.0
2633,3705.185,4244.20458,11444.64,8795.656,16949.4975699,17295.4066614,191393.183189,2649.627,176.4,19.2,0.0,0.0,0.0,0.0,256673,0.0
2634,5284.76413858,4244.20458,11444.64,8795.656,7608.99777668,23312.6805047,194659.173,4158.684,252.0,19.2,0.0,0.0,0.0,0.0,259780,0.0
2635,10091.9380802,4244.20458,11444.64,8795.656,746.564815484,29176.9395243,194659.173,4158.684,252.0,19.2,0.0,0.0,0.0,0.0,263589,0.0
2636,8810.81421785,4244.20458,11444.64,8795.656,0.0,36410.6282021,194659.173,4158.684,252.0,19.2,0.0,0.0,0.0,0.0,268795,0.0
2637,7987.40959068,4244.20458,11444.64,8795.656,0.0,43234.0328293,194659.173,4158.684,252.0,19.2,0.0,0.0,0.0,0.0,274795,0.0
2638,10474.7583772,4244.20458,11444.64,8795.656,0.0,44558.8840428,194659.173,4158.684,370.8,19.2,0.0,0.0,0.0,0.0,278726,0.0
2639,10485.7474224,4244.20458,11444.64,8795.656,0.0,41894.8949976,194659.173,4158.684,370.8,19.2,0.0,0.0,0.0,0.0,276073,0.0
2640,13019.0419979,4244.20458,11444.64,8795.656,0.0,36313.4935583,194659.173,4158.684,259.906863716,19.2,0.0,0.0,0.0,0.0,272914,0.0
2641,3851.925,4244.20458,11444.64,8684.036,0.0,31335.0605663,204714.645854,4260.888,176.4,19.2,0.0,0.0,0.0,0.0,268731,0.0
2642,3851.925,4244.20458,11444.64,8684.036,0.0,28118.8674832,204825.838937,4260.888,176.4,19.2,0.0,0.0,0.0,0.0,265626,0.0
2643,3851.925,4244.20458,11444.64,8684.036,0.0,27177.1835756,203876.522844,4260.888,176.4,19.2,0.0,0.0,0.0,0.0,263735,0.0
2644,4351.17431467,4244.20458,11444.64,8684.036,0.0,22526.7231053,208501.938,4551.084,252.0,19.2,0.0,0.0,0.0,0.0,264575,0.0
2645,8129.30694459,4244.20458,11444.64,8684.036,0.0,18899.5904754,208501.938,4551.084,252.0,19.2,0.0,0.0,0.0,0.0,264726,0.0
2646,10248.4057071,4244.20458,11444.64,8684.036,0.0,17251.4917129,208501.938,4551.084,252.0,19.2,0.0,0.0,0.0,0.0,265197,0.0
2647,11294.9963963,4244.20458,11444.64,8684.036,82.0265467208,16733.874477,208501.938,4551.084,252.0,19.2,0.0,0.0,0.0,0.0,265808,0.0
2648,8551.15159591,4244.20458,11444.64,8684.036,5982.8246531,14971.121171,208501.938,4551.084,370.8,19.2,0.0,0.0,0.0,0.0,267321,0.0
2649,3851.925,4244.20458,11444.64,8684.036,14648.1761261,12187.0966131,208340.237681,4551.084,176.4,19.2,0.0,0.0,0.0,0.0,268147,0.0
2650,3851.925,4244.20458,11444.64,8684.036,23391.7360179,15887.8429216,199849.37348,2724.642,176.4,19.2,0.0,0.0,0.0,0.0,270274,0.0
2651,3851.925,4244.20458,11444.64,8684.036,30311.6283584,18682.417319,193522.406743,2402.442,8.1,19.2,0.0,0.0,0.0,0.0,273171,0.0
2652,3851.925,4244.20458,11444.64,8684.036,34562.8380987,18807.6043022,191796.010019,2402.442,8.1,19.2,0.0,0.0,0.0,0.0,275821,0.0
2653,3851.925,4244.20458,11444.64,8684.036,36464.5937267,17511.9949212,193596.863772,2402.442,8.1,19.2,0.0,0.0,0.0,0.0,278228,0.0
2654,3851.925,4244.20458,11444.64,8684.036,35716.1039484,15873.1173059,198406.231166,2402.442,8.1,19.2,0.0,0.0,0.0,0.0,280650,0.0
2655,3851.925,4244.20458,11444.64,8684.036,32407.3427855,14532.6358819,203153.927753,4055.688,176.4,19.2,0.0,0.0,0.0,0.0,282570,0.0
2656,4225.54998286,4244.20458,11444.64,8684.036,26442.9051583,14407.7816968,208501.938,4551.084,305.660582007,19.2,0.0,0.0,0.0,0.0,282827,0.0
2657,14410.6007938,4244.20458,11444.64,8684.036,16772.8644965,15886.4321296,208501.938,4551.084,252.0,19.2,0.0,0.0,0.0,0.0,284767,0.0
2658,26179.9920369,4244.20458,11444.64,8684.036,6513.27011552,18813.6352676,208501.938,4551.084,252.0,19.2,0.0,0.0,0.0,0.0,289204,0.0
2659,32315.9129662,4244.20458,11444.64,8684.036,556.776427183,21964.2080266,208501.938,4551.084,252.0,19.2,0.0,0.0,0.0,0.0,292534,0.0
2660,30350.3755241,4244.20458,11444.64,8684.036,0.0,26981.5218959,208501.938,4551.084,252.0,19.2,0.0,0.0,0.0,0.0,295029,0.0
2661,26048.1684868,4244.20458,11444.64,8684.036,0.0,34239.7289332,208501.938,4551.084,252.0,19.2,0.0,0.0,0.0,0.0,297985,0.0
2662,25476.5293431,4244.20458,11444.64,8684.036,0.0,35297.3680769,208501.938,4551.084,252.0,19.2,0.0,0.0,0.0,0.0,298471,0.0
2663,23376.4000529,4244.20458,11444.64,8684.036,0.0,33203.4973671,208501.938,4551.084,252.0,19.2,0.0,0.0,0.0,0.0,294277,0.0
2664,21413.4751547,4244.20458,11444.64,8684.036,0.0,30060.4222653,208501.938,4551.084,252.0,19.2,0.0,0.0,0.0,0.0,289171,0.0
2665,11656.8436938,4229.76851,11444.64,8661.712,0.0,26422.6537962,216201.438,5734.944,370.8,19.2,0.0,0.0,0.0,0.0,284742,0.0
2666,11663.2533967,4229.76851,11444.64,8661.712,0.0,22581.2440933,216201.438,5734.944,370.8,19.2,0.0,0.0,0.0,0.0,280907,0.0
2667,12487.4435291,4229.76851,11444.64,8661.712,0.0,19653.0539609,216201.438,5734.944,370.8,19.2,0.0,0.0,0.0,0.0,278803,0.0
2668,16384.3353198,4229.76851,11444.64,8661.712,0.0,15495.1621702,216201.438,5734.944,370.8,19.2,0.0,0.0,0.0,0.0,278542,0.0
2669,19307.129343,4229.76851,11444.64,8661.712,0.0,12565.368147,216201.438,5734.944,370.8,19.2,0.0,0.0,0.0,0.0,278535,0.0
2670,20964.6306266,4229.76851,11444.64,8661.712,0.0,10728.8668634,216201.438,5734.944,370.8,19.2,0.0,0.0,0.0,0.0,278356,0.0
2671,20944.1795461,4229.76851,11444.64,8661.712,84.226435247,10424.0915086,216201.438,5734.944,370.8,19.2,0.0,0.0,0.0,0.0,278115,0.0
2672,16717.9105699,4229.76851,11444.64,8661.712,5827.60688524,9720.98003483,216201.438,5734.944,370.8,19.2,0.0,0.0,0.0,0.0,278929,0.0
2673,7612.13958105,4229.76851,11444.64,8661.712,14198.749625,11039.608284,216201.438,5734.944,370.8,19.2,0.0,0.0,0.0,0.0,279513,0.0
2674,4108.72,4229.76851,11444.64,8661.712,21727.588768,15876.3485873,209777.804135,4852.818,176.4,19.2,0.0,0.0,0.0,0.0,280875,0.0
2675,4108.72,4229.76851,11444.64,8661.712,28216.0407839,17946.7648316,205117.481875,3316.572,8.1,19.2,0.0,0.0,0.0,0.0,283069,0.0
2676,4108.72,4229.76851,11444.64,8661.712,33027.4246897,18607.2928492,202604.769951,2994.372,8.1,19.2,0.0,0.0,0.0,0.0,285706,0.0
2677,4108.72,4229.76851,11444.64,8661.712,35938.1281382,18867.1486612,201268.210691,2994.372,8.1,19.2,0.0,0.0,0.0,0.0,287540,0.0
2678,4108.72,4229.76851,11444.64,8661.712,35155.6709998,18821.1629245,204000.653566,2994.372,8.1,19.2,0.0,0.0,0.0,0.0,289444,0.0
2679,4108.72,4229.76851,11444.64,8661.712,31835.0640273,18803.5565253,206843.181937,3437.757,176.4,19.2,0.0,0.0,0.0,0.0,289560,0.0
2680,4108.72,4229.76851,11444.64,8661.712,25623.2965149,20510.5253507,208645.2585,4828.47912435,176.4,19.2,0.0,0.0,0.0,0.0,288248,0.0
2681,4108.72,4229.76851,11444.64,8661.712,17523.2573773,23489.4276927,214187.26042,5143.014,252.0,19.2,0.0,0.0,0.0,0.0,289059,0.0
2682,11597.7567619,4229.76851,11444.64,8661.712,7965.32357066,27372.4171575,216201.438,5734.944,370.8,19.2,0.0,0.0,0.0,0.0,293598,0.0
2683,18383.5543397,4229.76851,11444.64,8661.712,799.620674968,30687.3224754,216201.438,5734.944,370.8,19.2,0.0,0.0,0.0,0.0,296533,0.0
2684,18604.7997919,4229.76851,11444.64,8661.712,0.0,35520.6976981,216201.438,5734.944,370.8,19.2,0.0,0.0,0.0,0.0,300788,0.0
2685,16537.9649412,4229.76851,11444.64,8661.712,0.0,41665.8229094,216201.438,5734.944,255.509639478,19.2,0.0,0.0,0.0,0.0,304751,0.0
2686,18263.8403859,4229.76851,11444.64,8661.712,0.0,40269.6571041,216201.438,5734.944,370.8,19.2,0.0,0.0,0.0,0.0,305196,0.0
2687,16516.6636284,4229.76851,11444.64,8661.712,0.0,37063.8338616,216201.438,5734.944,370.8,19.2,0.0,0.0,0.0,0.0,300243,0.0
2688,14379.0838449,4229.76851,11444.64,8661.712,0.0,34115.4136451,216201.438,5734.944,370.8,19.2,0.0,0.0,0.0,0.0,295157,0.0
2689,8613.21399735,4186.4603,11444.64,8505.444,0.0,31730.3597026,219049.938,5734.944,370.8,19.2,0.0,0.0,0.0,0.0,289655,0.0
2690,5029.32677442,4186.4603,11444.64,8505.444,0.0,30259.4469256,219033.738,5734.944,370.8,19.2,0.0,0.0,0.0,0.0,284584,0.0
2691,4292.145,4186.4603,11444.64,8505.444,0.0,29636.6894916,217344.977208,5541.444,252.0,19.2,0.0,0.0,0.0,0.0,281223,0.0
2692,4532.09576728,4186.4603,11444.64,8505.444,0.0,25979.6779327,219033.738,5734.944,370.8,19.2,0.0,0.0,0.0,0.0,279807,0.0
2693,8117.26057626,4186.4603,11444.64,8505.444,0.0,21912.3131237,219049.938,5734.944,370.8,19.2,0.0,0.0,0.0,0.0,279341,0.0
2694,11594.6867681,4186.4603,11444.64,8505.444,0.0,18959.5869319,218993.238,5734.944,370.8,19.2,0.0,0.0,0.0,0.0,279809,0.0
2695,15208.7263518,4186.4603,11444.64,8505.444,76.0600820508,16246.7872662,219049.938,5734.944,370.8,19.2,0.0,0.0,0.0,0.0,280843,0.0
2696,14985.1385701,4186.4603,11444.64,8505.444,5859.59524647,12401.8398834,219049.938,5734.944,370.8,19.2,0.0,0.0,0.0,0.0,282558,0.0
2697,12224.7466857,4186.4603,11444.64,8505.444,14180.408039,8421.61897535,219033.738,5734.944,370.8,19.2,0.0,0.0,0.0,0.0,284122,0.0
2698,6168.07189138,4186.4603,11444.64,8505.444,22687.308167,8340.19364162,219049.938,5734.944,370.8,19.2,0.0,0.0,0.0,0.0,286507,0.0
2699,4292.145,4186.4603,11444.64,8505.444,29005.2959946,7488.67081768,218163.699888,5541.444,252.0,19.2,0.0,0.0,0.0,0.0,288899,0.0
2700,4292.145,4186.4603,11444.64,8505.444,33425.8299714,6504.94765077,216795.069078,5334.264,252.0,19.2,0.0,0.0,0.0,0.0,290760,0.0
2701,4292.145,4186.4603,11444.64,8505.444,34966.09604,5938.10419668,217330.038,5488.87246336,252.0,19.2,0.0,0.0,0.0,0.0,292423,0.0
2702,4304.64739178,4186.4603,11444.64,8505.444,34574.8354112,5676.09089704,219049.938,5734.944,370.8,19.2,0.0,0.0,0.0,0.0,293867,0.0
2703,7300.6428796,4186.4603,11444.64,8505.444,31375.1343112,6372.49650922,218993.238,5734.944,370.8,19.2,0.0,0.0,0.0,0.0,294303,0.0
2704,8987.0747526,4186.4603,11444.64,8505.444,26058.6853603,8210.01358707,219033.738,5734.944,370.8,19.2,0.0,0.0,0.0,0.0,292551,0.0
2705,13805.2918232,4186.4603,11444.64,8505.444,17974.3697498,11503.612127,218993.238,5734.944,370.8,19.2,0.0,0.0,0.0,0.0,292538,0.0
2706,22646.6998213,4186.4603,11444.64,8505.444,8079.31535329,15939.5585254,219049.938,5734.944,370.8,19.2,0.0,0.0,0.0,0.0,295977,0.0
2707,26779.9278485,4186.4603,11444.64,8505.444,800.336169442,21954.5096821,219033.738,5734.944,370.8,19.2,0.0,0.0,0.0,0.0,298830,0.0
2708,23845.9658847,4186.4603,11444.64,8505.444,0.0,28427.6078153,219049.938,5734.944,370.8,19.2,0.0,0.0,0.0,0.0,301585,0.0
2709,21804.6535223,4186.4603,11444.64,8505.444,0.0,34493.9201777,219049.938,5734.944,370.8,19.2,0.0,0.0,0.0,0.0,305610,0.0
2710,21476.361718,4186.4603,11444.64,8505.444,0.0,36598.5186262,219031.631356,5734.944,370.8,19.2,0.0,0.0,0.0,0.0,307368,0.0
2711,17279.6706431,4186.4603,11444.64,8505.444,0.0,36139.1030569,219033.738,5734.944,370.8,19.2,0.0,0.0,0.0,0.0,302714,0.0
2712,13018.5056326,4186.4603,11444.64,8505.444,0.0,34949.7680674,218993.238,5734.944,370.8,19.2,0.0,0.0,0.0,0.0,297223,0.0
2713,16260.5402484,4172.02423,11444.64,8148.26,0.0,33700.3935216,212349.438,5220.504,252.0,19.2,0.0,0.0,0.0,0.0,291567,0.0
2714,13042.2836925,4172.02423,11444.64,8148.26,0.0,31542.6500775,212349.438,5220.504,252.0,19.2,0.0,0.0,0.0,0.0,286191,0.0
2715,10915.7210991,4172.02423,11444.64,8148.26,0.0,29448.2126709,212349.438,5220.504,252.0,19.2,0.0,0.0,0.0,0.0,281970,0.0
2716,11377.6410152,4172.02423,11444.64,8148.26,0.0,27652.2927548,212349.438,5220.504,252.0,19.2,0.0,0.0,0.0,0.0,280636,0.0
2717,13145.0956311,4172.02423,11444.64,8148.26,0.0,25873.8381389,212349.438,5220.504,252.0,19.2,0.0,0.0,0.0,0.0,280625,0.0
2718,14526.0512661,4172.02423,11444.64,8148.26,0.0,24482.8825039,212349.438,5220.504,252.0,19.2,0.0,0.0,0.0,0.0,280615,0.0
2719,15615.4030419,4172.02423,11444.64,8148.26,80.6232890623,23488.8211961,212397.524243,5220.504,252.0,19.2,0.0,0.0,0.0,0.0,280839,0.0
2720,13132.0126901,4172.02423,11444.64,8148.26,6052.99974212,20687.4213377,212416.938,5220.504,252.0,19.2,0.0,0.0,0.0,0.0,281546,0.0
2721,8150.80406768,4172.02423,11444.64,8148.26,14482.5030485,17349.1266538,212416.938,5220.504,252.0,19.2,0.0,0.0,0.0,0.0,281656,0.0
2722,4475.57,4172.02423,11444.64,8148.26,23081.7696049,17294.3598675,208133.182298,4689.594,176.4,19.2,0.0,0.0,0.0,0.0,281635,0.0
2723,4475.57,4172.02423,11444.64,8148.26,29507.2427901,13187.6623836,206516.402596,4595.598,176.4,19.2,0.0,0.0,0.0,0.0,282243,0.0
2724,4475.57,4172.02423,11444.64,8148.26,33484.9959331,8377.31682903,208347.999008,4689.594,176.4,19.2,0.0,0.0,0.0,0.0,283336,0.0
2725,4475.57,4172.02423,11444.64,8148.26,35136.5738856,6467.89506294,209075.842821,4689.594,176.4,19.2,0.0,0.0,0.0,0.0,283806,0.0
2726,4475.57,4172.02423,11444.64,8148.26,34459.3704996,7361.90994355,209411.831327,4786.794,176.4,19.2,0.0,0.0,0.0,0.0,284456,0.0
2727,4475.57,4172.02423,11444.64,8148.26,31424.0374549,10092.8731053,209271.40121,4689.594,176.4,19.2,0.0,0.0,0.0,0.0,283914,0.0
2728,4475.57,4172.02423,11444.64,8148.26,26082.3170059,13804.0803538,209432.71441,4786.794,176.4,19.2,0.0,0.0,0.0,0.0,282542,0.0
2729,5142.51121157,4172.02423,11444.64,8148.26,17398.6168962,19181.3056622,212416.938,5220.504,252.0,19.2,0.0,0.0,0.0,0.0,283396,0.0
2730,12556.6675999,4172.02423,11444.64,8148.26,7450.3744497,25964.3917204,212416.938,5220.504,252.0,19.2,0.0,0.0,0.0,0.0,287645,0.0
2731,17549.0140435,4172.02423,11444.64,8148.26,823.743859323,31439.6758672,212416.938,5220.504,252.0,19.2,0.0,0.0,0.0,0.0,291486,0.0
2732,20087.0379328,4172.02423,11444.64,8148.26,0.0,34553.3958372,212416.938,5220.504,252.0,19.2,0.0,0.0,0.0,0.0,296314,0.0
2733,20954.2732911,4172.02423,11444.64,8148.26,0.0,39034.1604789,212416.938,5220.504,252.0,19.2,0.0,0.0,0.0,0.0,301662,0.0
2734,22763.8123438,4172.02423,11444.64,8148.26,0.0,39881.6214262,212416.938,5220.504,252.0,19.2,0.0,0.0,0.0,0.0,304319,0.0
2735,21012.9808847,4172.02423,11444.64,8148.26,0.0,38369.4528853,212416.938,5220.504,252.0,19.2,0.0,0.0,0.0,0.0,301056,0.0
2736,17330.4492405,4172.02423,11444.64,8148.26,0.0,37767.9845295,212416.938,5220.504,252.0,19.2,0.0,0.0,0.0,0.0,296772,0.0
2737,10871.1875912,4215.33244,11444.64,8393.824,0.0,37603.9339688,213649.938,5347.944,252.0,19.2,0.0,0.0,0.0,0.0,291798,0.0
2738,6264.46191265,4215.33244,11444.64,8393.824,0.0,37380.6596474,213649.938,5347.944,252.0,19.2,0.0,0.0,0.0,0.0,286968,0.0
2739,4365.515,4215.33244,11444.64,8393.824,0.0,36101.8654702,213461.39909,5284.224,252.0,19.2,0.0,0.0,0.0,0.0,283538,0.0
2740,6610.68958704,4215.33244,11444.64,8393.824,0.0,32032.431973,213649.938,5347.944,252.0,19.2,0.0,0.0,0.0,0.0,281966,0.0
2741,9089.81737482,4215.33244,11444.64,8393.824,0.0,28223.3041852,213649.938,5347.944,252.0,19.2,0.0,0.0,0.0,0.0,280636,0.0
2742,11644.3548103,4215.33244,11444.64,8393.824,0.0,25714.7667497,213649.938,5347.944,252.0,19.2,0.0,0.0,0.0,0.0,280682,0.0
2743,14303.9953263,4215.33244,11444.64,8393.824,79.8863193922,23922.2399143,213649.938,5347.944,252.0,19.2,0.0,0.0,0.0,0.0,281629,0.0
2744,14226.1386662,4215.33244,11444.64,8393.824,5976.69160579,20430.9027067,213649.938,5347.944,259.388581316,19.2,0.0,0.0,0.0,0.0,283964,0.0
2745,8777.70697012,4215.33244,11444.64,8393.824,14417.0332122,19999.3813777,213649.938,5347.944,252.0,19.2,0.0,0.0,0.0,0.0,286517,0.0
2746,6435.51835647,4215.33244,11444.64,8393.824,22784.7448044,16799.8583991,213649.938,5347.944,252.0,19.2,0.0,0.0,0.0,0.0,289343,0.0
2747,6561.65848266,4215.33244,11444.64,8393.824,29256.5362348,12670.9268426,213649.938,5347.944,252.0,19.2,0.0,0.0,0.0,0.0,291812,0.0
2748,6716.76207776,4215.33244,11444.64,8393.824,33417.8204547,10298.5390276,213649.938,5347.944,252.0,19.2,0.0,0.0,0.0,0.0,293756,0.0
2749,6954.23199657,4215.33244,11444.64,8393.824,34934.4308907,9906.45867272,213649.938,5347.944,252.0,19.2,0.0,0.0,0.0,0.0,295118,0.0
2750,7340.62201498,4215.33244,11444.64,8393.824,34458.8319325,10772.6676126,213649.938,5347.944,252.0,19.2,0.0,0.0,0.0,0.0,295895,0.0
2751,7537.81286815,4215.33244,11444.64,8393.824,31520.3710283,13295.9376636,213649.938,5347.944,252.0,19.2,0.0,0.0,0.0,0.0,295677,0.0
2752,7850.31696394,4215.33244,11444.64,8393.824,25662.0348023,17516.7697938,213649.938,5347.944,252.0,19.2,0.0,0.0,0.0,0.0,294352,0.0
2753,10498.9131673,4215.33244,11444.64,8393.824,17550.1728299,23547.0355628,213649.938,5347.944,252.0,19.2,0.0,0.0,0.0,0.0,294919,0.0
2754,16482.8408118,4215.33244,11444.64,8393.824,8088.09884564,30630.1819026,213649.938,5347.944,252.0,19.2,0.0,0.0,0.0,0.0,298524,0.0
2755,18816.2085951,4215.33244,11444.64,8393.824,1004.57510815,38182.3378567,213649.938,5347.944,252.0,19.2,0.0,0.0,0.0,0.0,301326,0.0
2756,18234.3514921,4215.33244,11444.64,8393.824,0.0,43471.7700679,213649.938,5347.944,252.0,19.2,0.0,0.0,0.0,0.0,305029,0.0
2757,21950.739092,4215.33244,11444.64,8393.824,0.0,44362.382468,213649.938,5347.944,252.0,19.2,0.0,0.0,0.0,0.0,309636,0.0
2758,23735.4161247,4215.33244,11444.64,8393.824,0.0,44315.7054353,213649.938,5347.944,252.0,19.2,0.0,0.0,0.0,0.0,311374,0.0
2759,20891.2907021,4215.33244,11444.64,8393.824,0.0,43560.8308579,213649.938,5347.944,252.0,19.2,0.0,0.0,0.0,0.0,307775,0.0
2760,18730.7393157,4215.33244,11444.64,8393.824,0.0,41345.3822443,213649.938,5347.944,252.0,19.2,0.0,0.0,0.0,0.0,303399,0.0
2761,8272.02503315,4316.38493,11444.64,8840.304,0.0,39879.7640369,219607.938,5734.944,370.8,19.2,0.0,0.0,0.0,0.0,298486,0.0
2762,5865.76365542,4316.38493,11444.64,8840.304,0.0,37561.0254146,219607.938,5734.944,370.8,19.2,0.0,0.0,0.0,0.0,293761,0.0
2763,5060.84091287,4316.38493,11444.64,8840.304,0.0,35719.9481571,219607.938,5734.944,370.8,19.2,0.0,0.0,0.0,0.0,291115,0.0
2764,10670.6948778,4316.38493,11444.64,8840.304,0.0,28449.0941922,219607.938,5734.944,370.8,19.2,0.0,0.0,0.0,0.0,289454,0.0
2765,16532.7514786,4316.38493,11444.64,8840.304,0.0,21394.0375914,219607.938,5734.944,370.8,19.2,0.0,0.0,0.0,0.0,288261,0.0
2766,20669.3101122,4316.38493,11444.64,8840.304,0.0,16370.4789578,219607.938,5734.944,370.8,19.2,0.0,0.0,0.0,0.0,287374,0.0
2767,23146.5867324,4316.38493,11444.64,8840.304,88.427732193,13218.7746054,219607.938,5734.944,370.8,19.2,0.0,0.0,0.0,0.0,286788,0.0
2768,21625.6893433,4316.38493,11444.64,8840.304,5474.53114798,9835.56857867,219607.938,5734.944,370.8,19.2,0.0,0.0,0.0,0.0,287270,0.0
2769,16006.0380929,4316.38493,11444.64,8840.304,13799.6589283,8269.09204877,219607.938,5734.944,370.8,19.2,0.0,0.0,0.0,0.0,288409,0.0
2770,10157.1381939,4316.38493,11444.64,8840.304,22045.7245448,7660.9263313,219607.938,5734.944,370.8,19.2,0.0,0.0,0.0,0.0,290198,0.0
2771,6744.19256519,4316.38493,11444.64,8840.304,28676.2213707,6263.37513408,219607.938,5734.944,370.8,19.2,0.0,0.0,0.0,0.0,292018,0.0
2772,5940.29330962,4316.38493,11444.64,8840.304,32207.1627721,5101.33298827,219607.938,5734.944,370.8,19.2,0.0,0.0,0.0,0.0,293583,0.0
2773,4622.31,4316.38493,11444.64,8840.304,34393.3081956,5338.72902888,218831.179846,5734.944,252.0,19.2,0.0,0.0,0.0,0.0,293793,0.0
2774,4622.31,4316.38493,11444.64,8840.304,33255.872488,5990.99789379,218986.938,5734.944,338.40868819,19.2,0.0,0.0,0.0,0.0,293550,0.0
2775,5795.33591578,4316.38493,11444.64,8840.304,28993.7322441,7140.72091015,219607.938,5734.944,370.8,19.2,0.0,0.0,0.0,0.0,292264,0.0
2776,6194.61000737,4316.38493,11444.64,8840.304,24057.0695143,9963.10954832,219607.938,5734.944,370.8,19.2,0.0,0.0,0.0,0.0,290549,0.0
2777,9114.98866701,4316.38493,11444.64,8840.304,15949.2132405,14745.5871625,219607.938,5734.944,370.8,19.2,0.0,0.0,0.0,0.0,290144,0.0
2778,14333.6453035,4316.38493,11444.64,8840.304,7226.89139909,21398.2523674,219607.938,5734.944,370.8,19.2,0.0,0.0,0.0,0.0,293293,0.0
2779,17228.5768885,4316.38493,11444.64,8840.304,888.830894748,28048.3812867,219607.938,5734.944,370.8,19.2,0.0,0.0,0.0,0.0,296500,0.0
2780,14369.8514669,4316.38493,11444.64,8840.304,0.0,34995.9376031,219607.938,5734.944,370.8,19.2,0.0,0.0,0.0,0.0,299700,0.0
2781,12076.6640545,4316.38493,11444.64,8840.304,0.0,40774.1250155,219607.938,5734.944,370.8,19.2,0.0,0.0,0.0,0.0,303185,0.0
2782,14860.0502548,4316.38493,11444.64,8840.304,0.0,39551.7388152,219607.938,5734.944,370.8,19.2,0.0,0.0,0.0,0.0,304746,0.0
2783,15821.8812011,4316.38493,11444.64,8840.304,0.0,35485.4872997,219607.938,5734.944,399.220569208,19.2,0.0,0.0,0.0,0.0,301670,0.0
2784,15159.7412332,4316.38493,11444.64,8840.304,0.0,32126.0478368,219607.938,5734.944,370.8,19.2,0.0,0.0,0.0,0.0,297620,0.0
2785,17035.3592739,4403.00135,11444.64,9376.08,0.0,28792.0915281,216012.438,5734.944,527.245847956,19.2,0.0,0.0,0.0,0.0,293345,0.0
2786,15959.9622886,4403.00135,11444.64,9376.08,0.0,25904.8233614,216012.438,5734.944,484.911,19.2,0.0,0.0,0.0,0.0,289340,0.0
2787,16145.0590188,4403.00135,11444.64,9376.08,0.0,22993.7266312,216012.438,5734.944,484.911,19.2,0.0,0.0,0.0,0.0,286614,0.0
2788,17514.9004522,4403.00135,11444.64,9376.08,0.0,20467.3851978,216012.438,5734.944,570.411,19.2,0.0,0.0,0.0,0.0,285543,0.0
2789,17836.0934243,4403.00135,11444.64,9376.08,0.0,18471.6922257,216012.438,5734.944,484.911,19.2,0.0,0.0,0.0,0.0,283783,0.0
2790,18663.3799427,4403.00135,11444.64,9376.08,0.0,15855.4057073,216012.438,5734.944,484.911,19.2,0.0,0.0,0.0,0.0,281994,0.0
2791,19165.9850136,4403.00135,11444.64,9376.08,101.675283358,13612.125353,216012.438,5734.944,484.911,19.2,0.0,0.0,0.0,0.0,280355,0.0
2792,15032.778507,4403.00135,11444.64,9376.08,5999.75547178,10605.2516712,216012.438,5734.944,484.911,19.2,0.0,0.0,0.0,0.0,279113,0.0
2793,8273.59849789,4403.00135,11444.64,9376.08,13841.949525,8814.23762711,216012.438,5734.944,484.911,19.2,0.0,0.0,0.0,0.0,278405,0.0
2794,4769.05,4403.00135,11444.64,9376.08,21914.2858331,6433.97955715,215596.31926,5541.444,252.0,19.2,0.0,0.0,0.0,0.0,279750,0.0
2795,4769.05,4403.00135,11444.64,9376.08,28230.1205472,4934.87854144,212672.615561,5143.014,176.4,19.2,0.0,0.0,0.0,0.0,281169,0.0
2796,4769.05,4403.00135,11444.64,9376.08,32555.13193,5083.45349066,210066.225229,4852.818,176.4,19.2,0.0,0.0,0.0,0.0,282746,0.0
2797,4769.05,4403.00135,11444.64,9376.08,34203.9316049,6094.58770062,208745.291344,4852.818,176.4,19.2,0.0,0.0,0.0,0.0,284085,0.0
2798,4769.05,4403.00135,11444.64,9376.08,33903.7377187,7510.65479179,208404.9585,4775.27763946,176.4,19.2,0.0,0.0,0.0,0.0,284783,0.0
2799,4769.05,4403.00135,11444.64,9376.08,30398.3150627,9639.18370322,208512.9585,4641.17138404,176.4,19.2,0.0,0.0,0.0,0.0,283380,0.0
2800,4769.05,4403.00135,11444.64,9376.08,24380.5269399,12654.3118377,208765.971872,4852.818,176.4,19.2,0.0,0.0,0.0,0.0,280842,0.0
2801,4769.05,4403.00135,11444.64,9376.08,16197.5245482,17052.1639544,211691.126147,4946.814,176.4,19.2,0.0,0.0,0.0,0.0,280076,0.0
2802,6131.36504346,4403.00135,11444.64,9376.08,7070.00610862,22580.4144979,216012.438,5734.944,484.911,19.2,0.0,0.0,0.0,0.0,283257,0.0
2803,9649.89181919,4403.00135,11444.64,9376.08,872.327150554,28503.5666803,216012.438,5734.944,484.911,19.2,0.0,0.0,0.0,0.0,286501,0.0
2804,9119.31612045,4403.00135,11444.64,9376.08,0.0,34432.4695295,216012.438,5734.944,484.911,19.2,0.0,0.0,0.0,0.0,291027,0.0
2805,11346.0208067,4403.00135,11444.64,9376.08,0.0,38149.7648433,216012.438,5734.944,484.911,19.2,0.0,0.0,0.0,0.0,296971,0.0
2806,15632.6253025,4403.00135,11444.64,9376.08,0.0,37136.1603475,216012.438,5734.944,484.911,19.2,0.0,0.0,0.0,0.0,300244,0.0
2807,16028.5192044,4403.00135,11444.64,9376.08,0.0,34150.2664456,216012.438,5734.944,484.911,19.2,0.0,0.0,0.0,0.0,297654,0.0
2808,16330.3050842,4403.00135,11444.64,9376.08,0.0,30933.4805658,216012.438,5734.944,484.911,19.2,0.0,0.0,0.0,0.0,294739,0.0
2809,12535.0883257,4504.05384,11444.64,10001.152,0.0,28459.1838343,217645.938,5734.944,370.8,19.2,0.0,0.0,0.0,0.0,290715,0.0
2810,9305.57373218,4504.05384,11444.64,10001.152,0.0,26906.0984278,217613.538,5734.944,370.8,19.2,0.0,0.0,0.0,0.0,285900,0.0
2811,6667.79683075,4504.05384,11444.64,10001.152,0.0,26137.4753292,217645.938,5734.944,370.8,19.2,0.0,0.0,0.0,0.0,282526,0.0
2812,6787.40923458,4504.05384,11444.64,10001.152,0.0,25072.8629254,217645.938,5734.944,370.8,19.2,0.0,0.0,0.0,0.0,281581,0.0
2813,6861.51282885,4504.05384,11444.64,10001.152,0.0,23994.2824018,217626.414929,5734.944,370.8,19.2,0.0,0.0,0.0,0.0,280557,0.0
2814,6898.79058881,4504.05384,11444.64,10001.152,0.0,23353.4815712,217645.938,5734.944,370.8,19.2,0.0,0.0,0.0,0.0,279973,0.0
2815,8059.76133337,4504.05384,11444.64,10001.152,161.357964062,22796.1528626,217645.938,5734.944,370.8,19.2,0.0,0.0,0.0,0.0,280738,0.0
2816,5753.39948061,4504.05384,11444.64,10001.152,6044.48107333,21199.3916061,217645.938,5734.944,370.8,19.2,0.0,0.0,0.0,0.0,282718,0.0
2817,4695.68,4504.05384,11444.64,10001.152,14063.8911533,19781.9647227,215820.738,5181.68028399,252.0,19.2,0.0,0.0,0.0,0.0,285765,0.0
2818,4695.68,4504.05384,11444.64,10001.152,21896.5971323,18317.5313084,214769.731719,5143.014,176.4,19.2,0.0,0.0,0.0,0.0,290968,0.0
2819,4695.68,4504.05384,11444.64,10001.152,27951.3899964,16798.640006,214955.830158,5143.014,176.4,19.2,0.0,0.0,0.0,0.0,295690,0.0
2820,4695.68,4504.05384,11444.64,10001.152,32059.5389718,14603.2730774,215682.898111,5250.564,252.0,19.2,0.0,0.0,0.0,0.0,298513,0.0
2821,4695.68,4504.05384,11444.64,10001.152,33127.2645834,13452.2372686,217341.828308,5734.944,252.0,19.2,0.0,0.0,0.0,0.0,300573,0.0
2822,6728.1849101,4504.05384,11444.64,10001.152,32809.9364498,13010.1508001,217645.938,5734.944,370.8,19.2,0.0,0.0,0.0,0.0,302269,0.0
2823,8713.84938912,4504.05384,11444.64,10001.152,30015.4628718,13900.959899,217645.938,5734.944,370.8,19.2,0.0,0.0,0.0,0.0,302351,0.0
2824,8713.71195719,4504.05384,11444.64,10001.152,24409.9915455,16370.5686573,217645.938,5734.944,370.8,19.2,0.0,0.0,0.0,0.0,299215,0.0
2825,12154.9552698,4504.05384,11444.64,10001.152,16737.1985138,20471.1183764,217645.938,5734.944,370.8,19.2,0.0,0.0,0.0,0.0,299084,0.0
2826,18705.5827337,4504.05384,11444.64,10001.152,7425.8719431,26232.8174832,217645.938,5734.944,370.8,19.2,0.0,0.0,0.0,0.0,302085,0.0
2827,20572.7434884,4504.05384,11444.64,10001.152,869.400738684,33611.1279329,217645.938,5734.944,370.8,19.2,0.0,0.0,0.0,0.0,304774,0.0
2828,16952.6698139,4504.05384,11444.64,10001.152,0.0,41327.6023461,217645.938,5734.944,370.8,19.2,0.0,0.0,0.0,0.0,308001,0.0
2829,19626.2701827,4504.05384,11444.64,10001.152,0.0,44483.0019773,217645.938,5734.944,370.8,19.2,0.0,0.0,0.0,0.0,313830,0.0
2830,24400.6437314,4504.05384,11444.64,10001.152,0.0,42099.0284286,217613.538,5734.944,370.8,19.2,0.0,0.0,0.0,0.0,316188,0.0
2831,24434.4769736,4504.05384,11444.64,10001.152,0.0,39067.7951864,217645.938,5734.944,370.8,19.2,0.0,0.0,0.0,0.0,313223,0.0
2832,20666.7389951,4504.05384,11444.64,10001.152,0.0,38128.5331649,217645.938,5734.944,370.8,19.2,0.0,0.0,0.0,0.0,308516,0.0
2833,14566.5190119,4677.28668,11444.64,10514.604,0.0,38365.4683081,217739.538,5734.944,370.8,19.2,0.0,0.0,0.0,0.0,303433,0.0
2834,8337.3129831,4677.28668,11444.64,10514.604,0.0,39914.6743369,217739.538,5734.944,370.8,19.2,0.0,0.0,0.0,0.0,298753,0.0
2835,4512.255,4677.28668,11444.64,10514.604,0.0,40645.0183547,217060.551965,5541.444,252.0,19.2,0.0,0.0,0.0,0.0,294667,0.0
2836,4512.255,4677.28668,11444.64,10514.604,0.0,38576.625099,216831.945221,5541.444,252.0,19.2,0.0,0.0,0.0,0.0,292370,0.0
2837,6068.75164637,4677.28668,11444.64,10514.604,0.0,34442.2356736,217739.538,5734.944,370.8,19.2,0.0,0.0,0.0,0.0,291012,0.0
2838,9902.81927045,4677.28668,11444.64,10514.604,0.0,30063.1680495,217739.538,5734.944,370.8,19.2,0.0,0.0,0.0,0.0,290467,0.0
2839,14134.4131515,4677.28668,11444.64,10514.604,227.428626042,25908.1455424,217739.538,5734.944,370.8,19.2,0.0,0.0,0.0,0.0,290771,0.0
2840,16127.892405,4677.28668,11444.64,10514.604,6199.61455357,20124.4803614,217739.538,5734.944,370.8,19.2,0.0,0.0,0.0,0.0,292953,0.0
2841,15162.5691745,4677.28668,11444.64,10514.604,14501.8311327,15784.5870128,217739.538,5734.944,370.8,19.2,0.0,0.0,0.0,0.0,295950,0.0
2842,13689.0489355,4677.28668,11444.64,10514.604,22628.097803,12967.1147465,217812.263835,5734.944,370.8,19.2,0.0,0.0,0.0,0.0,299858,0.0
2843,11979.9408079,4677.28668,11444.64,10514.604,28974.1109889,11137.5355232,217825.938,5734.944,370.8,19.2,0.0,0.0,0.0,0.0,302679,0.0
2844,10602.8927491,4677.28668,11444.64,10514.604,33041.1536837,9851.54088719,217825.938,5734.944,370.8,19.2,0.0,0.0,0.0,0.0,304083,0.0
2845,9073.64657938,4677.28668,11444.64,10514.604,34718.3603691,9714.58037147,217825.938,5734.944,370.8,19.2,0.0,0.0,0.0,0.0,304094,0.0
2846,7854.75013141,4677.28668,11444.64,10514.604,33777.1135595,11747.7236291,217825.938,5734.944,370.8,19.2,0.0,0.0,0.0,0.0,303967,0.0
2847,6004.21094175,4677.28668,11444.64,10514.604,29914.8933175,15409.4830607,217825.938,5734.944,370.8,19.2,0.0,0.0,0.0,0.0,301916,0.0
2848,4512.255,4677.28668,11444.64,10514.604,24492.0127485,21140.1383454,216477.419226,5541.444,252.0,19.2,0.0,0.0,0.0,0.0,299071,0.0
2849,4512.255,4677.28668,11444.64,10514.604,16087.6014164,27358.5830368,217744.085867,5734.944,370.8,19.2,0.0,0.0,0.0,0.0,298464,0.0
2850,8368.7507747,4677.28668,11444.64,10514.604,7191.59911243,34746.2374329,217825.938,5734.944,370.8,19.2,0.0,0.0,0.0,0.0,300894,0.0
2851,10937.4085855,4677.28668,11444.64,10514.604,685.173101043,40998.0056334,217825.938,5734.944,370.8,19.2,0.0,0.0,0.0,0.0,303208,0.0
2852,11459.3660667,4677.28668,11444.64,10514.604,0.0,44714.2212533,217825.938,5734.944,370.8,19.2,0.0,0.0,0.0,0.0,306761,0.0
2853,15328.4715926,4677.28668,11444.64,10514.604,0.0,45260.1157274,217825.938,5734.944,370.8,19.2,0.0,0.0,0.0,0.0,311176,0.0
2854,20145.8756803,4677.28668,11444.64,10514.604,0.0,42044.7116397,217825.938,5734.944,370.8,19.2,0.0,0.0,0.0,0.0,312778,0.0
2855,21577.1030798,4677.28668,11444.64,10514.604,0.0,37591.4842402,217825.938,5734.944,370.8,19.2,0.0,0.0,0.0,0.0,309756,0.0
2856,18646.7962324,4677.28668,11444.64,10514.604,0.0,35871.7910876,217771.938,5734.944,370.8,19.2,0.0,0.0,0.0,0.0,305052,0.0
2857,18938.0589045,4821.64738,11444.64,11072.704,0.0,36181.2677155,211876.938,5189.544,252.0,19.2,0.0,0.0,0.0,0.0,299796,0.0
2858,14076.1745033,4821.64738,11444.64,11072.704,0.0,36373.1521167,211876.938,5189.544,252.0,19.2,0.0,0.0,0.0,0.0,295126,0.0
2859,12921.3075116,4821.64738,11444.64,11072.704,0.0,34995.0191084,211876.938,5189.544,252.0,19.2,0.0,0.0,0.0,0.0,292593,0.0
2860,15567.4149551,4821.64738,11444.64,11072.704,0.0,30566.9116649,211876.938,5189.544,252.0,19.2,0.0,0.0,0.0,0.0,290811,0.0
2861,19449.1583234,4821.64738,11444.64,11072.704,0.0,25427.1682966,211876.938,5189.544,252.0,19.2,0.0,0.0,0.0,0.0,289553,0.0
2862,22443.0424493,4821.64738,11444.64,11072.704,0.0,22061.2841707,211876.938,5189.544,252.0,19.2,0.0,0.0,0.0,0.0,289181,0.0
2863,24875.7381773,4821.64738,11444.64,11072.704,264.710816725,19309.877626,211876.938,5189.544,252.0,19.2,0.0,0.0,0.0,0.0,289127,0.0
2864,22827.4953514,4821.64738,11444.64,11072.704,5868.97880139,15652.8524672,211876.938,5189.544,252.0,19.2,0.0,0.0,0.0,0.0,289026,0.0
2865,17670.839836,4821.64738,11444.64,11072.704,14117.3856108,13137.1011731,211876.938,5189.544,252.0,19.2,0.0,0.0,0.0,0.0,289602,0.0
2866,11613.5164782,4821.64738,11444.64,11072.704,22288.3259906,12634.4841512,211876.938,5189.544,252.0,19.2,0.0,0.0,0.0,0.0,291213,0.0
2867,5203.88858501,4821.64738,11444.64,11072.704,29306.0824506,13226.1512632,211876.938,5193.74832122,252.0,19.2,0.0,0.0,0.0,0.0,292417,0.0
2868,4365.515,4821.64738,11444.64,11072.704,33519.7105765,16375.8366272,206162.748416,4595.598,176.4,19.2,0.0,0.0,0.0,0.0,292554,0.0
2869,4365.515,4821.64738,11444.64,11072.704,35524.7644371,21281.0925382,200640.184645,2737.152,8.1,19.2,0.0,0.0,0.0,0.0,291915,0.0
2870,4365.515,4821.64738,11444.64,11072.704,34589.8545615,25859.0273236,196030.159735,2737.152,8.1,19.2,0.0,0.0,0.0,0.0,290948,0.0
2871,4365.515,4821.64738,11444.64,11072.704,31401.2223142,29498.6173823,193444.201923,2737.152,8.1,19.2,0.0,0.0,0.0,0.0,288813,0.0
2872,4365.515,4821.64738,11444.64,11072.704,25703.5779496,32068.7898647,192709.673806,2737.152,8.1,19.2,0.0,0.0,0.0,0.0,284951,0.0
2873,4365.515,4821.64738,11444.64,11072.704,17670.500792,34230.1056884,197434.43514,2737.152,8.1,19.2,0.0,0.0,0.0,0.0,283804,0.0
2874,4365.515,4821.64738,11444.64,11072.704,7672.47964718,36933.9046057,206139.911367,4595.598,176.4,19.2,0.0,0.0,0.0,0.0,287242,0.0
2875,4365.515,4821.64738,11444.64,11072.704,936.356065098,41219.0455676,210999.438,4885.794,244.659987265,19.2,0.0,0.0,0.0,0.0,290009,0.0
2876,4365.515,4821.64738,11444.64,11072.704,0.0,45783.2471318,211477.252488,4885.794,252.0,19.2,0.0,0.0,0.0,0.0,294122,0.0
2877,6612.22897263,4821.64738,11444.64,11072.704,0.0,48819.1376474,211876.938,5220.504,252.0,19.2,0.0,0.0,0.0,0.0,300139,0.0
2878,11454.3557291,4821.64738,11444.64,11072.704,0.0,47397.0108909,211876.938,5220.504,252.0,19.2,0.0,0.0,0.0,0.0,303559,0.0
2879,12546.0074393,4821.64738,11444.64,11072.704,0.0,44028.3591807,211876.938,5220.504,252.0,19.2,0.0,0.0,0.0,0.0,301282,0.0
2880,12528.6975838,4821.64738,11444.64,11072.704,0.0,41643.6690362,211876.938,5220.504,252.0,19.2,0.0,0.0,0.0,0.0,298880,0.0
2881,19175.2422207,4922.69987,11444.64,11876.368,0.0,40810.1279093,202735.638,4551.084,252.0,19.2,0.0,0.0,0.0,0.0,295787,0.0
2882,15966.1651805,4922.69987,11444.64,11876.368,0.0,39999.8049495,202735.638,4551.084,176.4,19.2,0.0,0.0,0.0,0.0,291692,0.0
2883,14426.7672091,4922.69987,11444.64,11876.368,0.0,38852.2029209,202735.638,4551.084,176.4,19.2,0.0,0.0,0.0,0.0,289005,0.0
2884,15165.3547221,4922.69987,11444.64,11876.368,0.0,37125.6154079,202735.638,4551.084,176.4,19.2,0.0,0.0,0.0,0.0,288017,0.0
2885,15655.2893414,4922.69987,11444.64,11876.368,0.0,34893.6807886,202735.638,4551.084,176.4,19.2,0.0,0.0,0.0,0.0,286275,0.0
2886,17048.433518,4922.69987,11444.64,11876.368,0.0,32060.536612,202735.638,4551.084,176.4,19.2,0.0,0.0,0.0,0.0,284835,0.0
2887,17538.8597381,4922.69987,11444.64,11876.368,321.679915671,29377.4304763,202735.638,4551.084,176.4,19.2,0.0,0.0,0.0,0.0,282964,0.0
2888,14056.3212213,4922.69987,11444.64,11876.368,6020.14870546,25233.9002033,202735.638,4551.084,252.0,19.2,0.0,0.0,0.0,0.0,281112,0.0
2889,5959.77857375,4922.69987,11444.64,11876.368,14194.7797562,24116.8118,202735.638,4551.084,252.0,19.2,0.0,0.0,0.0,0.0,280073,0.0
2890,4255.46,4922.69987,11444.64,11876.368,22999.0705275,21438.7241356,199594.549467,4260.888,176.4,19.2,0.0,0.0,0.0,0.0,280988,0.0
2891,4255.46,4922.69987,11444.64,11876.368,29500.6457298,18123.0389222,198980.720478,2917.827,176.4,19.2,0.0,0.0,0.0,0.0,282217,0.0
2892,4255.46,4922.69987,11444.64,11876.368,33579.3609971,16787.4565702,198434.587563,2845.827,176.4,19.2,0.0,0.0,0.0,0.0,284342,0.0
2893,4255.46,4922.69987,11444.64,11876.368,35148.1191507,17169.1569844,197833.128995,2845.827,176.4,19.2,0.0,0.0,0.0,0.0,285691,0.0
2894,4255.46,4922.69987,11444.64,11876.368,34714.2318124,19095.4785536,196599.694764,2845.827,176.4,19.2,0.0,0.0,0.0,0.0,285950,0.0
2895,4255.46,4922.69987,11444.64,11876.368,31570.9404369,21694.5241708,195248.125522,2559.942,8.1,19.2,0.0,0.0,0.0,0.0,283600,0.0
2896,4255.46,4922.69987,11444.64,11876.368,25480.5877433,24329.9926793,195408.2835,2684.66820746,8.1,19.2,0.0,0.0,0.0,0.0,280430,0.0
2897,4255.46,4922.69987,11444.64,11876.368,17126.7950795,26574.8542246,198943.755826,2845.827,176.4,19.2,0.0,0.0,0.0,0.0,278186,0.0
2898,7299.01323769,4922.69987,11444.64,11876.368,7549.46470051,28236.0890118,202735.638,4551.084,186.803179951,19.2,0.0,0.0,0.0,0.0,278821,0.0
2899,13172.4844323,4922.69987,11444.64,11876.368,861.176688689,30035.309009,202735.638,4551.084,176.4,19.2,0.0,0.0,0.0,0.0,279795,0.0
2900,13830.2123966,4922.69987,11444.64,11876.368,0.0,33261.7577334,202735.638,4551.084,176.4,19.2,0.0,0.0,0.0,0.0,282818,0.0
2901,15865.6106609,4922.69987,11444.64,11876.368,0.0,36678.3594691,202735.638,4551.084,176.4,19.2,0.0,0.0,0.0,0.0,288270,0.0
2902,18010.740627,4922.69987,11444.64,11876.368,0.0,38436.229503,202735.638,4551.084,176.4,19.2,0.0,0.0,0.0,0.0,292173,0.0
2903,16152.5955523,4922.69987,11444.64,11876.368,0.0,39034.3745777,202735.638,4551.084,176.4,19.2,0.0,0.0,0.0,0.0,290913,0.0
2904,14651.0111684,4922.69987,11444.64,11876.368,0.0,39141.9589616,202735.638,4551.084,176.4,19.2,0.0,0.0,0.0,0.0,289519,0.0
2905,20838.8950228,5081.49664,11444.64,12680.032,0.0,39320.8713372,193345.173,3970.692,252.0,19.2,0.0,0.0,0.0,0.0,286953,0.0
2906,18341.8140536,5081.49664,11444.64,12680.032,0.0,38033.9523064,193345.173,3970.692,252.0,19.2,0.0,0.0,0.0,0.0,283169,0.0
2907,17142.7787163,5081.49664,11444.64,12680.032,0.0,36350.9876437,193345.173,3970.692,252.0,19.2,0.0,0.0,0.0,0.0,280287,0.0
2908,19201.1337645,5081.49664,11444.64,12680.032,0.0,33111.2325955,193345.173,3970.692,176.4,19.2,0.0,0.0,0.0,0.0,279030,0.0
2909,21012.3639256,5081.49664,11444.64,12680.032,0.0,29734.0024344,193345.173,3970.692,176.4,19.2,0.0,0.0,0.0,0.0,277464,0.0
2910,23042.6719111,5081.49664,11444.64,12680.032,0.0,26815.0944489,193345.173,3970.692,252.0,19.2,0.0,0.0,0.0,0.0,276651,0.0
2911,24141.371941,5081.49664,11444.64,12680.032,349.928225364,24816.4661936,193345.173,3970.692,252.0,19.2,0.0,0.0,0.0,0.0,276101,0.0
2912,20680.1353561,5081.49664,11444.64,12680.032,6163.77082287,22827.860181,193345.173,3970.692,252.0,19.2,0.0,0.0,0.0,0.0,276465,0.0
2913,13314.7175738,5081.49664,11444.64,12680.032,14312.2899962,22915.0289819,193345.173,3970.692,233.729808038,19.2,0.0,0.0,0.0,0.0,277317,0.0
2914,8843.29602526,5081.49664,11444.64,12680.032,22812.7835088,21300.686826,193345.173,3970.692,252.0,19.2,0.0,0.0,0.0,0.0,279750,0.0
2915,5277.40103499,5081.49664,11444.64,12680.032,29378.3805876,20442.9847374,193345.173,3970.692,252.0,19.2,0.0,0.0,0.0,0.0,281892,0.0
2916,4292.145,5081.49664,11444.64,12680.032,33606.4821982,21734.7496405,192531.730521,3215.124,176.4,19.2,0.0,0.0,0.0,0.0,284782,0.0
2917,4292.145,5081.49664,11444.64,12680.032,35419.7416933,25058.6660068,191140.04766,2555.631,176.4,19.2,0.0,0.0,0.0,0.0,287868,0.0
2918,4292.145,5081.49664,11444.64,12680.032,34976.6246743,28995.384664,189514.691022,2485.386,176.4,19.2,0.0,0.0,0.0,0.0,289666,0.0
2919,4292.145,5081.49664,11444.64,12680.032,31606.0423676,32891.5569533,189027.341039,2434.446,8.1,19.2,0.0,0.0,0.0,0.0,289485,0.0
2920,4292.145,5081.49664,11444.64,12680.032,25777.5736599,38835.2491181,187062.317582,2112.246,8.1,19.2,0.0,0.0,0.0,0.0,287313,0.0
2921,4292.145,5081.49664,11444.64,12680.032,16638.0033361,45922.4674345,186582.669589,2112.246,8.1,19.2,0.0,0.0,0.0,0.0,284781,0.0
2922,4292.145,5081.49664,11444.64,12680.032,7473.36154611,51328.4387784,190265.655036,2555.631,176.4,19.2,0.0,0.0,0.0,0.0,285317,0.0
2923,4292.145,5081.49664,11444.64,12680.032,894.525568432,54651.8553474,192591.873,3400.83244413,176.4,19.2,0.0,0.0,0.0,0.0,285233,0.0
2924,4292.145,5081.49664,11444.64,12680.032,0.0,56416.1134449,192483.873,3065.09991514,176.4,19.2,0.0,0.0,0.0,0.0,285659,0.0
2925,5960.44479886,5081.49664,11444.64,12680.032,0.0,56867.3215611,193345.173,3970.692,252.0,19.2,0.0,0.0,0.0,0.0,289621,0.0
2926,11211.9277203,5081.49664,11444.64,12680.032,0.0,55543.8386397,193345.173,3970.692,252.0,19.2,0.0,0.0,0.0,0.0,293549,0.0
2927,11109.5106029,5081.49664,11444.64,12680.032,0.0,53619.8557571,193345.173,3970.692,176.4,19.2,0.0,0.0,0.0,0.0,291447,0.0
2928,9269.79235287,5081.49664,11444.64,12680.032,0.0,52964.9740071,193345.173,3970.692,252.0,19.2,0.0,0.0,0.0,0.0,289028,0.0
2929,4035.35,5225.85734,11444.64,13483.696,0.0,54221.4854119,193565.673,3875.69824812,176.4,19.2,0.0,0.0,0.0,0.0,286048,0.0
2930,4035.35,5225.85734,11444.64,13483.696,0.0,55606.0115837,189074.358,2225.78707628,8.1,19.2,0.0,0.0,0.0,0.0,281123,0.0
2931,4035.35,5225.85734,11444.64,13483.696,0.0,56846.0059832,183030.408677,2174.742,8.1,19.2,0.0,0.0,0.0,0.0,276268,0.0
2932,4035.35,5225.85734,11444.64,13483.696,0.0,49745.9073404,187155.50732,2174.742,8.1,19.2,0.0,0.0,0.0,0.0,273293,0.0
2933,4035.35,5225.85734,11444.64,13483.696,0.0,39944.5232659,193295.673,2718.66039405,176.4,19.2,0.0,0.0,0.0,0.0,270344,0.0
2934,7684.62363275,5225.85734,11444.64,13483.696,0.0,31743.5260272,194659.173,4066.884,176.4,19.2,0.0,0.0,0.0,0.0,268504,0.0
2935,14201.4109741,5225.85734,11444.64,13483.696,401.503781124,24238.2349048,194659.173,4066.884,176.4,19.2,0.0,0.0,0.0,0.0,267917,0.0
2936,16026.3301712,5225.85734,11444.64,13483.696,6165.38189845,17255.4375903,194659.173,4066.884,176.4,19.2,0.0,0.0,0.0,0.0,268523,0.0
2937,13738.8264742,5225.85734,11444.64,13483.696,14408.9349811,13463.3882047,194659.173,4066.884,176.4,19.2,0.0,0.0,0.0,0.0,270687,0.0
2938,12397.6833464,5225.85734,11444.64,13483.696,22591.4072519,10537.0590617,194659.173,4066.884,176.4,19.2,0.0,0.0,0.0,0.0,274602,0.0
2939,12122.2022956,5225.85734,11444.64,13483.696,29124.1072878,8211.84007661,194659.173,4066.884,176.4,19.2,0.0,0.0,0.0,0.0,278534,0.0
2940,11602.7935666,5225.85734,11444.64,13483.696,33241.3575653,7998.97179555,194659.173,4082.91073255,176.4,19.2,0.0,0.0,0.0,0.0,281935,0.0
2941,11753.2918192,5225.85734,11444.64,13483.696,34465.9337363,9796.12410453,194659.173,4095.684,176.4,19.2,0.0,0.0,0.0,0.0,285120,0.0
2942,11066.5986835,5225.85734,11444.64,13483.696,33358.3208328,12810.4301437,194659.173,4095.684,176.4,19.2,0.0,0.0,0.0,0.0,286340,0.0
2943,8482.72504036,5225.85734,11444.64,13483.696,29650.8117472,17607.8128725,194659.173,4095.684,176.4,19.2,0.0,0.0,0.0,0.0,284846,0.0
2944,7986.94149706,5225.85734,11444.64,13483.696,21899.0825128,23514.3256501,194659.173,4095.684,176.4,19.2,0.0,0.0,0.0,0.0,282505,0.0
2945,7366.90402531,5225.85734,11444.64,13483.696,14130.8310721,30427.6145626,194659.173,4095.684,176.4,19.2,0.0,0.0,0.0,0.0,281030,0.0
2946,10731.6430031,5225.85734,11444.64,13483.696,5467.34343032,37122.3632265,194659.173,4095.684,176.4,19.2,0.0,0.0,0.0,0.0,282426,0.0
2947,11066.1854048,5225.85734,11444.64,13483.696,631.042585154,43226.9216701,194659.173,4066.884,176.4,19.2,0.0,0.0,0.0,0.0,284000,0.0
2948,12164.9906286,5225.85734,11444.64,13483.696,0.0,46237.3590314,194659.173,4095.684,176.4,19.2,0.0,0.0,0.0,0.0,287507,0.0
2949,16833.8541971,5225.85734,11444.64,13483.696,0.0,45690.4954629,194659.173,4095.684,176.4,19.2,0.0,0.0,0.0,0.0,291629,0.0
2950,21540.9840673,5225.85734,11444.64,13483.696,0.0,42786.3655927,194659.173,4095.684,176.4,19.2,0.0,0.0,0.0,0.0,293432,0.0
2951,21554.081067,5225.85734,11444.64,13483.696,0.0,39014.268593,194659.173,4095.684,176.4,19.2,0.0,0.0,0.0,0.0,289673,0.0
2952,19518.7399058,5225.85734,11444.64,13483.696,0.0,37082.6097542,194659.173,4095.684,176.4,19.2,0.0,0.0,0.0,0.0,285706,0.0
2953,14802.362844,5399.09018,11444.64,14242.712,0.0,35629.337976,195424.173,4452.084,176.4,19.2,0.0,0.0,0.0,0.0,281590,0.0
2954,12019.0742373,5399.09018,11444.64,14242.712,0.0,34702.6265827,195424.173,4452.084,176.4,19.2,0.0,0.0,0.0,0.0,277880,0.0
2955,10643.9683278,5399.09018,11444.64,14242.712,0.0,33373.7324922,195424.173,4452.084,176.4,19.2,0.0,0.0,0.0,0.0,275176,0.0
2956,14087.2872028,5399.09018,11444.64,14242.712,0.0,29073.4136172,195424.173,4452.084,176.4,19.2,0.0,0.0,0.0,0.0,274319,0.0
2957,18841.1748557,5399.09018,11444.64,14242.712,0.0,23424.5259643,195424.173,4452.084,176.4,19.2,0.0,0.0,0.0,0.0,273424,0.0
2958,22378.2965654,5399.09018,11444.64,14242.712,0.0,19060.4042546,195424.173,4452.084,176.4,19.2,0.0,0.0,0.0,0.0,272597,0.0
2959,24571.9094228,5399.09018,11444.64,14242.712,426.572844061,15463.2185531,195424.173,4452.084,176.4,19.2,0.0,0.0,0.0,0.0,271620,0.0
2960,20670.8388373,5399.09018,11444.64,14242.712,5641.22297794,13150.576296,195424.173,4484.14670878,176.4,19.2,0.0,0.0,0.0,0.0,270653,0.0
2961,11838.1138852,5399.09018,11444.64,14242.712,14341.6408288,12258.196106,195424.173,4485.834,176.4,19.2,0.0,0.0,0.0,0.0,269630,0.0
2962,4255.46,5399.09018,11444.64,14242.712,22762.2730049,12697.6372896,195132.699526,4260.888,176.4,19.2,0.0,0.0,0.0,0.0,270391,0.0
2963,4255.46,5399.09018,11444.64,14242.712,29064.8637819,13281.8771441,191108.174894,2775.582,176.4,19.2,0.0,0.0,0.0,0.0,271768,0.0
2964,4255.46,5399.09018,11444.64,14242.712,33564.1978706,13821.4936541,188659.664295,2402.442,8.1,19.2,0.0,0.0,0.0,0.0,273817,0.0
2965,4255.46,5399.09018,11444.64,14242.712,35019.3551139,15079.4851504,187567.515556,2402.442,8.1,19.2,0.0,0.0,0.0,0.0,275438,0.0
2966,4255.46,5399.09018,11444.64,14242.712,34166.9049646,17386.7952382,187218.655617,2402.442,8.1,19.2,0.0,0.0,0.0,0.0,276544,0.0
2967,4255.46,5399.09018,11444.64,14242.712,31243.6021326,20940.2518899,185310.501798,2402.442,8.1,19.2,0.0,0.0,0.0,0.0,275266,0.0
2968,4255.46,5399.09018,11444.64,14242.712,24642.1970624,25026.8601889,184519.298569,2402.442,8.1,19.2,0.0,0.0,0.0,0.0,271960,0.0
2969,4255.46,5399.09018,11444.64,14242.712,17747.7646404,30693.0083428,181582.582837,2402.442,8.1,19.2,0.0,0.0,0.0,0.0,267795,0.0
2970,4255.46,5399.09018,11444.64,14242.712,7448.03664697,37148.5723764,186502.746797,2402.442,8.1,19.2,0.0,0.0,0.0,0.0,268871,0.0
2971,4255.46,5399.09018,11444.64,14242.712,866.786996792,42877.9395683,188497.629255,2402.442,8.1,19.2,0.0,0.0,0.0,0.0,270014,0.0
2972,4255.46,5399.09018,11444.64,14242.712,0.0,46532.6151406,187909.740679,2402.442,8.1,19.2,0.0,0.0,0.0,0.0,272214,0.0
2973,4255.46,5399.09018,11444.64,14242.712,0.0,45338.0732809,192140.597539,2845.827,176.4,19.2,0.0,0.0,0.0,0.0,275862,0.0
2974,5455.3805029,5399.09018,11444.64,14242.712,0.0,41856.5703171,195424.173,4485.834,176.4,19.2,0.0,0.0,0.0,0.0,278504,0.0
2975,5751.15664094,5399.09018,11444.64,14242.712,0.0,37776.7941791,195424.173,4485.834,176.4,19.2,0.0,0.0,0.0,0.0,274720,0.0
2976,6181.46597769,5399.09018,11444.64,14242.712,0.0,33609.4848423,195424.173,4485.834,176.4,19.2,0.0,0.0,0.0,0.0,270983,0.0
2977,4108.72,5514.57874,11444.64,14867.784,0.0,29701.0395231,198123.810737,2845.827,176.4,19.2,0.0,0.0,0.0,0.0,266802,0.0
2978,4108.72,5514.57874,11444.64,14867.784,0.0,26756.4091851,196535.686075,2775.582,176.4,19.2,0.0,0.0,0.0,0.0,262199,0.0
2979,4108.72,5514.57874,11444.64,14867.784,0.0,23148.9150426,196920.935217,2845.827,176.4,19.2,0.0,0.0,0.0,0.0,259047,0.0
2980,4108.72,5514.57874,11444.64,14867.784,0.0,18389.7030952,199877.086165,4260.888,176.4,19.2,0.0,0.0,0.0,0.0,258659,0.0
2981,4508.26112936,5514.57874,11444.64,14867.784,0.0,14384.4141306,203104.638,4452.084,176.4,19.2,0.0,0.0,0.0,0.0,258472,0.0
2982,7851.90430435,5514.57874,11444.64,14867.784,0.0,11655.7709556,203104.638,4452.084,176.4,19.2,0.0,0.0,0.0,0.0,259087,0.0
2983,11066.2880203,5514.57874,11444.64,14867.784,546.45128614,9612.93595353,203104.638,4452.084,176.4,19.2,0.0,0.0,0.0,0.0,260805,0.0
2984,9758.91025755,5514.57874,11444.64,14867.784,6283.6106828,8047.15431965,203104.638,4452.084,176.4,19.2,0.0,0.0,0.0,0.0,263669,0.0
2985,4847.95410791,5514.57874,11444.64,14867.784,14422.8366526,8661.88449951,203104.638,4452.084,176.4,19.2,0.0,0.0,0.0,0.0,267512,0.0
2986,4108.72,5514.57874,11444.64,14867.784,22455.8973076,9444.80831627,201281.083636,4260.888,176.4,19.2,0.0,0.0,0.0,0.0,273574,0.0
2987,4108.72,5514.57874,11444.64,14867.784,28377.4386972,8513.73774785,202537.616815,4354.884,176.4,19.2,0.0,0.0,0.0,0.0,279915,0.0
2988,8981.6924257,5514.57874,11444.64,14867.784,30519.0008132,6579.9820211,203104.638,4452.084,176.4,19.2,0.0,0.0,0.0,0.0,285660,0.0
2989,10306.4848796,5514.57874,11444.64,14867.784,33953.9881341,5807.20224626,203104.638,4452.084,176.4,19.2,0.0,0.0,0.0,0.0,289647,0.0
2990,11347.1906729,5514.57874,11444.64,14867.784,33151.0663121,6748.346257,203297.710018,4452.084,176.4,19.2,0.0,0.0,0.0,0.0,291019,0.0
2991,10188.6818951,5514.57874,11444.64,14867.784,29646.08643,9982.90693496,203374.638,4452.084,176.4,19.2,0.0,0.0,0.0,0.0,289667,0.0
2992,7596.04140411,5514.57874,11444.64,14867.784,23349.2080412,15225.4258147,203374.638,4452.084,176.4,19.2,0.0,0.0,0.0,0.0,286020,0.0
2993,4320.81003991,5514.57874,11444.64,14867.784,15769.9834685,22413.8817516,203374.638,4452.084,176.4,19.2,0.0,0.0,0.0,0.0,282354,0.0
2994,6166.07900708,5514.57874,11444.64,14867.784,6900.86622733,29403.7300256,203374.638,4452.084,176.4,19.2,0.0,0.0,0.0,0.0,282320,0.0
2995,8330.53184355,5514.57874,11444.64,14867.784,900.437049965,34338.7063665,203374.638,4452.084,176.4,19.2,0.0,0.0,0.0,0.0,283419,0.0
2996,10334.1264711,5514.57874,11444.64,14867.784,0.0,36360.5487889,203374.638,4452.084,176.4,19.2,0.0,0.0,0.0,0.0,286544,0.0
2997,16653.5118136,5514.57874,11444.64,14867.784,0.0,34604.1634464,203374.638,4452.084,176.4,19.2,0.0,0.0,0.0,0.0,291107,0.0
2998,21299.3901509,5514.57874,11444.64,14867.784,0.0,32899.2851091,203374.638,4452.084,176.4,19.2,0.0,0.0,0.0,0.0,294048,0.0
2999,20950.4655635,5514.57874,11444.64,14867.784,0.0,30893.2096965,203374.638,4452.084,176.4,19.2,0.0,0.0,0.0,0.0,291693,0.0
3000,19145.9053135,5514.57874,11444.64,14867.784,0.0,29312.7699465,203374.638,4452.084,176.4,19.2,0.0,0.0,0.0,0.0,288308,0.0
3001,12933.022525,5658.93944,11444.64,15671.448,0.0,28448.1119978,205587.154037,4551.084,176.4,19.2,0.0,0.0,0.0,0.0,284490,0.0
3002,9009.94882225,5658.93944,11444.64,15671.448,0.0,27934.7017378,205642.638,4551.084,176.4,19.2,0.0,0.0,0.0,0.0,280109,0.0
3003,6483.84107985,5658.93944,11444.64,15671.448,0.0,26966.8094802,205642.638,4551.084,176.4,19.2,0.0,0.0,0.0,0.0,276615,0.0
3004,8210.71545373,5658.93944,11444.64,15671.448,0.0,23783.9351063,205642.638,4551.084,176.4,19.2,0.0,0.0,0.0,0.0,275159,0.0
3005,10588.4197445,5658.93944,11444.64,15671.448,0.0,20499.2308155,205642.638,4551.084,176.4,19.2,0.0,0.0,0.0,0.0,274252,0.0
3006,12735.5154058,5658.93944,11444.64,15671.448,0.0,18030.1351542,205642.638,4551.084,176.4,19.2,0.0,0.0,0.0,0.0,273930,0.0
3007,16309.1410567,5658.93944,11444.64,15671.448,642.638912344,15089.870591,205642.638,4551.084,176.4,19.2,0.0,0.0,0.0,0.0,275206,0.0
3008,15037.1163743,5658.93944,11444.64,15671.448,6223.60692472,13278.927261,205642.638,4551.084,176.4,19.2,0.0,0.0,0.0,0.0,277704,0.0
3009,8940.69473235,5658.93944,11444.64,15671.448,14210.5985331,14565.3572945,205642.638,4551.084,176.4,19.2,0.0,0.0,0.0,0.0,280881,0.0
3010,3961.98,5658.93944,11444.64,15671.448,22096.0543701,17925.2397548,204622.214435,4354.884,176.4,19.2,0.0,0.0,0.0,0.0,285931,0.0
3011,3961.98,5658.93944,11444.64,15671.448,28018.3264665,20156.7120767,202011.466017,4260.888,176.4,19.2,0.0,0.0,0.0,0.0,291380,0.0
3012,3961.98,5658.93944,11444.64,15671.448,31733.1248307,20918.3193156,201329.6985,4259.24991372,176.4,19.2,0.0,0.0,0.0,0.0,295173,0.0
3013,3961.98,5658.93944,11444.64,15671.448,32849.2554773,20982.4121485,203147.290934,4309.434,176.4,19.2,0.0,0.0,0.0,0.0,298221,0.0
3014,3961.98,5658.93944,11444.64,15671.448,31833.3818443,20850.124506,205529.80221,4551.084,176.4,19.2,0.0,0.0,0.0,0.0,299697,0.0
3015,5415.43881386,5658.93944,11444.64,15671.448,28046.310603,21681.9011432,205642.638,4551.084,176.4,19.2,0.0,0.0,0.0,0.0,298308,0.0
3016,5510.91806894,5658.93944,11444.64,15671.448,22667.6838385,22728.0486526,205642.638,4551.084,176.4,19.2,0.0,0.0,0.0,0.0,294071,0.0
3017,6499.79807614,5658.93944,11444.64,15671.448,15704.5705133,24925.2819706,205642.638,4551.084,176.4,19.2,0.0,0.0,0.0,0.0,290294,0.0
3018,9844.38904412,5658.93944,11444.64,15671.448,7391.44399692,28723.817519,205642.638,4551.084,176.4,19.2,0.0,0.0,0.0,0.0,289124,0.0
3019,11343.5520766,5658.93944,11444.64,15671.448,849.949439874,33190.1490435,205642.638,4551.084,176.4,19.2,0.0,0.0,0.0,0.0,288548,0.0
3020,8918.75460306,5658.93944,11444.64,15671.448,0.0,38618.8959569,205642.638,4551.084,176.4,19.2,0.0,0.0,0.0,0.0,290702,0.0
3021,10105.4191232,5658.93944,11444.64,15671.448,0.0,42045.2314368,205642.638,4551.084,176.4,19.2,0.0,0.0,0.0,0.0,295315,0.0
3022,14234.4140974,5658.93944,11444.64,15671.448,0.0,41080.2364626,205642.638,4551.084,176.4,19.2,0.0,0.0,0.0,0.0,298479,0.0
3023,13554.9381911,5658.93944,11444.64,15671.448,0.0,37708.7123689,205642.638,4551.084,176.4,19.2,0.0,0.0,0.0,0.0,294428,0.0
3024,12820.612011,5658.93944,11444.64,15671.448,0.0,33975.038549,205642.638,4551.084,176.4,19.2,0.0,0.0,0.0,0.0,289960,0.0
3025,17563.9692711,5861.04442,11444.64,16229.548,0.0,29982.9413089,199591.173,4353.084,176.4,19.2,0.0,0.0,0.0,0.0,285222,0.0
3026,15003.6199954,5861.04442,11444.64,16229.548,0.0,27315.2905846,199591.173,4353.084,176.4,19.2,0.0,0.0,0.0,0.0,279994,0.0
3027,12512.5878288,5861.04442,11444.64,16229.548,0.0,25609.7227512,199591.173,4353.084,252.0,19.2,0.0,0.0,0.0,0.0,275873,0.0
3028,13622.6543672,5861.04442,11444.64,16229.548,0.0,23136.6562128,199591.173,4353.084,252.0,19.2,0.0,0.0,0.0,0.0,274510,0.0
3029,14578.7596112,5861.04442,11444.64,16229.548,0.0,20891.5509688,199591.173,4353.084,252.0,19.2,0.0,0.0,0.0,0.0,273221,0.0
3030,14771.5275815,5861.04442,11444.64,16229.548,0.0,19733.7829985,199591.173,4353.084,252.0,19.2,0.0,0.0,0.0,0.0,272256,0.0
3031,14422.0996309,5861.04442,11444.64,16229.548,590.181480684,19512.0294684,199591.173,4353.084,252.0,19.2,0.0,0.0,0.0,0.0,272275,0.0
3032,11285.7485696,5861.04442,11444.64,16229.548,5937.26416776,18625.8978426,199591.173,4353.084,176.4,19.2,0.0,0.0,0.0,0.0,273524,0.0
3033,5151.41477164,5861.04442,11444.64,16229.548,12227.5042368,19982.9915716,199591.173,4353.084,176.4,19.2,0.0,0.0,0.0,0.0,275037,0.0
3034,3815.24,5861.04442,11444.64,16229.548,19934.2155839,23795.3010412,194611.583955,2746.827,176.4,19.2,0.0,0.0,0.0,0.0,278634,0.0
3035,3815.24,5861.04442,11444.64,16229.548,25946.9888386,24065.2024957,193207.158,2504.87824569,8.1,19.2,0.0,0.0,0.0,0.0,283102,0.0
3036,3815.24,5861.04442,11444.64,16229.548,29695.2863125,24634.980733,192727.018535,2460.942,8.1,19.2,0.0,0.0,0.0,0.0,286896,0.0
3037,3815.24,5861.04442,11444.64,16229.548,31087.8352425,25486.4926569,192919.957681,2460.942,8.1,19.2,0.0,0.0,0.0,0.0,289333,0.0
3038,3815.24,5861.04442,11444.64,16229.548,28641.7096383,26611.6804137,195718.710528,2746.827,176.4,19.2,0.0,0.0,0.0,0.0,291265,0.0
3039,3815.24,5861.04442,11444.64,16229.548,26951.9944813,28369.4362483,194378.66985,2746.827,176.4,19.2,0.0,0.0,0.0,0.0,289993,0.0
3040,3815.24,5861.04442,11444.64,16229.548,21892.3192587,31088.2212798,193207.158,2511.52904152,8.1,19.2,0.0,0.0,0.0,0.0,286077,0.0
3041,3815.24,5861.04442,11444.64,16229.548,14578.6907941,34625.3166253,193595.578161,2625.642,8.1,19.2,0.0,0.0,0.0,0.0,282803,0.0
3042,3815.24,5861.04442,11444.64,16229.548,6840.17081891,37373.2357899,197018.073,4100.44797122,176.4,19.2,0.0,0.0,0.0,0.0,282878,0.0
3043,6089.63342507,5861.04442,11444.64,16229.548,880.635377135,39383.6417778,199591.173,4353.084,176.4,19.2,0.0,0.0,0.0,0.0,284029,0.0
3044,7617.38546144,5861.04442,11444.64,16229.548,0.0,41751.5251186,199591.173,4353.084,176.4,19.2,0.0,0.0,0.0,0.0,287044,0.0
3045,11718.4891412,5861.04442,11444.64,16229.548,0.0,42241.7154116,199591.173,4353.084,216.106027203,19.2,0.0,0.0,0.0,0.0,291675,0.0
3046,15173.7953873,5861.04442,11444.64,16229.548,0.0,41057.5151927,199591.173,4353.084,252.0,19.2,0.0,0.0,0.0,0.0,293982,0.0
3047,13676.7374757,5861.04442,11444.64,16229.548,0.0,39099.5731043,199591.173,4353.084,252.0,19.2,0.0,0.0,0.0,0.0,290527,0.0
3048,10780.9667819,5861.04442,11444.64,16229.548,0.0,37354.3437981,199591.173,4353.084,252.0,19.2,0.0,0.0,0.0,0.0,285886,0.0
3049,23005.7331013,5976.53298,11444.64,16475.112,0.0,35779.0529187,186316.173,1932.156,176.4,19.2,0.0,0.0,0.0,0.0,281125,0.0
3050,19296.0903229,5976.53298,11444.64,16475.112,0.0,34420.6956971,186316.173,1932.156,176.4,19.2,0.0,0.0,0.0,0.0,276057,0.0
3051,16927.2713754,5976.53298,11444.64,16475.112,0.0,33399.5146446,186316.173,1932.156,176.4,19.2,0.0,0.0,0.0,0.0,272667,0.0
3052,18058.2815399,5976.53298,11444.64,16475.112,0.0,30686.5044801,186316.173,1932.156,176.4,19.2,0.0,0.0,0.0,0.0,271085,0.0
3053,18182.723824,5976.53298,11444.64,16475.112,0.0,28665.0414555,186316.173,1914.17674047,176.4,19.2,0.0,0.0,0.0,0.0,269170,0.0
3054,17934.9555775,5976.53298,11444.64,16475.112,0.0,26990.8304425,186316.173,1932.156,176.4,19.2,0.0,0.0,0.0,0.0,267266,0.0
3055,17738.4143602,5976.53298,11444.64,16475.112,506.968783497,26059.4028763,186316.173,1932.156,176.4,19.2,0.0,0.0,0.0,0.0,266645,0.0
3056,15013.5707429,5976.53298,11444.64,16475.112,5598.68345186,23815.5318252,186316.173,1932.156,176.4,19.2,0.0,0.0,0.0,0.0,266768,0.0
3057,8432.13426847,5976.53298,11444.64,16475.112,12281.8330346,25091.8187169,186316.173,1932.156,176.4,19.2,0.0,0.0,0.0,0.0,268146,0.0
3058,3778.555,5976.53298,11444.64,16475.112,18701.2753895,29977.0311427,184314.258,1415.178,81.2174878226,19.2,0.0,0.0,0.0,0.0,272183,0.0
3059,3778.555,5976.53298,11444.64,16475.112,24243.0181565,33435.3728393,180545.491024,1092.978,8.1,19.2,0.0,0.0,0.0,0.0,277019,0.0
3060,3778.555,5976.53298,11444.64,16475.112,27482.3265048,34946.3361871,179110.219328,1092.978,8.1,19.2,0.0,0.0,0.0,0.0,280334,0.0
3061,3778.555,5976.53298,11444.64,16475.112,26366.7947333,36030.1098811,181727.977406,1092.978,8.1,19.2,0.0,0.0,0.0,0.0,282920,0.0
3062,3778.555,5976.53298,11444.64,16475.112,24861.7268519,36992.8236682,182822.3315,1092.978,8.1,19.2,0.0,0.0,0.0,0.0,283472,0.0
3063,3778.555,5976.53298,11444.64,16475.112,21311.2665894,39576.4761736,181809.139257,1092.978,8.1,19.2,0.0,0.0,0.0,0.0,281492,0.0
3064,3778.555,5976.53298,11444.64,16475.112,17931.8802351,42823.3180812,178557.683704,1092.978,8.1,19.2,0.0,0.0,0.0,0.0,278108,0.0
3065,3778.555,5976.53298,11444.64,16475.112,12017.8453534,46543.8987761,178017.13789,1092.978,8.1,19.2,0.0,0.0,0.0,0.0,275374,0.0
3066,3778.555,5976.53298,11444.64,16475.112,5687.27937006,46937.6974211,181521.905229,1092.978,8.1,19.2,0.0,0.0,0.0,0.0,272942,0.0
3067,3778.555,5976.53298,11444.64,16475.112,961.470211482,46618.5016488,183973.71016,1415.178,8.1,19.2,0.0,0.0,0.0,0.0,270671,0.0
3068,3778.555,5976.53298,11444.64,16475.112,0.0,45967.270478,184582.171542,1466.118,176.4,19.2,0.0,0.0,0.0,0.0,269886,0.0
3069,5025.6844564,5976.53298,11444.64,16475.112,0.0,43909.1015636,186316.173,1932.156,176.4,19.2,0.0,0.0,0.0,0.0,271275,0.0
3070,6482.93350113,5976.53298,11444.64,16475.112,0.0,43235.8525189,186316.173,1932.156,176.4,19.2,0.0,0.0,0.0,0.0,272059,0.0
3071,5926.50716978,5976.53298,11444.64,16475.112,0.0,41606.2788502,186316.173,1932.156,176.4,19.2,0.0,0.0,0.0,0.0,269873,0.0
3072,4718.14406023,5976.53298,11444.64,16475.112,0.0,40399.6419598,186316.173,1932.156,176.4,19.2,0.0,0.0,0.0,0.0,267458,0.0
3073,13579.2426072,6048.71333,11444.64,16452.788,0.0,40032.3930628,176637.123,688.5,176.4,19.2,0.0,0.0,0.0,0.0,265079,0.0
3074,10002.7968246,6048.71333,11444.64,16452.788,0.0,40314.8388454,176637.123,688.5,176.4,19.2,0.0,0.0,0.0,0.0,261785,0.0
3075,6907.25830443,6048.71333,11444.64,16452.788,0.0,40852.6773656,176637.123,688.5,8.1,19.2,0.0,0.0,0.0,0.0,259059,0.0
3076,6938.53074286,6048.71333,11444.64,16452.788,0.0,39427.4049271,176637.123,688.5,8.1,19.2,0.0,0.0,0.0,0.0,257665,0.0
3077,7532.63134271,6048.71333,11444.64,16452.788,0.0,37803.3043273,176637.123,688.5,8.1,19.2,0.0,0.0,0.0,0.0,256635,0.0
3078,7966.70233649,6048.71333,11444.64,16452.788,0.0,36597.2333335,176637.123,688.5,8.1,19.2,0.0,0.0,0.0,0.0,255863,0.0
3079,8410.80854125,6048.71333,11444.64,16452.788,479.444866838,35928.6822619,176637.123,688.5,8.1,19.2,0.0,0.0,0.0,0.0,256118,0.0
3080,8974.82486624,6048.71333,11444.64,16452.788,5359.15110065,32271.6597031,176637.123,688.5,176.4,19.2,0.0,0.0,0.0,0.0,258073,0.0
3081,4646.11244934,6048.71333,11444.64,16452.788,12007.2520263,32465.2711943,176637.123,688.5,176.4,19.2,0.0,0.0,0.0,0.0,260586,0.0
3082,3815.24,6048.71333,11444.64,16452.788,19185.0406788,36564.4214215,169873.70657,471.15,8.1,19.2,0.0,0.0,0.0,0.0,263883,0.0
3083,3815.24,6048.71333,11444.64,16452.788,24165.8507525,39487.7590815,165154.558836,471.15,8.1,19.2,0.0,0.0,0.0,0.0,267068,0.0
3084,3815.24,6048.71333,11444.64,16452.788,27788.8690124,42044.6284402,161512.671217,471.15,8.1,19.2,0.0,0.0,0.0,0.0,269606,0.0
3085,3815.24,6048.71333,11444.64,16452.788,28200.2682579,45252.3579718,159226.54244,471.15,8.1,19.2,0.0,0.0,0.0,0.0,270939,0.0
3086,3815.24,6048.71333,11444.64,16452.788,29753.7294003,47677.2912859,156481.147984,471.15,8.1,19.2,0.0,0.0,0.0,0.0,272172,0.0
3087,3815.24,6048.71333,11444.64,16452.788,26696.022536,48823.3187234,158756.827411,471.15,8.1,19.2,0.0,0.0,0.0,0.0,272536,0.0
3088,3815.24,6048.71333,11444.64,16452.788,21325.6475816,51590.2508791,160936.270209,471.15,8.1,19.2,0.0,0.0,0.0,0.0,272112,0.0
3089,3815.24,6048.71333,11444.64,16452.788,15443.7290788,55150.1022944,164087.337297,471.15,8.1,19.2,0.0,0.0,0.0,0.0,272941,0.0
3090,3815.24,6048.71333,11444.64,16452.788,7235.86789849,56960.0374301,174827.263341,471.15,8.1,19.2,0.0,0.0,0.0,0.0,277283,0.0
3091,11531.8084331,6048.71333,11444.64,16452.788,861.536761038,57074.2904759,176637.123,688.5,176.4,19.2,0.0,0.0,0.0,0.0,280935,0.0
3092,13908.387124,6048.71333,11444.64,16452.788,0.0,58878.248546,176637.123,688.5,176.4,19.2,0.0,0.0,0.0,0.0,284254,0.0
3093,19266.7919901,6048.71333,11444.64,16452.788,0.0,57195.8436799,176637.123,688.5,176.4,19.2,0.0,0.0,0.0,0.0,287930,0.0
3094,23087.8425758,6048.71333,11444.64,16452.788,0.0,54327.8021031,176637.123,688.5,111.390991054,19.2,0.0,0.0,0.0,0.0,288818,0.0
3095,21955.7512858,6048.71333,11444.64,16452.788,0.0,51205.1843842,176637.123,688.5,8.1,19.2,0.0,0.0,0.0,0.0,284460,0.0
3096,19259.899876,6048.71333,11444.64,16452.788,0.0,49265.035794,176637.123,688.5,8.1,19.2,0.0,0.0,0.0,0.0,279824,0.0
3097,14217.0202368,6077.58547,11444.64,16095.604,0.0,48217.3772932,178311.123,793.35,8.1,19.2,0.0,0.0,0.0,0.0,275184,0.0
3098,10665.266979,6077.58547,11444.64,16095.604,0.0,47334.130551,178311.123,793.35,8.1,19.2,0.0,0.0,0.0,0.0,270749,0.0
3099,9375.7270276,6077.58547,11444.64,16095.604,0.0,45448.1938504,178311.123,889.826651985,8.1,19.2,0.0,0.0,0.0,0.0,267670,0.0
3100,12192.5065064,6077.58547,11444.64,16095.604,0.0,41087.0410236,178311.123,898.2,8.1,19.2,0.0,0.0,0.0,0.0,266134,0.0
3101,14251.9956848,6077.58547,11444.64,16095.604,0.0,37852.5518452,178311.123,898.2,8.1,19.2,0.0,0.0,0.0,0.0,264959,0.0
3102,15688.9550622,6077.58547,11444.64,16095.604,0.0,35473.5924678,178311.123,898.2,8.1,19.2,0.0,0.0,0.0,0.0,264017,0.0
3103,16168.2255573,6077.58547,11444.64,16095.604,694.296917537,33939.0250552,178311.123,898.2,8.1,19.2,0.0,0.0,0.0,0.0,263656,0.0
3104,13627.230351,6077.58547,11444.64,16095.604,6451.68895186,30992.6282271,178311.123,898.2,8.1,19.2,0.0,0.0,0.0,0.0,263926,0.0
3105,3815.24,6077.58547,11444.64,16095.604,14752.024792,34315.0030023,177709.102736,733.5,8.1,19.2,0.0,0.0,0.0,0.0,264970,0.0
3106,3815.24,6077.58547,11444.64,16095.604,23106.7932777,36746.0911811,169119.746071,576.0,8.1,19.2,0.0,0.0,0.0,0.0,267009,0.0
3107,3815.24,6077.58547,11444.64,16095.604,29758.7370663,35405.2733591,165946.620105,576.0,8.1,19.2,0.0,0.0,0.0,0.0,269147,0.0
3108,3815.24,6077.58547,11444.64,16095.604,34109.8716151,33673.6316749,165451.12724,576.0,8.1,19.2,0.0,0.0,0.0,0.0,271271,0.0
3109,3815.24,6077.58547,11444.64,16095.604,35899.3484562,33938.2420597,165224.040014,576.0,8.1,19.2,0.0,0.0,0.0,0.0,273098,0.0
3110,3815.24,6077.58547,11444.64,16095.604,35177.5349693,37497.2674797,163155.828081,576.0,8.1,19.2,0.0,0.0,0.0,0.0,273867,0.0
3111,3815.24,6077.58547,11444.64,16095.604,32082.5336332,42727.9280274,160105.168869,576.0,8.1,19.2,0.0,0.0,0.0,0.0,272952,0.0
3112,3815.24,6077.58547,11444.64,16095.604,24135.4564886,51024.9492163,157619.224825,576.0,8.1,19.2,0.0,0.0,0.0,0.0,270816,0.0
3113,3815.24,6077.58547,11444.64,16095.604,16331.1386259,57069.9495008,157813.542403,576.0,8.1,19.2,0.0,0.0,0.0,0.0,269251,0.0
3114,3815.24,6077.58547,11444.64,16095.604,7702.74326939,59209.7102479,166144.177013,576.0,8.1,19.2,0.0,0.0,0.0,0.0,271093,0.0
3115,3815.24,6077.58547,11444.64,16095.604,1025.37829751,59664.5741433,174595.678089,576.0,8.1,19.2,0.0,0.0,0.0,0.0,273322,0.0
3116,4596.3593674,6077.58547,11444.64,16095.604,0.0,58945.1881626,178311.123,898.2,8.1,19.2,0.0,0.0,0.0,0.0,276396,0.0
3117,11559.2196521,6077.58547,11444.64,16095.604,0.0,56410.3278779,178311.123,898.2,8.1,19.2,0.0,0.0,0.0,0.0,280824,0.0
3118,18734.2723508,6077.58547,11444.64,16095.604,0.0,52044.2751792,178311.123,898.2,8.1,19.2,0.0,0.0,0.0,0.0,283633,0.0
3119,19193.4754238,6077.58547,11444.64,16095.604,0.0,47988.0721062,178311.123,898.2,8.1,19.2,0.0,0.0,0.0,0.0,280036,0.0
3120,16068.6551009,6077.58547,11444.64,16095.604,0.0,46883.8924291,178311.123,898.2,8.1,19.2,0.0,0.0,0.0,0.0,275807,0.0
3121,15911.416224,6077.58547,11444.64,15403.56,0.0,48197.675306,174667.023,253.8,8.1,19.2,0.0,0.0,0.0,0.0,271983,0.0
3122,9879.51492161,6077.58547,11444.64,15403.56,0.0,50432.5766084,174667.023,253.8,8.1,19.2,0.0,0.0,0.0,0.0,268186,0.0
3123,5236.45255255,6077.58547,11444.64,15403.56,0.0,51782.6389775,174667.023,253.8,8.1,19.2,0.0,0.0,0.0,0.0,264893,0.0
3124,7517.55398445,6077.58547,11444.64,15403.56,0.0,48068.5375455,174667.023,253.8,8.1,19.2,0.0,0.0,0.0,0.0,263460,0.0
3125,11778.7748094,6077.58547,11444.64,15403.56,0.0,42885.3895258,174736.950195,253.8,8.1,19.2,0.0,0.0,0.0,0.0,262608,0.0
3126,15588.4279115,6077.58547,11444.64,15403.56,0.0,38398.5636185,174837.123,253.8,8.1,19.2,0.0,0.0,0.0,0.0,262031,0.0
3127,20060.3475873,6077.58547,11444.64,15403.56,744.26161015,33279.3823325,174837.123,253.8,8.1,19.2,0.0,0.0,0.0,0.0,262128,0.0
3128,20859.015595,6077.58547,11444.64,15403.56,6469.48430061,27114.4916344,174837.123,253.8,8.1,19.2,0.0,0.0,0.0,0.0,262487,0.0
3129,14105.1690842,6077.58547,11444.64,15403.56,14540.8349402,26420.9875056,174837.123,253.8,8.1,19.2,0.0,0.0,0.0,0.0,263111,0.0
3130,6727.78719717,6077.58547,11444.64,15403.56,23077.2733507,26267.9309821,174837.123,253.8,8.1,19.2,0.0,0.0,0.0,0.0,264117,0.0
3131,4108.72,6077.58547,11444.64,15403.56,29453.0121516,23632.6545726,174551.727806,253.8,8.1,19.2,0.0,0.0,0.0,0.0,264953,0.0
3132,4108.72,6077.58547,11444.64,15403.56,33572.558008,21133.8571814,173301.979341,253.8,8.1,19.2,0.0,0.0,0.0,0.0,265324,0.0
3133,4108.72,6077.58547,11444.64,15403.56,35220.1302592,19942.5398031,173004.724468,253.8,8.1,19.2,0.0,0.0,0.0,0.0,265483,0.0
3134,4108.72,6077.58547,11444.64,15403.56,34036.5464346,20753.5058594,172751.342236,253.8,8.1,19.2,0.0,0.0,0.0,0.0,264857,0.0
3135,4108.72,6077.58547,11444.64,15403.56,30763.9978491,23862.1943581,171245.202323,253.8,8.1,19.2,0.0,0.0,0.0,0.0,263187,0.0
3136,4108.72,6077.58547,11444.64,15403.56,21977.6658197,30261.2080155,171248.520695,253.8,8.1,19.2,0.0,0.0,0.0,0.0,260803,0.0
3137,4108.72,6077.58547,11444.64,15403.56,14996.4752687,36937.9961823,170455.923079,253.8,8.1,19.2,0.0,0.0,0.0,0.0,259706,0.0
3138,4867.891353,6077.58547,11444.64,15403.56,7109.3384869,42821.7616901,174837.123,253.8,8.1,19.2,0.0,0.0,0.0,0.0,262843,0.0
3139,9381.70792692,6077.58547,11444.64,15403.56,1034.26845001,48399.0151531,174837.123,253.8,8.1,19.2,0.0,0.0,0.0,0.0,266859,0.0
3140,12273.8723776,6077.58547,11444.64,15403.56,0.0,51979.1191524,174837.123,253.8,8.1,19.2,0.0,0.0,0.0,0.0,272297,0.0
3141,17638.1813925,6077.58547,11444.64,15403.56,0.0,53605.8101375,174837.123,253.8,8.1,19.2,0.0,0.0,0.0,0.0,279288,0.0
3142,21033.2833511,6077.58547,11444.64,15403.56,0.0,55676.7081789,174837.123,253.8,8.1,19.2,0.0,0.0,0.0,0.0,284754,0.0
3143,18521.4278394,6077.58547,11444.64,15403.56,0.0,57141.5636906,174837.123,253.8,8.1,19.2,0.0,0.0,0.0,0.0,283707,0.0
3144,14623.4166924,6077.58547,11444.64,15403.56,0.0,58233.5748376,174837.123,253.8,8.1,19.2,0.0,0.0,0.0,0.0,280901,0.0
3145,4328.83,6135.32975,11444.64,14823.136,0.0,58554.4241002,181600.15515,697.185,8.1,19.2,0.0,0.0,0.0,0.0,277611,0.0
3146,4328.83,6135.32975,11444.64,14823.136,0.0,57836.8283095,178375.750941,697.185,8.1,19.2,0.0,0.0,0.0,0.0,273669,0.0
3147,4328.83,6135.32975,11444.64,14823.136,0.0,56473.2947173,176387.284533,697.185,8.1,19.2,0.0,0.0,0.0,0.0,270317,0.0
3148,4328.83,6135.32975,11444.64,14823.136,0.0,46394.2641329,184633.630117,1140.57,176.4,19.2,0.0,0.0,0.0,0.0,269096,0.0
3149,14435.8256572,6135.32975,11444.64,14823.136,0.0,34997.7255928,185299.173,1140.57,176.4,19.2,0.0,0.0,0.0,0.0,268472,0.0
3150,21626.2948677,6135.32975,11444.64,14823.136,0.0,28241.2563823,185299.173,1140.57,176.4,19.2,0.0,0.0,0.0,0.0,268906,0.0
3151,26577.4386433,6135.32975,11444.64,14823.136,838.751020706,23595.361586,185299.173,1140.57,176.4,19.2,0.0,0.0,0.0,0.0,270050,0.0
3152,27687.0564114,6135.32975,11444.64,14823.136,6433.65521186,18122.2396267,185299.173,1140.57,252.0,19.2,0.0,0.0,0.0,0.0,271357,0.0
3153,23519.2263116,6135.32975,11444.64,14823.136,14670.620087,15998.0512905,185299.173,1140.57,235.053560868,19.2,0.0,0.0,0.0,0.0,273285,0.0
3154,17597.5330276,6135.32975,11444.64,14823.136,23001.1243502,16402.8938723,185299.173,1140.57,176.4,19.2,0.0,0.0,0.0,0.0,276040,0.0
3155,12382.5422497,6135.32975,11444.64,14823.136,29543.2911939,16728.7178064,185299.173,1140.57,176.4,19.2,0.0,0.0,0.0,0.0,277693,0.0
3156,7994.16225801,6135.32975,11444.64,14823.136,33374.6383518,18189.7506402,185299.173,1140.57,176.4,19.2,0.0,0.0,0.0,0.0,278597,0.0
3157,4328.83,6135.32975,11444.64,14823.136,34757.8047107,21824.9568239,185117.132715,1140.57,176.4,19.2,0.0,0.0,0.0,0.0,279768,0.0
3158,4328.83,6135.32975,11444.64,14823.136,34530.5531843,27909.2302835,179459.795782,697.185,8.1,19.2,0.0,0.0,0.0,0.0,279356,0.0
3159,4328.83,6135.32975,11444.64,14823.136,31242.5447174,35201.8955236,174562.139009,697.185,8.1,19.2,0.0,0.0,0.0,0.0,278463,0.0
3160,4328.83,6135.32975,11444.64,14823.136,25425.2942998,40333.5307384,173510.754212,697.185,8.1,19.2,0.0,0.0,0.0,0.0,276726,0.0
3161,4328.83,6135.32975,11444.64,14823.136,17359.3542109,44050.7388527,175721.486186,697.185,8.1,19.2,0.0,0.0,0.0,0.0,274588,0.0
3162,4328.83,6135.32975,11444.64,14823.136,8283.66290392,48423.5872124,181204.329134,697.185,8.1,19.2,0.0,0.0,0.0,0.0,275368,0.0
3163,4535.6937951,6135.32975,11444.64,14823.136,996.683262629,52915.1741923,185299.173,1140.57,176.4,19.2,0.0,0.0,0.0,0.0,277486,0.0
3164,5799.63903761,6135.32975,11444.64,14823.136,0.0,55408.9122124,185299.173,1140.57,176.4,19.2,0.0,0.0,0.0,0.0,280247,0.0
3165,9663.29435844,6135.32975,11444.64,14823.136,0.0,55552.2568916,185299.173,1140.57,176.4,19.2,0.0,0.0,0.0,0.0,284254,0.0
3166,13591.0044083,6135.32975,11444.64,14823.136,0.0,55281.5468417,185299.173,1140.57,176.4,19.2,0.0,0.0,0.0,0.0,287911,0.0
3167,13612.5983623,6135.32975,11444.64,14823.136,0.0,52915.9528877,185299.173,1140.57,176.4,19.2,0.0,0.0,0.0,0.0,285567,0.0
3168,12454.6714118,6135.32975,11444.64,14823.136,0.0,50182.8798382,185299.173,1140.57,176.4,19.2,0.0,0.0,0.0,0.0,281676,0.0
3169,15746.4503571,6077.58547,11444.64,13885.528,0.0,47103.2531729,181823.373,1140.57,176.4,19.2,0.0,0.0,0.0,0.0,277417,0.0
3170,14096.0106856,6077.58547,11444.64,13885.528,0.0,44034.6928444,181823.373,1140.57,176.4,19.2,0.0,0.0,0.0,0.0,272698,0.0
3171,11383.6504682,6077.58547,11444.64,13885.528,0.0,41709.0530618,181823.373,1140.57,176.4,19.2,0.0,0.0,0.0,0.0,267660,0.0
3172,9737.39529019,6077.58547,11444.64,13885.528,0.0,38185.3082398,181823.373,1140.57,176.4,19.2,0.0,0.0,0.0,0.0,262490,0.0
3173,6552.41389552,6077.58547,11444.64,13885.528,0.0,35776.2896345,181823.373,1140.57,176.4,19.2,0.0,0.0,0.0,0.0,256896,0.0
3174,4548.94,6077.58547,11444.64,13885.528,0.0,35533.7389235,181442.642607,1070.325,176.4,19.2,0.0,0.0,0.0,0.0,254199,0.0
3175,4548.94,6077.58547,11444.64,13885.528,816.25090111,36620.5495,179654.021129,697.185,8.1,19.2,0.0,0.0,0.0,0.0,253772,0.0
3176,4548.94,6077.58547,11444.64,13885.528,6407.12763892,36663.9658514,176234.72804,697.185,8.1,19.2,0.0,0.0,0.0,0.0,255987,0.0
3177,4548.94,6077.58547,11444.64,13885.528,14413.7367162,43067.0605854,165995.024228,697.185,8.1,19.2,0.0,0.0,0.0,0.0,260157,0.0
3178,4548.94,6077.58547,11444.64,13885.528,22646.8984388,47885.8690915,158727.054,697.185,8.1,19.2,0.0,0.0,0.0,0.0,265941,0.0
3179,4548.94,6077.58547,11444.64,13885.528,28493.7141586,46327.8213134,159484.286058,697.185,8.1,19.2,0.0,0.0,0.0,0.0,270987,0.0
3180,4548.94,6077.58547,11444.64,13885.528,32647.122112,42284.5652661,164050.134152,697.185,8.1,19.2,0.0,0.0,0.0,0.0,275663,0.0
3181,4548.94,6077.58547,11444.64,13885.528,34501.0878718,38853.3579142,168523.375744,697.185,8.1,19.2,0.0,0.0,0.0,0.0,278559,0.0
3182,4548.94,6077.58547,11444.64,13885.528,33739.5926085,35958.7455897,174195.483332,697.185,8.1,19.2,0.0,0.0,0.0,0.0,280575,0.0
3183,4548.94,6077.58547,11444.64,13885.528,30887.9118759,33936.4957697,180089.298,701.300884333,8.1,19.2,0.0,0.0,0.0,0.0,281599,0.0
3184,9047.94319181,6077.58547,11444.64,13885.528,24088.280542,32447.4797962,181823.373,1140.57,176.4,19.2,0.0,0.0,0.0,0.0,280151,0.0
3185,13389.4656099,6077.58547,11444.64,13885.528,16938.0129005,33002.2250196,181823.373,1140.57,176.4,19.2,0.0,0.0,0.0,0.0,277897,0.0
3186,20336.1094303,6077.58547,11444.64,13885.528,7830.92233803,36190.6717617,181823.373,1140.57,176.4,19.2,0.0,0.0,0.0,0.0,278925,0.0
3187,24061.5965944,6077.58547,11444.64,13885.528,1026.72241213,40458.3845234,181823.373,1140.57,176.4,19.2,0.0,0.0,0.0,0.0,280114,0.0
3188,22042.5765762,6077.58547,11444.64,13885.528,0.0,44234.383001,181823.373,1140.57,188.143952803,19.2,0.0,0.0,0.0,0.0,280856,0.0
3189,22718.9803943,6077.58547,11444.64,13885.528,0.0,45939.7231357,181823.373,1140.57,176.4,19.2,0.0,0.0,0.0,0.0,283226,0.0
3190,20034.8257876,6077.58547,11444.64,13885.528,0.0,49832.8777424,181823.373,1140.57,176.4,19.2,0.0,0.0,0.0,0.0,284435,0.0
3191,13345.5680383,6077.58547,11444.64,13885.528,0.0,52496.1354917,181823.373,1140.57,176.4,19.2,0.0,0.0,0.0,0.0,280409,0.0
3192,6782.89448056,6077.58547,11444.64,13885.528,0.0,54511.8090494,181823.373,1140.57,176.4,19.2,0.0,0.0,0.0,0.0,275862,0.0
3193,4585.625,5947.66084,11444.64,13148.836,0.0,55929.2896326,179643.123,1140.57,237.055527399,19.2,0.0,0.0,0.0,0.0,272096,0.0
3194,4585.625,5947.66084,11444.64,13148.836,0.0,57421.6096871,173960.143473,697.185,8.1,19.2,0.0,0.0,0.0,0.0,267233,0.0
3195,4585.625,5947.66084,11444.64,13148.836,0.0,58334.8491576,169026.904002,697.185,8.1,19.2,0.0,0.0,0.0,0.0,263213,0.0
3196,4585.625,5947.66084,11444.64,13148.836,0.0,54749.9973855,169703.755774,697.185,8.1,19.2,0.0,0.0,0.0,0.0,260305,0.0
3197,4585.625,5947.66084,11444.64,13148.836,0.0,51864.9160064,170848.837154,697.185,8.1,19.2,0.0,0.0,0.0,0.0,258565,0.0
3198,4585.625,5947.66084,11444.64,13148.836,0.0,50646.1493853,171345.603775,697.185,8.1,19.2,0.0,0.0,0.0,0.0,257843,0.0
3199,4585.625,5947.66084,11444.64,13148.836,861.768228738,50161.6666596,172057.318272,697.185,8.1,19.2,0.0,0.0,0.0,0.0,258932,0.0
3200,4585.625,5947.66084,11444.64,13148.836,6462.4534816,49543.3222004,169722.977478,697.185,8.1,19.2,0.0,0.0,0.0,0.0,261580,0.0
3201,4585.625,5947.66084,11444.64,13148.836,14510.3289404,53776.149362,160925.274858,697.185,8.1,19.2,0.0,0.0,0.0,0.0,265063,0.0
3202,4585.625,5947.66084,11444.64,13148.836,22853.0085879,52356.8854891,158407.859083,697.185,8.1,19.2,0.0,0.0,0.0,0.0,269469,0.0
3203,4585.625,5947.66084,11444.64,13148.836,29486.7905148,45846.5172694,163038.445376,697.185,8.1,19.2,0.0,0.0,0.0,0.0,274223,0.0
3204,4585.625,5947.66084,11444.64,13148.836,33738.728284,39575.2374807,168930.787395,697.185,8.1,19.2,0.0,0.0,0.0,0.0,278096,0.0
3205,4585.625,5947.66084,11444.64,13148.836,35038.7259315,33512.2014993,176306.825729,697.185,8.1,19.2,0.0,0.0,0.0,0.0,280709,0.0
3206,8155.50476992,5947.66084,11444.64,13148.836,33549.332067,28703.3130364,179643.123,1140.57,247.82028665,19.2,0.0,0.0,0.0,0.0,282000,0.0
3207,13262.0169467,5947.66084,11444.64,13148.836,30877.6190677,25785.3341456,179643.123,1140.57,252.0,19.2,0.0,0.0,0.0,0.0,281521,0.0
3208,16301.6500229,5947.66084,11444.64,13148.836,24655.3027265,26001.0174106,179643.123,1140.57,252.0,19.2,0.0,0.0,0.0,0.0,278554,0.0
3209,16986.8646636,5947.66084,11444.64,13148.836,17426.2276258,29168.8778705,179643.123,1140.57,252.0,19.2,0.0,0.0,0.0,0.0,275178,0.0
3210,23710.2309675,5947.66084,11444.64,13148.836,7553.96897969,32601.7702128,179643.123,1140.57,252.0,19.2,0.0,0.0,0.0,0.0,275462,0.0
3211,26228.9291108,5947.66084,11444.64,13148.836,870.15910213,38253.881947,179643.123,1140.57,252.0,19.2,0.0,0.0,0.0,0.0,276949,0.0
3212,21713.1050779,5947.66084,11444.64,13148.836,0.0,46053.8650821,179643.123,1140.57,252.0,19.2,0.0,0.0,0.0,0.0,279363,0.0
3213,19161.9730813,5947.66084,11444.64,13148.836,0.0,51991.9970787,179643.123,1140.57,252.0,19.2,0.0,0.0,0.0,0.0,282750,0.0
3214,19130.4008844,5947.66084,11444.64,13148.836,0.0,54594.5692756,179643.123,1140.57,252.0,19.2,0.0,0.0,0.0,0.0,285321,0.0
3215,16385.0744138,5947.66084,11444.64,13148.836,0.0,55210.8957462,179643.123,1140.57,252.0,19.2,0.0,0.0,0.0,0.0,283192,0.0
3216,14116.405861,5947.66084,11444.64,13148.836,0.0,54066.564299,179643.123,1140.57,252.0,19.2,0.0,0.0,0.0,0.0,279779,0.0
3217,4475.57,5861.04442,11444.64,12590.736,0.0,52902.1750667,186232.088513,2434.446,8.1,19.2,0.0,0.0,0.0,0.0,275968,0.0
3218,4475.57,5861.04442,11444.64,12590.736,0.0,51071.0314524,184707.432128,2112.246,8.1,19.2,0.0,0.0,0.0,0.0,272290,0.0
3219,4475.57,5861.04442,11444.64,12590.736,0.0,49046.7325441,185020.731036,2112.246,8.1,19.2,0.0,0.0,0.0,0.0,270579,0.0
3220,4475.57,5861.04442,11444.64,12590.736,0.0,44065.2706694,187864.507911,2555.631,176.4,19.2,0.0,0.0,0.0,0.0,269053,0.0
3221,5089.62660993,5861.04442,11444.64,12590.736,0.0,38476.8879701,189484.173,3970.692,252.0,19.2,0.0,0.0,0.0,0.0,267189,0.0
3222,9591.63659485,5861.04442,11444.64,12590.736,0.0,33182.8779851,189484.173,3970.692,252.0,19.2,0.0,0.0,0.0,0.0,266397,0.0
3223,12381.4916482,5861.04442,11444.64,12590.736,752.085979671,29957.9369522,189484.173,3970.692,252.0,19.2,0.0,0.0,0.0,0.0,266714,0.0
3224,11828.4584798,5861.04442,11444.64,12590.736,6405.49224395,26412.1638562,189484.173,3970.692,176.4,19.2,0.0,0.0,0.0,0.0,268193,0.0
3225,6438.51102836,5861.04442,11444.64,12590.736,14249.0942889,26655.5092628,189484.173,3970.692,176.4,19.2,0.0,0.0,0.0,0.0,270890,0.0
3226,4475.57,5861.04442,11444.64,12590.736,22250.8517447,28012.6799912,187498.246844,2555.631,176.4,19.2,0.0,0.0,0.0,0.0,274885,0.0
3227,4475.57,5861.04442,11444.64,12590.736,28981.4332225,29225.5393461,183981.491011,2112.246,8.1,19.2,0.0,0.0,0.0,0.0,278700,0.0
3228,4475.57,5861.04442,11444.64,12590.736,33356.7436326,30897.9688692,181484.751078,2112.246,8.1,19.2,0.0,0.0,0.0,0.0,282251,0.0
3229,4475.57,5861.04442,11444.64,12590.736,35345.764154,33027.6686739,180208.030752,2112.246,8.1,19.2,0.0,0.0,0.0,0.0,285093,0.0
3230,4475.57,5861.04442,11444.64,12590.736,34164.1059386,36234.9145083,179475.443133,2112.246,8.1,19.2,0.0,0.0,0.0,0.0,286386,0.0
3231,4475.57,5861.04442,11444.64,12590.736,30711.2388672,39141.3310654,179499.893647,2112.246,8.1,19.2,0.0,0.0,0.0,0.0,285864,0.0
3232,4475.57,5861.04442,11444.64,12590.736,24758.4052852,42174.4210969,179629.637198,2112.246,8.1,19.2,0.0,0.0,0.0,0.0,283074,0.0
3233,4475.57,5861.04442,11444.64,12590.736,16601.4032058,43336.4750426,184344.585332,2112.246,8.1,19.2,0.0,0.0,0.0,0.0,280794,0.0
3234,7228.7082236,5861.04442,11444.64,12590.736,7920.38333518,42956.0230212,189484.173,3970.692,176.4,19.2,0.0,0.0,0.0,0.0,281652,0.0
3235,17440.7059463,5861.04442,11444.64,12590.736,1101.01680534,41959.3918283,189484.173,3970.692,176.4,19.2,0.0,0.0,0.0,0.0,284048,0.0
3236,22894.6845008,5861.04442,11444.64,12590.736,0.0,40553.4300792,189484.173,3970.692,176.4,19.2,0.0,0.0,0.0,0.0,286995,0.0
3237,28619.1501252,5861.04442,11444.64,12590.736,0.0,38042.9644548,189484.173,3970.692,176.4,19.2,0.0,0.0,0.0,0.0,290209,0.0
3238,30759.7481732,5861.04442,11444.64,12590.736,0.0,37335.3664068,189484.173,3970.692,176.4,19.2,0.0,0.0,0.0,0.0,291642,0.0
3239,27200.0074088,5861.04442,11444.64,12590.736,0.0,37324.1071712,189484.173,3970.692,176.4,19.2,0.0,0.0,0.0,0.0,288071,0.0
3240,21585.712061,5861.04442,11444.64,12590.736,0.0,38075.0617711,189484.173,3970.692,244.740747943,19.2,0.0,0.0,0.0,0.0,283276,0.0
3241,11587.0096043,5803.30014,11444.64,12278.2,0.0,38968.3852557,194299.173,3970.692,176.4,19.2,0.0,0.0,0.0,0.0,278547,0.0
3242,7073.56973157,5803.30014,11444.64,12278.2,0.0,39601.8251284,194299.173,3970.692,176.4,19.2,0.0,0.0,0.0,0.0,274667,0.0
3243,5786.50172262,5803.30014,11444.64,12278.2,0.0,39058.8931374,194164.173,3970.692,176.4,19.2,0.0,0.0,0.0,0.0,272702,0.0
3244,7239.40904245,5803.30014,11444.64,12278.2,0.0,36145.9858175,194299.173,3970.692,176.4,19.2,0.0,0.0,0.0,0.0,271377,0.0
3245,9847.81325771,5803.30014,11444.64,12278.2,0.0,32376.5816023,194299.173,3970.692,176.4,19.2,0.0,0.0,0.0,0.0,270216,0.0
3246,13275.992412,5803.30014,11444.64,12278.2,0.0,29120.402448,194299.173,3970.692,176.4,19.2,0.0,0.0,0.0,0.0,270388,0.0
3247,16071.6342785,5803.30014,11444.64,12278.2,853.362295514,27629.3982859,194299.173,3970.692,176.4,19.2,0.0,0.0,0.0,0.0,272546,0.0
3248,17598.733096,5803.30014,11444.64,12278.2,6529.70420787,24141.9575561,194164.173,3970.692,176.4,19.2,0.0,0.0,0.0,0.0,276127,0.0
3249,13653.5109373,5803.30014,11444.64,12278.2,14760.5327988,24520.2376899,194229.286434,3970.692,176.4,19.2,0.0,0.0,0.0,0.0,280856,0.0
3250,7977.95929059,5803.30014,11444.64,12278.2,23079.6050373,27149.8305321,194299.173,3970.692,176.4,19.2,0.0,0.0,0.0,0.0,286199,0.0
3251,5717.82241423,5803.30014,11444.64,12278.2,29379.4415453,27260.1309005,194299.173,3970.692,176.4,19.2,0.0,0.0,0.0,0.0,290349,0.0
3252,4429.20814099,5803.30014,11444.64,12278.2,33301.9179898,27185.2687292,194299.173,3970.692,176.4,19.2,0.0,0.0,0.0,0.0,292908,0.0
3253,4365.515,5803.30014,11444.64,12278.2,34740.83867,28027.0033091,193519.210881,3970.692,176.4,19.2,0.0,0.0,0.0,0.0,294345,0.0
3254,4365.515,5803.30014,11444.64,12278.2,34085.2368915,30249.0631851,193354.173,3866.27178345,176.4,19.2,0.0,0.0,0.0,0.0,295642,0.0
3255,4365.515,5803.30014,11444.64,12278.2,30727.6750238,34563.9172768,193138.173,2654.97955931,176.4,19.2,0.0,0.0,0.0,0.0,295172,0.0
3256,4365.515,5803.30014,11444.64,12278.2,24439.540275,37761.9109642,193246.173,3371.12062075,176.4,19.2,0.0,0.0,0.0,0.0,292906,0.0
3257,6700.49531739,5803.30014,11444.64,12278.2,16129.2621186,40056.637424,194299.173,3970.692,176.4,19.2,0.0,0.0,0.0,0.0,290878,0.0
3258,13540.3803517,5803.30014,11444.64,12278.2,7831.51988454,42763.4946238,194164.173,3970.692,176.4,19.2,0.0,0.0,0.0,0.0,291992,0.0
3259,17993.7468201,5803.30014,11444.64,12278.2,883.847378636,45201.8006613,194299.173,3970.692,176.4,19.2,0.0,0.0,0.0,0.0,292071,0.0
3260,16752.6787276,5803.30014,11444.64,12278.2,0.0,47878.7161324,194299.173,3970.692,176.4,19.2,0.0,0.0,0.0,0.0,292623,0.0
3261,15544.3142731,5803.30014,11444.64,12278.2,0.0,50314.0805869,194299.173,3970.692,176.4,19.2,0.0,0.0,0.0,0.0,293850,0.0
3262,16507.3251238,5803.30014,11444.64,12278.2,0.0,50253.0697362,194299.173,3970.692,176.4,19.2,0.0,0.0,0.0,0.0,294752,0.0
3263,15764.2676458,5803.30014,11444.64,12278.2,0.0,47777.1272142,194299.173,3970.692,176.4,19.2,0.0,0.0,0.0,0.0,291533,0.0
3264,14240.8486124,5803.30014,11444.64,12278.2,0.0,45745.5462476,194164.173,3970.692,176.4,19.2,0.0,0.0,0.0,0.0,287843,0.0
3265,4218.775,5731.11979,11444.64,12389.82,0.0,44014.8997579,201815.523,4524.62245211,176.4,19.2,0.0,0.0,0.0,0.0,284335,0.0
3266,4218.775,5731.11979,11444.64,12389.82,0.0,43015.4670808,200194.690129,4260.888,176.4,19.2,0.0,0.0,0.0,0.0,281451,0.0
3267,4218.775,5731.11979,11444.64,12389.82,0.0,40698.0263512,199818.130859,4260.888,176.4,19.2,0.0,0.0,0.0,0.0,278757,0.0
3268,4218.775,5731.11979,11444.64,12389.82,0.0,36166.6293993,201815.523,4551.084,208.208810703,19.2,0.0,0.0,0.0,0.0,276545,0.0
3269,5552.95268125,5731.11979,11444.64,12389.82,0.0,31795.6605287,201815.523,4551.084,252.0,19.2,0.0,0.0,0.0,0.0,273552,0.0
3270,6424.94814226,5731.11979,11444.64,12389.82,0.0,28313.6650677,201815.523,4551.084,252.0,19.2,0.0,0.0,0.0,0.0,270942,0.0
3271,6830.25060803,5731.11979,11444.64,12389.82,1022.37149847,26368.9911035,201815.523,4551.084,252.0,19.2,0.0,0.0,0.0,0.0,270425,0.0
3272,5244.28449224,5731.11979,11444.64,12389.82,6354.46854868,23965.0601691,201815.523,4551.084,370.8,19.2,0.0,0.0,0.0,0.0,271886,0.0
3273,4218.775,5731.11979,11444.64,12389.82,14244.11034,23784.0715054,198467.118,4060.74536462,176.4,19.2,0.0,0.0,0.0,0.0,274536,0.0
3274,4218.775,5731.11979,11444.64,12389.82,22039.0958013,25129.168903,194932.438506,2724.642,8.1,19.2,0.0,0.0,0.0,0.0,278637,0.0
3275,4218.775,5731.11979,11444.64,12389.82,28667.231913,24349.3070688,193474.364228,2402.442,8.1,19.2,0.0,0.0,0.0,0.0,282705,0.0
3276,4218.775,5731.11979,11444.64,12389.82,32637.8556029,23997.9283809,192836.119226,2402.442,8.1,19.2,0.0,0.0,0.0,0.0,285686,0.0
3277,4218.775,5731.11979,11444.64,12389.82,33412.095657,23610.2032011,193886.604352,2402.442,8.1,19.2,0.0,0.0,0.0,0.0,287123,0.0
3278,4218.775,5731.11979,11444.64,12389.82,32319.5950443,23661.9640046,195326.904161,2775.582,176.4,19.2,0.0,0.0,0.0,0.0,288064,0.0
3279,4218.775,5731.11979,11444.64,12389.82,28166.4193751,23866.1999352,198005.5989,2845.827,176.4,19.2,0.0,0.0,0.0,0.0,286864,0.0
3280,4218.775,5731.11979,11444.64,12389.82,21975.1961883,23008.3440476,200353.816974,4289.688,176.4,19.2,0.0,0.0,0.0,0.0,283607,0.0
3281,10035.9821706,5731.11979,11444.64,12389.82,12274.5432135,22453.2878259,201815.523,4551.084,370.8,19.2,0.0,0.0,0.0,0.0,281086,0.0
3282,15256.2314903,5731.11979,11444.64,12389.82,7558.13948407,23237.4422356,201815.523,4551.084,370.8,19.2,0.0,0.0,0.0,0.0,282374,0.0
3283,22420.1614094,5731.11979,11444.64,12389.82,1097.31266957,24146.339131,201815.523,4551.084,370.8,19.2,0.0,0.0,0.0,0.0,283986,0.0
3284,24936.7590654,5731.11979,11444.64,12389.82,0.0,25052.0541446,201815.523,4551.084,370.8,19.2,0.0,0.0,0.0,0.0,286311,0.0
3285,27244.0872089,5731.11979,11444.64,12389.82,0.0,25740.7260011,201815.523,4551.084,370.8,19.2,0.0,0.0,0.0,0.0,289307,0.0
3286,29133.3492159,5731.11979,11444.64,12389.82,0.0,25102.8621537,201815.523,4551.084,339.401840447,19.2,0.0,0.0,0.0,0.0,290527,0.0
3287,27269.4256574,5731.11979,11444.64,12389.82,0.0,23374.1875526,201815.523,4551.084,252.0,19.2,0.0,0.0,0.0,0.0,286847,0.0
3288,23791.5486582,5731.11979,11444.64,12389.82,0.0,21593.0645518,201815.523,4551.084,252.0,19.2,0.0,0.0,0.0,0.0,281588,0.0
3289,20620.8864804,5774.428,11444.64,12747.004,0.0,19992.0695196,201330.288,4551.084,176.4,19.2,0.0,0.0,0.0,0.0,276656,0.0
3290,17025.6350535,5774.428,11444.64,12747.004,0.0,18942.7752282,201330.288,4551.084,249.945718351,19.2,0.0,0.0,0.0,0.0,272085,0.0
3291,14471.3152257,5774.428,11444.64,12747.004,0.0,18306.0407743,201330.288,4551.084,252.0,19.2,0.0,0.0,0.0,0.0,268896,0.0
3292,13093.4666085,5774.428,11444.64,12747.004,0.0,17656.8893915,201330.288,4551.084,252.0,19.2,0.0,0.0,0.0,0.0,266869,0.0
3293,11847.3502297,5774.428,11444.64,12747.004,0.0,17224.0057703,201330.288,4551.084,252.0,19.2,0.0,0.0,0.0,0.0,265190,0.0
3294,10614.280759,5774.428,11444.64,12747.004,0.0,16775.075241,201330.288,4551.084,252.0,19.2,0.0,0.0,0.0,0.0,263508,0.0
3295,9476.72045326,5774.428,11444.64,12747.004,1033.02183163,16290.6137151,201330.288,4551.084,252.0,19.2,0.0,0.0,0.0,0.0,262919,0.0
3296,6987.31454592,5774.428,11444.64,12747.004,6329.84025216,13498.8012019,201330.288,4551.084,176.4,19.2,0.0,0.0,0.0,0.0,262859,0.0
3297,3668.5,5774.428,11444.64,12747.004,14087.0479932,12594.717579,198241.174428,4260.888,176.4,19.2,0.0,0.0,0.0,0.0,263014,0.0
3298,3668.5,5774.428,11444.64,12747.004,22089.1440753,12071.7445737,193961.297351,2559.942,8.1,19.2,0.0,0.0,0.0,0.0,264344,0.0
3299,3668.5,5774.428,11444.64,12747.004,28643.7115635,9651.53763248,191720.436804,2402.442,8.1,19.2,0.0,0.0,0.0,0.0,266080,0.0
3300,3668.5,5774.428,11444.64,12747.004,32742.6655877,8276.95720373,190640.063209,2402.442,8.1,19.2,0.0,0.0,0.0,0.0,267724,0.0
3301,3668.5,5774.428,11444.64,12747.004,34388.6728109,8544.94746913,190214.06572,2402.442,8.1,19.2,0.0,0.0,0.0,0.0,269212,0.0
3302,3668.5,5774.428,11444.64,12747.004,33768.7085529,9850.82659129,190096.150856,2402.442,8.1,19.2,0.0,0.0,0.0,0.0,269780,0.0
3303,3668.5,5774.428,11444.64,12747.004,28875.3818401,11597.5686889,192194.735471,2402.442,8.1,19.2,0.0,0.0,0.0,0.0,268732,0.0
3304,3668.5,5774.428,11444.64,12747.004,23435.0000924,12523.3187878,194424.5385,2622.27061978,8.1,19.2,0.0,0.0,0.0,0.0,266667,0.0
3305,3668.5,5774.428,11444.64,12747.004,16045.5480527,13914.3651223,198127.4535,3765.46132502,176.4,19.2,0.0,0.0,0.0,0.0,265683,0.0
3306,6182.22760023,5774.428,11444.64,12747.004,7689.62062368,16699.1077761,201330.288,4551.084,176.4,19.2,0.0,0.0,0.0,0.0,266614,0.0
3307,12400.7282144,5774.428,11444.64,12747.004,1116.54948318,19226.6783025,201330.288,4551.084,176.4,19.2,0.0,0.0,0.0,0.0,268787,0.0
3308,14062.6350523,5774.428,11444.64,12747.004,0.0,21855.7209477,201330.288,4551.084,252.0,19.2,0.0,0.0,0.0,0.0,272037,0.0
3309,16594.5194779,5774.428,11444.64,12747.004,0.0,23466.8365221,201330.288,4551.084,252.0,19.2,0.0,0.0,0.0,0.0,276180,0.0
3310,19554.7570211,5774.428,11444.64,12747.004,0.0,23369.5989789,201330.288,4551.084,252.0,19.2,0.0,0.0,0.0,0.0,279043,0.0
3311,19654.5205012,5774.428,11444.64,12747.004,0.0,22789.8354988,201330.288,4551.084,252.0,19.2,0.0,0.0,0.0,0.0,278563,0.0
3312,18681.034477,5774.428,11444.64,12747.004,0.0,21493.321523,201330.288,4551.084,252.0,19.2,0.0,0.0,0.0,0.0,276293,0.0
3313,11585.5433704,5745.55586,11444.64,12903.272,0.0,21258.1667696,206529.138,4551.084,176.4,19.2,0.0,0.0,0.0,0.0,274213,0.0
3314,10390.2934955,5745.55586,11444.64,12903.272,0.0,20127.4166445,206529.138,4551.084,176.4,19.2,0.0,0.0,0.0,0.0,271887,0.0
3315,8518.14357519,5745.55586,11444.64,12903.272,0.0,20036.5665648,206529.138,4551.084,176.4,19.2,0.0,0.0,0.0,0.0,269924,0.0
3316,7707.31514976,5745.55586,11444.64,12903.272,0.0,18949.3949902,206529.138,4551.084,176.4,19.2,0.0,0.0,0.0,0.0,268026,0.0
3317,7233.6957334,5745.55586,11444.64,12903.272,0.0,17532.0144066,206529.138,4551.084,176.4,19.2,0.0,0.0,0.0,0.0,266135,0.0
3318,6465.43735913,5745.55586,11444.64,12903.272,0.0,15982.2727809,206529.138,4551.084,176.4,19.2,0.0,0.0,0.0,0.0,263817,0.0
3319,6371.86078074,5745.55586,11444.64,12903.272,1105.75711126,13805.092248,206529.138,4551.084,176.4,19.2,0.0,0.0,0.0,0.0,262652,0.0
3320,4763.67727835,5745.55586,11444.64,12903.272,6249.91137599,10655.1214857,206529.138,4551.084,176.4,19.2,0.0,0.0,0.0,0.0,263038,0.0
3321,3433.716,5745.55586,11444.64,12903.272,13688.9336165,8622.51382497,204727.884699,4354.884,176.4,19.2,0.0,0.0,0.0,0.0,265117,0.0
3322,3433.716,5745.55586,11444.64,12903.272,21456.7794394,6593.35424453,202441.194456,4260.888,176.4,19.2,0.0,0.0,0.0,0.0,268475,0.0
3323,3433.716,5745.55586,11444.64,12903.272,27654.8967303,4817.22671516,202082.204695,4260.888,176.4,19.2,0.0,0.0,0.0,0.0,272538,0.0
3324,3433.716,5745.55586,11444.64,12903.272,31524.7576595,4865.22284031,202700.34764,4260.888,176.4,19.2,0.0,0.0,0.0,0.0,277074,0.0
3325,3433.716,5745.55586,11444.64,12903.272,33135.9661018,6022.87361127,204508.492427,4354.884,176.4,19.2,0.0,0.0,0.0,0.0,281745,0.0
3326,3433.716,5745.55586,11444.64,12903.272,32030.9026697,8011.67392281,206290.555547,4551.084,176.4,19.2,0.0,0.0,0.0,0.0,284607,0.0
3327,4394.83125771,5745.55586,11444.64,12903.272,27980.7479612,11033.1309211,206529.138,4551.084,176.4,19.2,0.0,0.0,0.0,0.0,284778,0.0
3328,4644.02736954,5745.55586,11444.64,12903.272,23299.3333744,13187.3599853,206539.127411,4551.084,176.4,19.2,0.0,0.0,0.0,0.0,282510,0.0
3329,7758.42938879,5745.55586,11444.64,12903.272,16178.9235692,15370.8571821,206569.638,4551.084,176.4,19.2,0.0,0.0,0.0,0.0,280718,0.0
3330,14264.149808,5745.55586,11444.64,12903.272,7438.56209556,17666.4982364,206569.638,4551.084,176.4,19.2,0.0,0.0,0.0,0.0,280779,0.0
3331,18674.8443469,5745.55586,11444.64,12903.272,1178.94743148,20124.4183617,206569.638,4551.084,176.4,19.2,0.0,0.0,0.0,0.0,281388,0.0
3332,19055.3133587,5745.55586,11444.64,12903.272,0.0,23019.8967813,206569.638,4551.084,176.4,19.2,0.0,0.0,0.0,0.0,283485,0.0
3333,21658.7442963,5745.55586,11444.64,12903.272,0.0,25401.4658437,206569.638,4551.084,176.4,19.2,0.0,0.0,0.0,0.0,288470,0.0
3334,24609.7137518,5745.55586,11444.64,12903.272,0.0,26214.4963882,206569.638,4551.084,176.4,19.2,0.0,0.0,0.0,0.0,292234,0.0
3335,24542.8914235,5745.55586,11444.64,12903.272,0.0,25598.3187165,206569.638,4551.084,176.4,19.2,0.0,0.0,0.0,0.0,291551,0.0
3336,21042.6839564,5745.55586,11444.64,12903.272,0.0,24678.5261836,206569.638,4551.084,176.4,19.2,0.0,0.0,0.0,0.0,287131,0.0
3337,19674.2831112,5759.99193,11444.64,13305.104,0.0,24001.7589588,203393.538,4353.084,176.4,19.2,0.0,0.0,0.0,0.0,282128,0.0
3338,14902.8761219,5759.99193,11444.64,13305.104,0.0,22851.0659481,203563.638,4353.084,176.4,19.2,0.0,0.0,0.0,0.0,276376,0.0
3339,11537.2663349,5759.99193,11444.64,13305.104,0.0,21927.7757351,203393.538,4353.084,176.4,19.2,0.0,0.0,0.0,0.0,271917,0.0
3340,10072.5062599,5759.99193,11444.64,13305.104,0.0,20452.144685,203180.929125,4353.084,176.4,19.2,0.0,0.0,0.0,0.0,268764,0.0
3341,9969.0034261,5759.99193,11444.64,13305.104,0.0,19167.0386439,203123.538,4353.084,176.4,19.2,0.0,0.0,0.0,0.0,267318,0.0
3342,11480.7326667,5759.99193,11444.64,13305.104,0.0,17899.3094033,203123.538,4353.084,176.4,19.2,0.0,0.0,0.0,0.0,267562,0.0
3343,13172.486587,5759.99193,11444.64,13305.104,1116.41522235,16300.1402607,203123.538,4353.084,176.4,19.2,0.0,0.0,0.0,0.0,268771,0.0
3344,12349.4829178,5759.99193,11444.64,13305.104,6182.8683161,14086.5908361,203428.638,4353.084,176.4,19.2,0.0,0.0,0.0,0.0,271106,0.0
3345,7744.43065363,5759.99193,11444.64,13305.104,13969.8827403,14306.6286761,203563.638,4353.084,176.4,19.2,0.0,0.0,0.0,0.0,274643,0.0
3346,5544.11817513,5759.99193,11444.64,13305.104,22217.1636232,13137.3602716,203506.938,4353.084,176.4,19.2,0.0,0.0,0.0,0.0,279464,0.0
3347,5319.84534347,5759.99193,11444.64,13305.104,28246.8993756,11604.197351,203563.638,4353.084,176.4,19.2,0.0,0.0,0.0,0.0,283793,0.0
3348,5044.29701122,5759.99193,11444.64,13305.104,32600.3989328,10805.246126,203563.638,4353.084,176.4,19.2,0.0,0.0,0.0,0.0,287072,0.0
3349,5606.66412096,5759.99193,11444.64,13305.104,33833.3788112,11169.8991379,203563.638,4353.084,176.4,19.2,0.0,0.0,0.0,0.0,289232,0.0
3350,5789.6880619,5759.99193,11444.64,13305.104,33389.043111,12993.2108971,203428.638,4353.084,176.4,19.2,0.0,0.0,0.0,0.0,290659,0.0
3351,5626.61889622,5759.99193,11444.64,13305.104,29954.0454359,16461.2777379,203563.638,4353.084,176.4,19.2,0.0,0.0,0.0,0.0,290664,0.0
3352,5468.99445959,5759.99193,11444.64,13305.104,23972.7274185,21027.2201919,203563.638,4353.084,176.4,19.2,0.0,0.0,0.0,0.0,289091,0.0
3353,6791.99310096,5759.99193,11444.64,13305.104,15656.180816,26150.7681531,203428.638,4353.084,176.4,19.2,0.0,0.0,0.0,0.0,287086,0.0
3354,10974.1364122,5759.99193,11444.64,13305.104,7291.10138371,31613.1042741,203450.238,4353.084,176.4,19.2,0.0,0.0,0.0,0.0,288387,0.0
3355,11817.3867449,5759.99193,11444.64,13305.104,1175.41031314,37963.145012,203563.638,4353.084,176.4,19.2,0.0,0.0,0.0,0.0,289578,0.0
3356,8972.22762072,5759.99193,11444.64,13305.104,0.0,44103.7144493,203563.638,4353.084,176.4,19.2,0.0,0.0,0.0,0.0,291698,0.0
3357,9858.81962724,5759.99193,11444.64,13305.104,0.0,47824.5224428,203315.238,4353.084,176.4,19.2,0.0,0.0,0.0,0.0,296057,0.0
3358,15080.5011425,5759.99193,11444.64,13305.104,0.0,47425.5409275,203123.538,4353.084,176.4,19.2,0.0,0.0,0.0,0.0,300688,0.0
3359,16294.8578921,5759.99193,11444.64,13305.104,0.0,45059.1841779,203123.538,4353.084,176.4,19.2,0.0,0.0,0.0,0.0,299536,0.0
3360,15190.6750119,5759.99193,11444.64,13305.104,0.0,43054.3670581,203123.538,4353.084,176.4,19.2,0.0,0.0,0.0,0.0,296427,0.0
3361,17879.6433152,5817.73621,11444.64,13706.936,0.0,41340.0374748,197746.173,4113.234,176.4,19.2,0.0,0.0,0.0,0.0,292244,0.0
3362,13807.5267113,5817.73621,11444.64,13706.936,0.0,39886.5724978,198146.850581,4110.138,176.4,19.2,0.0,0.0,0.0,0.0,287116,0.0
3363,10782.0476719,5817.73621,11444.64,13706.936,0.0,38311.3331181,197935.173,4110.534,176.4,19.2,0.0,0.0,0.0,0.0,282304,0.0
3364,10232.8593912,5817.73621,11444.64,13706.936,0.0,35625.3673988,197746.173,4064.688,176.4,19.2,0.0,0.0,0.0,0.0,278834,0.0
3365,10558.906546,5817.73621,11444.64,13706.936,0.0,32596.320244,197746.173,4064.688,176.4,19.2,0.0,0.0,0.0,0.0,276131,0.0
3366,10631.3270335,5817.73621,11444.64,13706.936,0.0,31039.8997565,197746.173,4064.688,176.4,19.2,0.0,0.0,0.0,0.0,274647,0.0
3367,11192.0019753,5817.73621,11444.64,13706.936,1172.94655689,29555.2782578,197746.173,4064.688,176.4,19.2,0.0,0.0,0.0,0.0,274896,0.0
3368,12728.3153724,5817.73621,11444.64,13706.936,6332.06534369,25012.0000739,197881.173,4110.534,176.4,19.2,0.0,0.0,0.0,0.0,277229,0.0
3369,9251.86983721,5817.73621,11444.64,13706.936,14238.6104934,24298.5504594,198259.173,4129.884,176.4,19.2,0.0,0.0,0.0,0.0,281343,0.0
3370,3646.99735838,5817.73621,11444.64,13706.936,21994.3798676,27318.8995641,198070.173,4141.638,176.4,19.2,0.0,0.0,0.0,0.0,286337,0.0
3371,3332.67223879,5817.73621,11444.64,13706.936,28136.1221054,26204.4364458,198070.173,4158.684,176.4,19.2,0.0,0.0,0.0,0.0,291067,0.0
3372,5522.09960765,5817.73621,11444.64,13706.936,32566.3115476,23132.8196347,198259.173,4158.684,176.4,19.2,0.0,0.0,0.0,0.0,294804,0.0
3373,7368.05857772,5817.73621,11444.64,13706.936,34550.2956308,22303.8765815,198124.173,4158.684,176.4,19.2,0.0,0.0,0.0,0.0,297670,0.0
3374,6797.98974131,5817.73621,11444.64,13706.936,33955.3457307,24462.941318,197935.173,4141.638,176.4,19.2,0.0,0.0,0.0,0.0,298458,0.0
3375,5462.5847772,5817.73621,11444.64,13706.936,30541.3138763,28790.6321365,198070.173,4098.384,176.4,19.2,0.0,0.0,0.0,0.0,298128,0.0
3376,5416.97407485,5817.73621,11444.64,13706.936,23294.3688962,33072.1878189,198070.173,4098.384,176.4,19.2,0.0,0.0,0.0,0.0,295117,0.0
3377,5111.5686238,5817.73621,11444.64,13706.936,15862.6518749,37600.0102914,198259.173,4158.684,176.4,19.2,0.0,0.0,0.0,0.0,292157,0.0
3378,8771.55686296,5817.73621,11444.64,13706.936,7657.38690521,41663.6330218,197935.173,4081.338,176.4,19.2,0.0,0.0,0.0,0.0,291274,0.0
3379,10845.5281784,5817.73621,11444.64,13706.936,1296.34678544,46133.5058261,198070.173,4110.534,176.4,19.2,0.0,0.0,0.0,0.0,291621,0.0
3380,8762.40351732,5817.73621,11444.64,13706.936,0.0,51067.4772727,197746.173,4142.034,176.4,19.2,0.0,0.0,0.0,0.0,292883,0.0
3381,10260.007956,5817.73621,11444.64,13706.936,0.0,53536.568834,198259.173,4081.338,176.4,19.2,0.0,0.0,0.0,0.0,297302,0.0
3382,17101.1379689,5817.73621,11444.64,13706.936,0.0,51268.5888211,198070.173,4096.188,176.4,19.2,0.0,0.0,0.0,0.0,301701,0.0
3383,20032.0348334,5817.73621,11444.64,13706.936,0.0,47717.3459566,197935.173,4110.534,176.4,19.2,0.0,0.0,0.0,0.0,300960,0.0
3384,18787.7795293,5817.73621,11444.64,13706.936,0.0,45271.7512607,197881.173,4098.384,176.4,19.2,0.0,0.0,0.0,0.0,297204,0.0
3385,32739.6311888,5861.04442,11444.64,13907.852,0.0,45336.2893912,182183.373,1140.57,176.4,19.2,0.0,0.0,0.0,0.0,292809,0.0
3386,24581.6838968,5861.04442,11444.64,13907.852,0.0,47922.2366832,182345.373,1140.57,176.4,19.2,0.0,0.0,0.0,0.0,287399,0.0
3387,16180.8028965,5861.04442,11444.64,13907.852,0.0,51764.1176835,182345.373,1140.57,176.4,19.2,0.0,0.0,0.0,0.0,282840,0.0
3388,11907.8230336,5861.04442,11444.64,13907.852,0.0,52731.0975464,182345.373,1140.57,176.4,19.2,0.0,0.0,0.0,0.0,279534,0.0
3389,9528.19302714,5861.04442,11444.64,13907.852,0.0,52118.7275529,182345.373,1140.57,176.4,19.2,0.0,0.0,0.0,0.0,276542,0.0
3390,9682.70963568,5861.04442,11444.64,13907.852,0.0,50483.7055156,182208.878429,1140.57,176.4,19.2,0.0,0.0,0.0,0.0,274925,0.0
3391,11066.4493119,5861.04442,11444.64,13907.852,1270.64689178,47748.8243763,182021.373,1140.57,176.4,19.2,0.0,0.0,0.0,0.0,274657,0.0
3392,10420.7274718,5861.04442,11444.64,13907.852,6466.52538615,44003.6677221,182345.373,1140.57,176.4,19.2,0.0,0.0,0.0,0.0,275786,0.0
3393,3206.269,5861.04442,11444.64,13907.852,14546.3169736,46471.9947878,181602.198,1036.08481868,176.4,19.2,0.0,0.0,0.0,0.0,278272,0.0
3394,3206.269,5861.04442,11444.64,13907.852,22894.8821794,50446.087731,173850.73967,697.185,8.1,19.2,0.0,0.0,0.0,0.0,282336,0.0
3395,3206.269,5861.04442,11444.64,13907.852,29476.6843747,51663.8743575,169368.150848,697.185,8.1,19.2,0.0,0.0,0.0,0.0,285653,0.0
3396,3206.269,5861.04442,11444.64,13907.852,33730.9203598,51885.4338889,167667.355331,697.185,8.1,19.2,0.0,0.0,0.0,0.0,288428,0.0
3397,3206.269,5861.04442,11444.64,13907.852,35526.6239488,53390.4154708,166708.67016,697.185,8.1,19.2,0.0,0.0,0.0,0.0,290770,0.0
3398,3206.269,5861.04442,11444.64,13907.852,35001.9901583,56227.0235276,166197.695894,697.185,8.1,19.2,0.0,0.0,0.0,0.0,292571,0.0
3399,3206.269,5861.04442,11444.64,13907.852,31889.59516,61704.2041637,163991.910256,697.185,8.1,19.2,0.0,0.0,0.0,0.0,292730,0.0
3400,3206.269,5861.04442,11444.64,13907.852,26343.3689033,65853.9488011,163810.391876,697.185,8.1,19.2,0.0,0.0,0.0,0.0,291152,0.0
3401,3206.269,5861.04442,11444.64,13907.852,18248.221633,67981.0012209,168160.486726,697.185,8.1,19.2,0.0,0.0,0.0,0.0,289534,0.0
3402,3206.269,5861.04442,11444.64,13907.852,8716.51513044,67777.8613842,178930.333065,697.185,8.1,19.2,0.0,0.0,0.0,0.0,290569,0.0
3403,9843.53247923,5861.04442,11444.64,13907.852,1299.94094359,66420.4471572,182345.373,1140.57,176.4,19.2,0.0,0.0,0.0,0.0,292459,0.0
3404,14251.8096356,5861.04442,11444.64,13907.852,0.0,66213.1109444,182345.373,1140.57,176.4,19.2,0.0,0.0,0.0,0.0,295360,0.0
3405,18461.5853411,5861.04442,11444.64,13907.852,0.0,66563.3352389,182345.373,1140.57,176.4,19.2,0.0,0.0,0.0,0.0,299920,0.0
3406,18877.5382093,5861.04442,11444.64,13907.852,0.0,71744.3823707,182345.373,1140.57,176.4,19.2,0.0,0.0,0.0,0.0,305517,0.0
3407,15137.034305,5861.04442,11444.64,13907.852,0.0,74956.886275,182345.373,1140.57,176.4,19.2,0.0,0.0,0.0,0.0,304989,0.0
3408,9541.68126766,5861.04442,11444.64,13907.852,0.0,76906.2393123,182345.373,1140.57,176.4,19.2,0.0,0.0,0.0,0.0,301343,0.0
3409,12946.4337052,5889.91656,11444.64,14041.796,0.0,79294.7907348,172963.323,253.8,8.1,19.2,0.0,0.0,0.0,0.0,296862,0.0
3410,4931.27415906,5889.91656,11444.64,14041.796,0.0,82045.9502809,172963.323,253.8,8.1,19.2,0.0,0.0,0.0,0.0,291598,0.0
3411,3092.5455,5889.91656,11444.64,14041.796,0.0,84784.9401967,167396.061743,253.8,8.1,19.2,0.0,0.0,0.0,0.0,286931,0.0
3412,3092.5455,5889.91656,11444.64,14041.796,0.0,82415.8776626,167051.124277,253.8,8.1,19.2,0.0,0.0,0.0,0.0,284217,0.0
3413,3092.5455,5889.91656,11444.64,14041.796,0.0,77742.3850243,168672.616916,253.8,8.1,19.2,0.0,0.0,0.0,0.0,281165,0.0
3414,3092.5455,5889.91656,11444.64,14041.796,0.0,72593.21311,172306.78883,253.8,8.1,19.2,0.0,0.0,0.0,0.0,279650,0.0
3415,5576.67456392,5889.91656,11444.64,14041.796,1246.83130955,67885.7185665,172963.323,253.8,8.1,19.2,0.0,0.0,0.0,0.0,279330,0.0
3416,8680.72513171,5889.91656,11444.64,14041.796,6482.14025556,60396.3590527,172963.323,253.8,8.1,19.2,0.0,0.0,0.0,0.0,280180,0.0
3417,3092.5455,5889.91656,11444.64,14041.796,14575.4910518,59976.2724584,172962.23843,253.8,8.1,19.2,0.0,0.0,0.0,0.0,282264,0.0
3418,3092.5455,5889.91656,11444.64,14041.796,22853.9308403,60336.6789945,167921.392105,253.8,8.1,19.2,0.0,0.0,0.0,0.0,285862,0.0
3419,3092.5455,5889.91656,11444.64,14041.796,29305.0327538,56628.2941299,168062.675056,253.8,8.1,19.2,0.0,0.0,0.0,0.0,288746,0.0
3420,3092.5455,5889.91656,11444.64,14041.796,33385.4597129,52099.1856648,171463.356562,253.8,8.1,19.2,0.0,0.0,0.0,0.0,291698,0.0
3421,5738.93833069,5889.91656,11444.64,14041.796,35038.2255263,48743.0605831,172963.323,253.8,8.1,19.2,0.0,0.0,0.0,0.0,294141,0.0
3422,8974.26216746,5889.91656,11444.64,14041.796,34331.3003735,47713.1385807,173234.846318,253.8,8.1,19.2,0.0,0.0,0.0,0.0,295911,0.0
3423,9489.17691524,5889.91656,11444.64,14041.796,31263.9130838,49728.334441,173676.123,253.8,8.1,19.2,0.0,0.0,0.0,0.0,295815,0.0
3424,8946.55123157,5889.91656,11444.64,14041.796,25778.2256948,53295.6475136,173676.123,253.8,8.1,19.2,0.0,0.0,0.0,0.0,293354,0.0
3425,10188.2730319,5889.91656,11444.64,14041.796,17409.2887312,57667.862677,173676.123,253.8,8.1,19.2,0.0,0.0,0.0,0.0,290599,0.0
3426,15098.2261755,5889.91656,11444.64,14041.796,8094.70296368,61802.4953008,173676.123,253.8,8.1,19.2,0.0,0.0,0.0,0.0,290329,0.0
3427,18314.7441395,5889.91656,11444.64,14041.796,1316.84849028,65380.8318103,173676.123,253.8,8.1,19.2,0.0,0.0,0.0,0.0,290346,0.0
3428,15934.5804842,5889.91656,11444.64,14041.796,0.0,69668.8439558,173676.123,253.8,8.1,19.2,0.0,0.0,0.0,0.0,290937,0.0
3429,17717.5224323,5889.91656,11444.64,14041.796,0.0,70078.9020077,173676.123,253.8,8.1,19.2,0.0,0.0,0.0,0.0,293130,0.0
3430,22849.48004,5889.91656,11444.64,14041.796,0.0,66901.9444,173676.123,253.8,8.1,19.2,0.0,0.0,0.0,0.0,295085,0.0
3431,26247.6064587,5889.91656,11444.64,14041.796,0.0,60897.8179813,173676.123,253.8,8.1,19.2,0.0,0.0,0.0,0.0,292479,0.0
3432,27909.0587331,5889.91656,11444.64,14041.796,0.0,55549.5657069,173497.923,253.8,8.1,19.2,0.0,0.0,0.0,0.0,288614,0.0
3433,17479.2264117,6221.94617,11444.64,13930.176,0.0,52753.4684183,182021.373,1140.57,176.4,19.2,0.0,0.0,0.0,0.0,285187,0.0
3434,15985.0312106,6221.94617,11444.64,13930.176,0.0,49941.6636194,182021.373,1140.57,176.4,19.2,0.0,0.0,0.0,0.0,280881,0.0
3435,13761.312552,6221.94617,11444.64,13930.176,0.0,47818.382278,182021.373,1140.57,176.4,19.2,0.0,0.0,0.0,0.0,276534,0.0
3436,13553.139822,6221.94617,11444.64,13930.176,0.0,45001.555008,182021.373,1140.57,176.4,19.2,0.0,0.0,0.0,0.0,273509,0.0
3437,12701.248141,6221.94617,11444.64,13930.176,0.0,43066.446689,182021.373,1140.57,176.4,19.2,0.0,0.0,0.0,0.0,270722,0.0
3438,13593.5786967,6221.94617,11444.64,13930.176,0.0,41190.1161333,182021.373,1140.57,176.4,19.2,0.0,0.0,0.0,0.0,269738,0.0
3439,14637.6145735,6221.94617,11444.64,13930.176,1282.07929884,39457.0009576,182021.373,1140.57,176.4,19.2,0.0,0.0,0.0,0.0,270331,0.0
3440,16188.8817329,6221.94617,11444.64,13930.176,6110.24570971,34856.3479024,182277.592485,1140.57,176.4,19.2,0.0,0.0,0.0,0.0,272366,0.0
3441,11161.7466827,6221.94617,11444.64,13930.176,13876.832341,34646.1158063,182345.373,1140.57,176.4,19.2,0.0,0.0,0.0,0.0,274963,0.0
3442,3116.54544997,6221.94617,11444.64,13930.176,22093.1130702,38435.0363098,182345.373,1140.57,176.4,19.2,0.0,0.0,0.0,0.0,278923,0.0
3443,3077.8715,6221.94617,11444.64,13930.176,28681.202438,41081.6558545,177427.023037,697.185,8.1,19.2,0.0,0.0,0.0,0.0,282589,0.0
3444,3077.8715,6221.94617,11444.64,13930.176,32756.4120082,43222.9755927,174126.493729,697.185,8.1,19.2,0.0,0.0,0.0,0.0,285505,0.0
3445,3077.8715,6221.94617,11444.64,13930.176,34436.0455773,46317.8661704,171522.969582,697.185,8.1,19.2,0.0,0.0,0.0,0.0,287676,0.0
3446,3077.8715,6221.94617,11444.64,13930.176,34109.803897,50957.7953007,168694.282132,697.185,8.1,19.2,0.0,0.0,0.0,0.0,289161,0.0
3447,3077.8715,6221.94617,11444.64,13930.176,30768.9282228,57333.1404936,164945.812614,697.185,8.1,19.2,0.0,0.0,0.0,0.0,288447,0.0
3448,3077.8715,6221.94617,11444.64,13930.176,24096.3734659,62403.3592601,163877.148604,697.185,8.1,19.2,0.0,0.0,0.0,0.0,285776,0.0
3449,3077.8715,6221.94617,11444.64,13930.176,16966.8084228,64353.2452945,166784.827613,697.185,8.1,19.2,0.0,0.0,0.0,0.0,283504,0.0
3450,3077.8715,6221.94617,11444.64,13930.176,8004.54657308,64500.3099524,176200.024805,697.185,8.1,19.2,0.0,0.0,0.0,0.0,284104,0.0
3451,4688.11073337,6221.94617,11444.64,13930.176,1032.62228646,64140.9618102,182345.373,1140.57,176.4,19.2,0.0,0.0,0.0,0.0,285140,0.0
3452,6579.25873287,6221.94617,11444.64,13930.176,0.0,65470.4360971,182345.373,1140.57,176.4,19.2,0.0,0.0,0.0,0.0,287328,0.0
3453,11887.3573647,6221.94617,11444.64,13930.176,0.0,64131.3374653,182345.373,1140.57,176.4,19.2,0.0,0.0,0.0,0.0,291297,0.0
3454,18922.8842828,6221.94617,11444.64,13930.176,0.0,60414.8105472,182345.373,1140.57,176.4,19.2,0.0,0.0,0.0,0.0,294616,0.0
3455,22177.3865736,6221.94617,11444.64,13930.176,0.0,55593.3082564,182345.373,1140.57,176.4,19.2,0.0,0.0,0.0,0.0,293049,0.0
3456,23227.5967394,6221.94617,11444.64,13930.176,0.0,51658.0980906,182345.373,1140.57,176.4,19.2,0.0,0.0,0.0,0.0,290164,0.0
3457,25958.517465,6337.43473,11444.64,14265.036,0.0,48372.478805,178968.123,1140.57,252.0,19.2,0.0,0.0,0.0,0.0,286758,0.0
3458,24254.6972882,6337.43473,11444.64,14265.036,0.0,46106.2989818,178968.123,1140.57,252.0,19.2,0.0,0.0,0.0,0.0,282788,0.0
3459,22388.9022239,6337.43473,11444.64,14265.036,0.0,43947.0940461,178968.123,1140.57,252.0,19.2,0.0,0.0,0.0,0.0,278763,0.0
3460,20832.5912743,6337.43473,11444.64,14265.036,0.0,42052.4049957,178968.123,1140.57,252.0,19.2,0.0,0.0,0.0,0.0,275312,0.0
3461,17680.1852371,6337.43473,11444.64,14265.036,0.0,41137.8110329,178968.123,1140.57,252.0,19.2,0.0,0.0,0.0,0.0,271245,0.0
3462,15130.9746254,6337.43473,11444.64,14265.036,0.0,40542.0216446,178968.123,1140.57,252.0,19.2,0.0,0.0,0.0,0.0,268100,0.0
3463,12876.2651226,6337.43473,11444.64,14265.036,1306.68754987,39450.0435975,178968.123,1140.57,252.0,19.2,0.0,0.0,0.0,0.0,266060,0.0
3464,11021.1003969,6337.43473,11444.64,14265.036,6310.76438697,35121.1314861,178968.123,1140.57,252.0,19.2,0.0,0.0,0.0,0.0,264880,0.0
3465,4443.31833973,6337.43473,11444.64,14265.036,14001.0045067,33677.4958529,178968.123,1140.57,237.177570659,19.2,0.0,0.0,0.0,0.0,264534,0.0
3466,3033.8495,6337.43473,11444.64,14265.036,21527.8241836,34876.0741895,173110.656397,697.185,8.1,19.2,0.0,0.0,0.0,0.0,265320,0.0
3467,3033.8495,6337.43473,11444.64,14265.036,27901.9612947,35750.2318837,166722.361592,697.185,8.1,19.2,0.0,0.0,0.0,0.0,266180,0.0
3468,3033.8495,6337.43473,11444.64,14265.036,32145.6687858,35805.0624698,163062.823514,697.185,8.1,19.2,0.0,0.0,0.0,0.0,266819,0.0
3469,3033.8495,6337.43473,11444.64,14265.036,34137.3275779,36183.0031056,161315.224087,697.185,8.1,19.2,0.0,0.0,0.0,0.0,267441,0.0
3470,3033.8495,6337.43473,11444.64,14265.036,33536.4907941,36188.0735765,161796.990399,697.185,8.1,19.2,0.0,0.0,0.0,0.0,267327,0.0
3471,3033.8495,6337.43473,11444.64,14265.036,30341.1658372,36193.2497468,163215.139186,697.185,8.1,19.2,0.0,0.0,0.0,0.0,265555,0.0
3472,3033.8495,6337.43473,11444.64,14265.036,22709.6314684,36051.3787593,168065.544542,697.185,8.1,19.2,0.0,0.0,0.0,0.0,262632,0.0
3473,3033.8495,6337.43473,11444.64,14265.036,17187.2384824,38079.8125438,168648.503744,697.185,8.1,19.2,0.0,0.0,0.0,0.0,259721,0.0
3474,3033.8495,6337.43473,11444.64,14265.036,8344.74606917,43641.5078959,171907.300805,697.185,8.1,19.2,0.0,0.0,0.0,0.0,259699,0.0
3475,3033.8495,6337.43473,11444.64,14265.036,1335.51179274,51567.5980088,172614.444968,697.185,8.1,19.2,0.0,0.0,0.0,0.0,261323,0.0
3476,3033.8495,6337.43473,11444.64,14265.036,0.0,60390.4083869,167592.146383,697.185,8.1,19.2,0.0,0.0,0.0,0.0,263788,0.0
3477,3033.8495,6337.43473,11444.64,14265.036,0.0,63568.340289,168195.214481,697.185,8.1,19.2,0.0,0.0,0.0,0.0,267569,0.0
3478,3033.8495,6337.43473,11444.64,14265.036,0.0,61589.7312192,173429.823551,697.185,8.1,19.2,0.0,0.0,0.0,0.0,270825,0.0
3479,3033.8495,6337.43473,11444.64,14265.036,0.0,55141.5672433,177936.987527,697.185,8.1,19.2,0.0,0.0,0.0,0.0,268884,0.0
3480,5301.83802676,6337.43473,11444.64,14265.036,0.0,47248.1582432,178968.123,1140.57,252.0,19.2,0.0,0.0,0.0,0.0,264977,0.0
3481,3110.888,6553.97578,11444.64,14666.868,0.0,42057.2807677,181276.801452,2112.246,8.1,19.2,0.0,0.0,0.0,0.0,261250,0.0
3482,3110.888,6553.97578,11444.64,14666.868,0.0,38960.8466987,180718.235521,2112.246,8.1,19.2,0.0,0.0,0.0,0.0,257595,0.0
3483,3110.888,6553.97578,11444.64,14666.868,0.0,38507.8002932,177868.281927,2112.246,8.1,19.2,0.0,0.0,0.0,0.0,254292,0.0
3484,3110.888,6553.97578,11444.64,14666.868,0.0,35157.9271755,179474.155045,2112.246,8.1,19.2,0.0,0.0,0.0,0.0,252548,0.0
3485,3110.888,6553.97578,11444.64,14666.868,0.0,31840.8235701,181450.25865,2112.246,8.1,19.2,0.0,0.0,0.0,0.0,251207,0.0
3486,3110.888,6553.97578,11444.64,14666.868,0.0,30400.644217,183201.438003,2112.246,8.1,19.2,0.0,0.0,0.0,0.0,251518,0.0
3487,3110.888,6553.97578,11444.64,14666.868,1225.19933211,30236.0427596,182640.840128,2112.246,8.1,19.2,0.0,0.0,0.0,0.0,252018,0.0
3488,3110.888,6553.97578,11444.64,14666.868,5999.96271673,28254.7893048,181706.330198,2112.246,8.1,19.2,0.0,0.0,0.0,0.0,253877,0.0
3489,3110.888,6553.97578,11444.64,14666.868,13664.1133791,28647.5782556,176688.390585,2112.246,8.1,19.2,0.0,0.0,0.0,0.0,256916,0.0
3490,3110.888,6553.97578,11444.64,14666.868,21425.7339449,29496.9492918,172425.398983,2112.246,8.1,19.2,0.0,0.0,0.0,0.0,261264,0.0
3491,3110.888,6553.97578,11444.64,14666.868,27899.1187892,26605.1936508,173062.76978,2112.246,8.1,19.2,0.0,0.0,0.0,0.0,265483,0.0
3492,3110.888,6553.97578,11444.64,14666.868,31483.2918632,22792.4825836,177919.307773,2112.246,8.1,19.2,0.0,0.0,0.0,0.0,270111,0.0
3493,3110.888,6553.97578,11444.64,14666.868,32825.9449615,20189.1712909,183080.965968,2112.246,8.1,19.2,0.0,0.0,0.0,0.0,274012,0.0
3494,3110.888,6553.97578,11444.64,14666.868,32084.3291536,19966.134268,185819.618798,2112.246,8.1,19.2,0.0,0.0,0.0,0.0,275786,0.0
3495,3110.888,6553.97578,11444.64,14666.868,29210.5992322,21132.4218896,186734.561098,2269.746,8.1,19.2,0.0,0.0,0.0,0.0,275151,0.0
3496,3110.888,6553.97578,11444.64,14666.868,23647.8626968,22561.0366089,187500.742914,2485.386,176.4,19.2,0.0,0.0,0.0,0.0,272167,0.0
3497,3500.65771785,6553.97578,11444.64,14666.868,15918.7426417,23460.1398604,190474.173,3970.692,484.911,19.2,0.0,0.0,0.0,0.0,270494,0.0
3498,11929.786101,6553.97578,11444.64,14666.868,8201.80669572,23553.9474233,190474.173,3970.692,484.911,19.2,0.0,0.0,0.0,0.0,271300,0.0
3499,18517.6946488,6553.97578,11444.64,14666.868,1358.42128223,24747.424289,190474.173,3970.692,484.911,19.2,0.0,0.0,0.0,0.0,272238,0.0
3500,19918.3029227,6553.97578,11444.64,14666.868,0.0,27190.3711,190474.173,3970.692,391.777197263,19.2,0.0,0.0,0.0,0.0,274630,0.0
3501,22733.6735116,6553.97578,11444.64,14666.868,0.0,28812.9777084,190474.173,3970.692,370.8,19.2,0.0,0.0,0.0,0.0,279047,0.0
3502,25916.3944505,6553.97578,11444.64,14666.868,0.0,28121.2567695,190474.173,3970.692,370.8,19.2,0.0,0.0,0.0,0.0,281538,0.0
3503,25785.0966254,6553.97578,11444.64,14666.868,0.0,25881.5545946,190474.173,3970.692,370.8,19.2,0.0,0.0,0.0,0.0,279167,0.0
3504,24286.4690222,6553.97578,11444.64,14666.868,0.0,24187.0711978,190474.173,3970.692,484.911,19.2,0.0,0.0,0.0,0.0,276088,0.0
3505,15070.9667232,6799.38897,11444.64,15224.968,0.0,23661.5793068,196324.173,4158.684,176.4,19.2,0.0,0.0,0.0,0.0,272880,0.0
3506,11565.3622947,6799.38897,11444.64,15224.968,0.0,23150.1837353,196189.173,4158.684,176.4,19.2,0.0,0.0,0.0,0.0,268728,0.0
3507,8847.39671529,6799.38897,11444.64,15224.968,0.0,22263.1493147,196189.173,4158.684,176.4,19.2,0.0,0.0,0.0,0.0,265123,0.0
3508,9084.97533459,6799.38897,11444.64,15224.968,0.0,19629.5706954,196324.173,4158.684,176.4,19.2,0.0,0.0,0.0,0.0,262862,0.0
3509,8828.07643102,6799.38897,11444.64,15224.968,0.0,18015.9235355,196258.719063,4158.684,176.4,19.2,0.0,0.0,0.0,0.0,260926,0.0
3510,8465.43599571,6799.38897,11444.64,15224.968,0.0,17562.1100343,196324.173,4158.684,176.4,19.2,0.0,0.0,0.0,0.0,260175,0.0
3511,8373.22829367,6799.38897,11444.64,15224.968,1195.40905953,17449.9086768,196324.173,4158.684,176.4,19.2,0.0,0.0,0.0,0.0,261166,0.0
3512,7995.23411091,6799.38897,11444.64,15224.968,5893.65202069,15996.6598984,196324.173,4158.684,176.4,19.2,0.0,0.0,0.0,0.0,264033,0.0
3513,5647.15375262,6799.38897,11444.64,15224.968,12483.6612785,15926.7309989,196324.173,4158.684,176.4,19.2,0.0,0.0,0.0,0.0,268205,0.0
3514,3125.562,6799.38897,11444.64,15224.968,19939.171556,16493.4800535,195973.501421,4064.688,176.4,19.2,0.0,0.0,0.0,0.0,273261,0.0
3515,3125.562,6799.38897,11444.64,15224.968,25886.4035271,16729.9622994,194731.173,4054.3022035,176.4,19.2,0.0,0.0,0.0,0.0,278192,0.0
3516,3125.562,6799.38897,11444.64,15224.968,30295.818011,17950.3764108,193755.019608,2649.627,176.4,19.2,0.0,0.0,0.0,0.0,281441,0.0
3517,3125.562,6799.38897,11444.64,15224.968,31361.7434589,19788.2935864,192533.176985,2649.627,176.4,19.2,0.0,0.0,0.0,0.0,283123,0.0
3518,3125.562,6799.38897,11444.64,15224.968,30706.7535273,22054.2314111,191649.474092,2579.382,176.4,19.2,0.0,0.0,0.0,0.0,283780,0.0
3519,3125.562,6799.38897,11444.64,15224.968,27804.0529666,25179.0986171,190852.247446,2363.742,8.1,19.2,0.0,0.0,0.0,0.0,282821,0.0
3520,3125.562,6799.38897,11444.64,15224.968,21708.457086,27970.7246315,190877.217312,2363.742,8.1,19.2,0.0,0.0,0.0,0.0,279542,0.0
3521,3125.562,6799.38897,11444.64,15224.968,14487.8183891,30945.6125964,192021.783045,2649.627,176.4,19.2,0.0,0.0,0.0,0.0,276895,0.0
3522,4427.75445684,6799.38897,11444.64,15224.968,6877.8270613,32339.9645119,196324.173,4158.684,176.4,19.2,0.0,0.0,0.0,0.0,277793,0.0
3523,10450.3652771,6799.38897,11444.64,15224.968,1267.44923212,33857.7315208,196324.173,4158.684,176.4,19.2,0.0,0.0,0.0,0.0,279723,0.0
3524,12082.2626141,6799.38897,11444.64,15224.968,0.0,36373.2834159,196324.173,4158.684,176.4,19.2,0.0,0.0,0.0,0.0,282603,0.0
3525,15026.0063916,6799.38897,11444.64,15224.968,0.0,37958.5396384,196324.173,4158.684,176.4,19.2,0.0,0.0,0.0,0.0,287132,0.0
3526,19748.637673,6799.38897,11444.64,15224.968,0.0,36697.908357,196324.173,4158.684,176.4,19.2,0.0,0.0,0.0,0.0,290594,0.0
3527,18700.067785,6799.38897,11444.64,15224.968,0.0,36001.478245,196324.173,4158.684,176.4,19.2,0.0,0.0,0.0,0.0,288849,0.0
3528,13044.8631507,6799.38897,11444.64,15224.968,0.0,37811.6828793,196324.173,4158.684,176.4,19.2,0.0,0.0,0.0,0.0,285004,0.0
3529,19377.4475985,7001.49395,11444.64,15537.504,0.0,39265.9784515,186766.173,1835.163,176.4,19.2,0.0,0.0,0.0,0.0,281424,0.0
3530,14310.6000942,7001.49395,11444.64,15537.504,0.0,39928.8259558,186766.173,1835.163,176.4,19.2,0.0,0.0,0.0,0.0,277020,0.0
3531,11192.3266813,7001.49395,11444.64,15537.504,0.0,39682.0993687,186766.173,1835.163,176.4,19.2,0.0,0.0,0.0,0.0,273655,0.0
3532,12613.4854222,7001.49395,11444.64,15537.504,0.0,36021.9406278,186766.173,1835.163,176.4,19.2,0.0,0.0,0.0,0.0,271416,0.0
3533,13948.1006791,7001.49395,11444.64,15537.504,0.0,32331.1496623,186766.173,2014.33870859,176.4,19.2,0.0,0.0,0.0,0.0,269239,0.0
3534,15372.1165443,7001.49395,11444.64,15537.504,0.0,29162.7165057,186766.173,2421.756,176.4,19.2,0.0,0.0,0.0,0.0,267902,0.0
3535,17001.7017522,7001.49395,11444.64,15537.504,1295.29205432,26204.8392435,186766.173,2421.756,176.4,19.2,0.0,0.0,0.0,0.0,267869,0.0
3536,17359.8299341,7001.49395,11444.64,15537.504,6159.51204642,22061.4910694,186766.173,2421.756,176.4,19.2,0.0,0.0,0.0,0.0,268948,0.0
3537,11974.359908,7001.49395,11444.64,15537.504,13904.5590435,21584.9140985,186766.173,2421.756,176.4,19.2,0.0,0.0,0.0,0.0,270831,0.0
3538,6655.19614689,7001.49395,11444.64,15537.504,21461.2889446,23757.3479585,186766.173,2421.756,176.4,19.2,0.0,0.0,0.0,0.0,275241,0.0
3539,3052.192,7001.49395,11444.64,15537.504,28249.6595548,26132.4231581,186707.324337,1781.163,176.4,19.2,0.0,0.0,0.0,0.0,280102,0.0
3540,3052.192,7001.49395,11444.64,15537.504,32452.361835,29277.402649,183917.827566,1495.278,8.1,19.2,0.0,0.0,0.0,0.0,284206,0.0
3541,3052.192,7001.49395,11444.64,15537.504,34225.7319897,32184.8202003,182525.53986,1337.778,8.1,19.2,0.0,0.0,0.0,0.0,287337,0.0
3542,3052.192,7001.49395,11444.64,15537.504,33656.0468906,35898.2340362,181198.811123,1337.778,8.1,19.2,0.0,0.0,0.0,0.0,289154,0.0
3543,3052.192,7001.49395,11444.64,15537.504,30350.8358305,40822.1330406,178948.123179,1337.778,8.1,19.2,0.0,0.0,0.0,0.0,288522,0.0
3544,3052.192,7001.49395,11444.64,15537.504,24363.1069263,44961.203739,178108.781385,1337.778,8.1,19.2,0.0,0.0,0.0,0.0,285834,0.0
3545,3052.192,7001.49395,11444.64,15537.504,16216.8283301,48559.3779348,179364.885785,1337.778,8.1,19.2,0.0,0.0,0.0,0.0,282542,0.0
3546,3052.192,7001.49395,11444.64,15537.504,7518.11222279,51620.3350069,184337.44482,1659.978,8.1,19.2,0.0,0.0,0.0,0.0,282199,0.0
3547,4526.80815647,7001.49395,11444.64,15537.504,1327.36482158,53896.6600719,186766.173,2421.756,176.4,19.2,0.0,0.0,0.0,0.0,283118,0.0
3548,5609.19110834,7001.49395,11444.64,15537.504,0.0,56189.6419417,186766.173,2421.756,176.4,19.2,0.0,0.0,0.0,0.0,285166,0.0
3549,7474.46739346,7001.49395,11444.64,15537.504,0.0,57706.3656565,186766.173,2421.756,176.4,19.2,0.0,0.0,0.0,0.0,288548,0.0
3550,9102.72449918,7001.49395,11444.64,15537.504,0.0,58301.1085508,186766.173,2421.756,176.4,19.2,0.0,0.0,0.0,0.0,290771,0.0
3551,7521.94436108,7001.49395,11444.64,15537.504,0.0,57368.8886889,186766.173,2421.756,176.4,19.2,0.0,0.0,0.0,0.0,288258,0.0
3552,3904.44672083,7001.49395,11444.64,15537.504,0.0,57117.3863292,186766.173,2421.756,176.4,19.2,0.0,0.0,0.0,0.0,284389,0.0
3553,16840.0815255,7261.34321,11444.64,16542.084,0.0,58106.6282645,170580.123,253.8,8.1,19.2,0.0,0.0,0.0,0.0,281056,0.0
3554,12499.77319,7261.34321,11444.64,16542.084,0.0,59287.9366,170580.123,253.8,8.1,19.2,0.0,0.0,0.0,0.0,277897,0.0
3555,9853.33123323,7261.34321,11444.64,16542.084,0.0,59819.3785568,170580.123,253.8,8.1,19.2,0.0,0.0,0.0,0.0,275782,0.0
3556,8774.46702331,7261.34321,11444.64,16542.084,0.0,58822.2427667,170580.123,253.8,8.1,19.2,0.0,0.0,0.0,0.0,273706,0.0
3557,8327.90518815,7261.34321,11444.64,16542.084,0.0,56686.1439986,170800.783603,253.8,8.1,19.2,0.0,0.0,0.0,0.0,271344,0.0
3558,9333.08980665,7261.34321,11444.64,16542.084,0.0,54156.6199834,170850.123,253.8,8.1,19.2,0.0,0.0,0.0,0.0,269869,0.0
3559,10785.1218336,7261.34321,11444.64,16542.084,1299.15486664,51099.4330898,170850.123,253.8,8.1,19.2,0.0,0.0,0.0,0.0,269563,0.0
3560,10941.5210369,7261.34321,11444.64,16542.084,6286.64995971,47169.5387934,170850.123,253.8,8.1,19.2,0.0,0.0,0.0,0.0,270777,0.0
3561,6149.36842537,7261.34321,11444.64,16542.084,14200.7584436,47234.582921,170850.123,253.8,8.1,19.2,0.0,0.0,0.0,0.0,273964,0.0
3562,3059.529,7261.34321,11444.64,16542.084,22011.7043344,48514.7214905,169527.877965,253.8,8.1,19.2,0.0,0.0,0.0,0.0,278643,0.0
3563,3059.529,7261.34321,11444.64,16542.084,28572.9298659,48868.615464,166918.75846,253.8,8.1,19.2,0.0,0.0,0.0,0.0,282949,0.0
3564,3059.529,7261.34321,11444.64,16542.084,33022.6374236,49903.8133362,165458.85303,253.8,8.1,19.2,0.0,0.0,0.0,0.0,286974,0.0
3565,3059.529,7261.34321,11444.64,16542.084,34915.1916513,50867.0629204,166454.049218,253.8,8.1,19.2,0.0,0.0,0.0,0.0,290825,0.0
3566,3059.529,7261.34321,11444.64,16542.084,34317.1746121,52941.0227442,167547.106434,253.8,8.1,19.2,0.0,0.0,0.0,0.0,293394,0.0
3567,3059.529,7261.34321,11444.64,16542.084,30966.3015428,55173.7224591,169185.279788,253.8,8.1,19.2,0.0,0.0,0.0,0.0,293914,0.0
3568,3059.529,7261.34321,11444.64,16542.084,25787.8728266,60736.4033056,167147.027658,253.8,8.1,19.2,0.0,0.0,0.0,0.0,292260,0.0
3569,3059.529,7261.34321,11444.64,16542.084,16815.1332645,66562.4978436,168074.672682,253.8,8.1,19.2,0.0,0.0,0.0,0.0,290041,0.0
3570,5285.08263196,7261.34321,11444.64,16542.084,7946.50386589,71269.1232922,170850.123,253.8,8.1,19.2,0.0,0.0,0.0,0.0,290880,0.0
3571,10039.3577766,7261.34321,11444.64,16542.084,1328.12766225,74402.2243512,170850.123,253.8,8.1,19.2,0.0,0.0,0.0,0.0,292149,0.0
3572,9190.98459721,7261.34321,11444.64,16542.084,0.0,79022.7251928,170850.123,253.8,8.1,19.2,0.0,0.0,0.0,0.0,294593,0.0
3573,11186.2873936,7261.34321,11444.64,16542.084,0.0,80768.4223964,170850.123,253.8,8.1,19.2,0.0,0.0,0.0,0.0,298334,0.0
3574,15595.1957182,7261.34321,11444.64,16542.084,0.0,79445.5140718,170850.123,253.8,8.1,19.2,0.0,0.0,0.0,0.0,301420,0.0
3575,16639.5538072,7261.34321,11444.64,16542.084,0.0,76073.1559828,170850.123,253.8,8.1,19.2,0.0,0.0,0.0,0.0,299092,0.0
3576,16444.9298126,7261.34321,11444.64,16542.084,0.0,72668.7799774,170850.123,253.8,8.1,19.2,0.0,0.0,0.0,0.0,295493,0.0
3577,13554.8393754,7405.70391,11444.64,16988.564,0.0,69728.4297146,172131.723,253.8,8.1,19.2,0.0,0.0,0.0,0.0,291535,0.0
3578,12075.8171804,7405.70391,11444.64,16988.564,0.0,67284.4519096,172131.723,253.8,8.1,19.2,0.0,0.0,0.0,0.0,287612,0.0
3579,11183.5173694,7405.70391,11444.64,16988.564,0.0,65029.7517206,172131.723,253.8,8.1,19.2,0.0,0.0,0.0,0.0,284465,0.0
3580,11588.8053105,7405.70391,11444.64,16988.564,0.0,62644.4637795,172131.723,253.8,8.1,19.2,0.0,0.0,0.0,0.0,282485,0.0
3581,12645.0836941,7405.70391,11444.64,16988.564,0.0,59987.1853959,172131.723,253.8,8.1,19.2,0.0,0.0,0.0,0.0,280884,0.0
3582,13803.2169965,7405.70391,11444.64,16988.564,0.0,57630.0520935,172131.723,253.8,8.1,19.2,0.0,0.0,0.0,0.0,279685,0.0
3583,14212.7294692,7405.70391,11444.64,16988.564,1303.83832428,55638.7012965,172131.723,253.8,8.1,19.2,0.0,0.0,0.0,0.0,279407,0.0
3584,11448.1875193,7405.70391,11444.64,16988.564,6352.1012346,54085.5643902,172360.138946,253.8,8.1,19.2,0.0,0.0,0.0,0.0,280366,0.0
3585,3187.9265,7405.70391,11444.64,16988.564,14064.1075972,56122.6604253,172320.297567,253.8,8.1,19.2,0.0,0.0,0.0,0.0,281815,0.0
3586,3187.9265,7405.70391,11444.64,16988.564,22216.0280948,57038.3645816,166376.672914,253.8,8.1,19.2,0.0,0.0,0.0,0.0,284939,0.0
3587,3187.9265,7405.70391,11444.64,16988.564,28793.1162847,57854.011811,163267.937494,253.8,8.1,19.2,0.0,0.0,0.0,0.0,289223,0.0
3588,3187.9265,7405.70391,11444.64,16988.564,32602.028829,59518.8089779,162255.227783,253.8,8.1,19.2,0.0,0.0,0.0,0.0,293684,0.0
3589,3187.9265,7405.70391,11444.64,16988.564,34522.1565736,61328.4898151,162684.419201,253.8,8.1,19.2,0.0,0.0,0.0,0.0,297843,0.0
3590,3187.9265,7405.70391,11444.64,16988.564,33729.3658144,63163.9381048,164215.761671,253.8,8.1,19.2,0.0,0.0,0.0,0.0,300417,0.0
3591,3187.9265,7405.70391,11444.64,16988.564,30991.2231186,64563.1154927,165259.726979,253.8,8.1,19.2,0.0,0.0,0.0,0.0,300122,0.0
3592,3187.9265,7405.70391,11444.64,16988.564,25311.3414295,66377.6482022,164146.075958,253.8,8.1,19.2,0.0,0.0,0.0,0.0,295143,0.0
3593,3187.9265,7405.70391,11444.64,16988.564,17420.8329242,66767.3478706,167070.884795,253.8,8.1,19.2,0.0,0.0,0.0,0.0,290567,0.0
3594,4668.28935642,7405.70391,11444.64,16988.564,8139.01794834,66642.5617852,172488.123,253.8,8.1,19.2,0.0,0.0,0.0,0.0,288058,0.0
3595,10499.603913,7405.70391,11444.64,16988.564,1464.89001467,66489.3751624,172488.123,253.8,8.1,19.2,0.0,0.0,0.0,0.0,287062,0.0
3596,11140.3395656,7405.70391,11444.64,16988.564,0.0,67683.5295244,172488.123,253.8,8.1,19.2,0.0,0.0,0.0,0.0,287432,0.0
3597,13205.3750008,7405.70391,11444.64,16988.564,0.0,68964.4940892,172488.123,253.8,8.1,19.2,0.0,0.0,0.0,0.0,290778,0.0
3598,14771.3784084,7405.70391,11444.64,16988.564,0.0,69594.4906816,172488.123,253.8,8.1,19.2,0.0,0.0,0.0,0.0,292974,0.0
3599,11995.7436103,7405.70391,11444.64,16988.564,0.0,70171.1254797,172488.123,253.8,8.1,19.2,0.0,0.0,0.0,0.0,290775,0.0
3600,6878.01773065,7405.70391,11444.64,16988.564,0.0,71274.8513594,172488.123,253.8,8.1,19.2,0.0,0.0,0.0,0.0,286761,0.0
3601,3132.899,7290.21535,11444.64,17368.072,0.0,71624.0132599,169301.61439,2112.246,8.1,19.2,0.0,0.0,0.0,0.0,282301,0.0
3602,3132.899,7290.21535,11444.64,17368.072,0.0,70908.0460598,165819.58159,2112.246,8.1,19.2,0.0,0.0,0.0,0.0,278103,0.0
3603,3132.899,7290.21535,11444.64,17368.072,0.0,67757.5065007,165214.121149,2112.246,8.1,19.2,0.0,0.0,0.0,0.0,274347,0.0
3604,3132.899,7290.21535,11444.64,17368.072,0.0,57537.7636219,172376.864028,2112.246,8.1,19.2,0.0,0.0,0.0,0.0,271290,0.0
3605,3132.899,7290.21535,11444.64,17368.072,0.0,48092.1165105,178524.511139,2112.246,8.1,19.2,0.0,0.0,0.0,0.0,267992,0.0
3606,3132.899,7290.21535,11444.64,17368.072,0.0,40393.0738975,184561.308,2499.19175252,176.4,19.2,0.0,0.0,0.0,0.0,266885,0.0
3607,4168.2493613,7290.21535,11444.64,17368.072,1343.25986709,35079.9984216,186032.673,3970.692,252.0,19.2,0.0,0.0,0.0,0.0,266969,0.0
3608,6358.74062481,7290.21535,11444.64,17368.072,6158.8474397,30231.5195855,186032.673,3970.692,176.4,19.2,0.0,0.0,0.0,0.0,269051,0.0
3609,3132.899,7290.21535,11444.64,17368.072,13879.1462758,29098.1096757,186032.673,3970.692,198.352698454,19.2,0.0,0.0,0.0,0.0,272434,0.0
3610,3132.899,7290.21535,11444.64,17368.072,21528.2349332,30391.5339692,183901.658748,2434.446,8.1,19.2,0.0,0.0,0.0,0.0,277519,0.0
3611,3132.899,7290.21535,11444.64,17368.072,28316.7467933,32082.3057873,180848.575069,2112.246,8.1,19.2,0.0,0.0,0.0,0.0,282623,0.0
3612,3132.899,7290.21535,11444.64,17368.072,32363.0180937,32874.6679501,180489.941606,2112.246,8.1,19.2,0.0,0.0,0.0,0.0,287103,0.0
3613,3132.899,7290.21535,11444.64,17368.072,33570.9257399,33558.7829326,181903.918978,2112.246,8.1,19.2,0.0,0.0,0.0,0.0,290409,0.0
3614,3132.899,7290.21535,11444.64,17368.072,33752.1538734,35174.1032828,182760.370494,2112.246,8.1,19.2,0.0,0.0,0.0,0.0,293062,0.0
3615,3132.899,7290.21535,11444.64,17368.072,30822.6927837,38277.4911119,183143.943754,2269.746,8.1,19.2,0.0,0.0,0.0,0.0,293777,0.0
3616,3132.899,7290.21535,11444.64,17368.072,25610.3603625,40689.0860025,184309.741285,2485.386,176.4,19.2,0.0,0.0,0.0,0.0,292526,0.0
3617,3306.31247522,7290.21535,11444.64,17368.072,18163.7320496,42606.0631252,186032.673,3970.692,176.4,19.2,0.0,0.0,0.0,0.0,290378,0.0
3618,10926.213526,7290.21535,11444.64,17368.072,8893.91048298,44663.983641,186032.673,3970.692,176.4,19.2,0.0,0.0,0.0,0.0,290786,0.0
3619,16724.3250787,7290.21535,11444.64,17368.072,1445.91701565,47542.8655557,186032.673,3970.692,176.4,19.2,0.0,0.0,0.0,0.0,292015,0.0
3620,16590.6160256,7290.21535,11444.64,17368.072,0.0,49853.4916244,186032.673,3970.692,176.4,19.2,0.0,0.0,0.0,0.0,292746,0.0
3621,20732.0070027,7290.21535,11444.64,17368.072,0.0,48365.1006473,186032.673,3970.692,176.4,19.2,0.0,0.0,0.0,0.0,295399,0.0
3622,25484.8062333,7290.21535,11444.64,17368.072,0.0,45353.6573917,186032.673,3970.692,236.044025046,19.2,0.0,0.0,0.0,0.0,297200,0.0
3623,27312.6142262,7290.21535,11444.64,17368.072,0.0,41610.8934238,186032.673,3970.692,252.0,19.2,0.0,0.0,0.0,0.0,295301,0.0
3624,26897.8124462,7290.21535,11444.64,17368.072,0.0,38610.6952038,186032.673,3970.692,252.0,19.2,0.0,0.0,0.0,0.0,291886,0.0
3625,22557.97705,7290.21535,11444.64,17658.284,0.0,36638.0186,188224.173,3970.692,370.8,19.2,0.0,0.0,0.0,0.0,288174,0.0
3626,18370.9630245,7290.21535,11444.64,17658.284,0.0,35935.0326255,188224.173,3970.692,370.8,19.2,0.0,0.0,0.0,0.0,283284,0.0
3627,16342.9583286,7290.21535,11444.64,17658.284,0.0,34137.0373214,188224.173,3970.692,370.8,19.2,0.0,0.0,0.0,0.0,279458,0.0
3628,15098.3947397,7290.21535,11444.64,17658.284,0.0,32259.4293731,188224.173,3970.692,367.971537208,19.2,0.0,0.0,0.0,0.0,276333,0.0
3629,11754.6758774,7290.21535,11444.64,17658.284,0.0,32207.1197726,188224.173,3970.692,252.0,19.2,0.0,0.0,0.0,0.0,272821,0.0
3630,8167.63537411,7290.21535,11444.64,17658.284,0.0,32870.1602759,188224.173,3970.692,252.0,19.2,0.0,0.0,0.0,0.0,269897,0.0
3631,4139.20838798,7290.21535,11444.64,17658.284,1250.40250565,32821.1847564,188224.173,3970.692,252.0,19.2,0.0,0.0,0.0,0.0,267070,0.0
3632,3308.987,7290.21535,11444.64,17658.284,5916.32212678,31546.4787556,185769.086768,2485.386,176.4,19.2,0.0,0.0,0.0,0.0,265615,0.0
3633,3308.987,7290.21535,11444.64,17658.284,12799.4871627,33641.7250577,177462.11543,2112.246,8.1,19.2,0.0,0.0,0.0,0.0,265745,0.0
3634,3308.987,7290.21535,11444.64,17658.284,20359.3976531,34422.9379842,171234.992013,2112.246,8.1,19.2,0.0,0.0,0.0,0.0,267859,0.0
3635,3308.987,7290.21535,11444.64,17658.284,27255.4376283,32856.0492567,168044.840765,2112.246,8.1,19.2,0.0,0.0,0.0,0.0,269998,0.0
3636,3308.987,7290.21535,11444.64,17658.284,31208.1346304,31274.4241135,167530.768906,2112.246,8.1,19.2,0.0,0.0,0.0,0.0,271855,0.0
3637,3308.987,7290.21535,11444.64,17658.284,32547.863219,31152.093514,167342.370917,2112.246,8.1,19.2,0.0,0.0,0.0,0.0,272884,0.0
3638,3308.987,7290.21535,11444.64,17658.284,33050.1356756,31291.1993174,167520.992657,2112.246,8.1,19.2,0.0,0.0,0.0,0.0,273704,0.0
3639,3308.987,7290.21535,11444.64,17658.284,30136.4951741,32508.4009475,169000.431528,2112.246,8.1,19.2,0.0,0.0,0.0,0.0,273487,0.0
3640,3308.987,7290.21535,11444.64,17658.284,24817.8542624,33108.8218092,172131.651578,2112.246,8.1,19.2,0.0,0.0,0.0,0.0,271900,0.0
3641,3308.987,7290.21535,11444.64,17658.284,17700.5886768,34001.0051003,177495.733873,2112.246,8.1,19.2,0.0,0.0,0.0,0.0,271039,0.0
3642,3308.987,7290.21535,11444.64,17658.284,8462.60074357,36798.6257803,186186.416126,2555.631,176.4,19.2,0.0,0.0,0.0,0.0,273901,0.0
3643,5689.46590459,7290.21535,11444.64,17658.284,1345.5238078,41364.0059376,188224.173,3970.692,370.8,19.2,0.0,0.0,0.0,0.0,277377,0.0
3644,3833.69376928,7290.21535,11444.64,17658.284,0.0,47870.3018807,188224.173,3970.692,370.8,19.2,0.0,0.0,0.0,0.0,280682,0.0
3645,6686.44267447,7290.21535,11444.64,17658.284,0.0,49844.5529755,188224.173,3970.692,370.8,19.2,0.0,0.0,0.0,0.0,285509,0.0
3646,13760.5597304,7290.21535,11444.64,17658.284,0.0,45750.4359196,188224.173,3970.692,370.8,19.2,0.0,0.0,0.0,0.0,288489,0.0
3647,18039.7413084,7290.21535,11444.64,17658.284,0.0,39966.2543416,188224.173,3970.692,370.8,19.2,0.0,0.0,0.0,0.0,286984,0.0
3648,20185.4354305,7290.21535,11444.64,17658.284,0.0,35237.5602195,188224.173,3970.692,370.8,19.2,0.0,0.0,0.0,0.0,284401,0.0
3649,18163.597564,7232.47107,11444.64,18060.116,0.0,31335.110366,191014.173,3970.692,252.0,19.2,0.0,0.0,0.0,0.0,281492,0.0
3650,18604.379741,7232.47107,11444.64,18060.116,0.0,28362.328189,191014.173,3970.692,252.0,19.2,0.0,0.0,0.0,0.0,278960,0.0
3651,19689.824293,7232.47107,11444.64,18060.116,0.0,26240.883637,191014.173,3970.692,252.0,19.2,0.0,0.0,0.0,0.0,277924,0.0
3652,19521.7033788,7232.47107,11444.64,18060.116,0.0,25959.0045512,191014.173,3970.692,252.0,19.2,0.0,0.0,0.0,0.0,277474,0.0
3653,16256.3488514,7232.47107,11444.64,18060.116,0.0,27316.3590786,191014.173,3970.692,252.0,19.2,0.0,0.0,0.0,0.0,275566,0.0
3654,13983.9749554,7232.47107,11444.64,18060.116,0.0,28172.7329746,191014.173,3970.692,252.0,19.2,0.0,0.0,0.0,0.0,274150,0.0
3655,12468.1928133,7232.47107,11444.64,18060.116,1236.71635206,28027.8252045,191014.173,3970.692,244.973560195,19.2,0.0,0.0,0.0,0.0,273719,0.0
3656,13176.9190745,7232.47107,11444.64,18060.116,5644.52287876,24662.2659767,191014.173,3970.692,252.0,19.2,0.0,0.0,0.0,0.0,275477,0.0
3657,10015.6876796,7232.47107,11444.64,18060.116,12392.8535375,23835.1667129,191014.173,3970.692,252.0,19.2,0.0,0.0,0.0,0.0,278237,0.0
3658,6184.1973614,7232.47107,11444.64,18060.116,20473.3648007,23546.1457679,191014.173,3970.692,252.0,19.2,0.0,0.0,0.0,0.0,282197,0.0
3659,3401.86263382,7232.47107,11444.64,18060.116,27243.341321,23719.5039752,191014.173,3970.692,252.0,19.2,0.0,0.0,0.0,0.0,286358,0.0
3660,3378.6885,7232.47107,11444.64,18060.116,30032.2940195,25838.69284,190906.173,3401.3245705,176.4,19.2,0.0,0.0,0.0,0.0,290490,0.0
3661,3378.6885,7232.47107,11444.64,18060.116,31953.7449355,28862.6521241,189765.45637,2555.631,176.4,19.2,0.0,0.0,0.0,0.0,293449,0.0
3662,3378.6885,7232.47107,11444.64,18060.116,32909.9336029,32631.3210436,187622.083783,2434.446,8.1,19.2,0.0,0.0,0.0,0.0,295741,0.0
3663,3378.6885,7232.47107,11444.64,18060.116,27836.8189486,37509.8549076,187740.424574,2485.386,176.4,19.2,0.0,0.0,0.0,0.0,295884,0.0
3664,3378.6885,7232.47107,11444.64,18060.116,20453.8017713,44011.6801762,187203.258,2293.04448249,8.1,19.2,0.0,0.0,0.0,0.0,294105,0.0
3665,3378.6885,7232.47107,11444.64,18060.116,13510.9960625,51161.8508323,183395.691535,2112.246,8.1,19.2,0.0,0.0,0.0,0.0,290324,0.0
3666,3378.6885,7232.47107,11444.64,18060.116,7046.51557002,57147.9472541,181875.075606,2112.246,8.1,19.2,0.0,0.0,0.0,0.0,288325,0.0
3667,3378.6885,7232.47107,11444.64,18060.116,1150.79777202,62734.5224637,181298.218194,2112.246,8.1,19.2,0.0,0.0,0.0,0.0,287439,0.0
3668,3378.6885,7232.47107,11444.64,18060.116,0.0,65708.2609353,180341.277495,2112.246,8.1,19.2,0.0,0.0,0.0,0.0,288305,0.0
3669,3378.6885,7232.47107,11444.64,18060.116,0.0,65087.5616896,183421.97674,2112.246,8.1,19.2,0.0,0.0,0.0,0.0,290765,0.0
3670,3378.6885,7232.47107,11444.64,18060.116,0.0,59626.008964,189257.844466,2555.631,176.4,19.2,0.0,0.0,0.0,0.0,291751,0.0
3671,4884.94405836,7232.47107,11444.64,18060.116,0.0,51975.7638716,191014.173,3970.692,252.0,19.2,0.0,0.0,0.0,0.0,288854,0.0
3672,7508.80269544,7232.47107,11444.64,18060.116,0.0,44996.9052346,191014.173,3970.692,252.0,19.2,0.0,0.0,0.0,0.0,284499,0.0
3673,12972.0456938,7203.59893,11444.64,18350.328,0.0,38964.8013762,188224.173,2427.813,176.4,19.2,0.0,0.0,0.0,0.0,279783,0.0
3674,12899.1916087,7203.59893,11444.64,18350.328,0.0,34566.6554613,188224.173,2427.813,176.4,19.2,0.0,0.0,0.0,0.0,275312,0.0
3675,12573.3813112,7203.59893,11444.64,18350.328,0.0,31528.4657588,188224.173,2427.813,176.4,19.2,0.0,0.0,0.0,0.0,271948,0.0
3676,12903.84543,7203.59893,11444.64,18350.328,0.0,28563.00164,188224.173,2427.813,176.4,19.2,0.0,0.0,0.0,0.0,269313,0.0
3677,12047.0448081,7203.59893,11444.64,18350.328,0.0,27301.8022619,188224.173,2427.813,176.4,19.2,0.0,0.0,0.0,0.0,267195,0.0
3678,9991.99870198,7203.59893,11444.64,18350.328,0.0,27922.9622049,188224.173,2576.6991631,176.4,19.2,0.0,0.0,0.0,0.0,265910,0.0
3679,6751.88932547,7203.59893,11444.64,18350.328,1101.8095736,29046.5551709,188224.173,3014.406,176.4,19.2,0.0,0.0,0.0,0.0,265333,0.0
3680,4287.15256973,7203.59893,11444.64,18350.328,4833.31316202,28807.7883382,188224.173,3014.406,176.4,19.2,0.0,0.0,0.0,0.0,266361,0.0
3681,3419.042,7203.59893,11444.64,18350.328,10335.5588319,29969.8815838,186005.107654,2007.243,176.4,19.2,0.0,0.0,0.0,0.0,268931,0.0
3682,3419.042,7203.59893,11444.64,18350.328,17063.849743,31039.2910599,182535.847267,1634.103,8.1,19.2,0.0,0.0,0.0,0.0,272718,0.0
3683,3419.042,7203.59893,11444.64,18350.328,23362.6749314,28660.2296832,183183.083455,1634.103,8.1,19.2,0.0,0.0,0.0,0.0,277285,0.0
3684,3419.042,7203.59893,11444.64,18350.328,28402.4687624,26295.4097248,184502.109583,1634.103,8.1,19.2,0.0,0.0,0.0,0.0,281279,0.0
3685,3419.042,7203.59893,11444.64,18350.328,30208.1253386,25484.8790661,186095.358,2045.42866534,176.4,19.2,0.0,0.0,0.0,0.0,284447,0.0
3686,3419.042,7203.59893,11444.64,18350.328,30278.7268467,26159.8205013,186570.755722,2077.488,176.4,19.2,0.0,0.0,0.0,0.0,285700,0.0
3687,3419.042,7203.59893,11444.64,18350.328,27571.2384065,29534.8463749,185834.463289,2007.243,176.4,19.2,0.0,0.0,0.0,0.0,285561,0.0
3688,3419.042,7203.59893,11444.64,18350.328,21782.0833171,35070.3882767,185087.016476,1791.603,8.1,19.2,0.0,0.0,0.0,0.0,284176,0.0
3689,3419.042,7203.59893,11444.64,18350.328,14108.2618484,41356.8632785,184569.858,1728.10794304,8.1,19.2,0.0,0.0,0.0,0.0,282208,0.0
3690,3419.042,7203.59893,11444.64,18350.328,7326.23399273,45056.549393,186701.519684,2077.488,176.4,19.2,0.0,0.0,0.0,0.0,281775,0.0
3691,5354.86610648,7203.59893,11444.64,18350.328,1323.26943682,47932.1185267,188224.173,3014.406,176.4,19.2,0.0,0.0,0.0,0.0,283043,0.0
3692,7195.99045704,7203.59893,11444.64,18350.328,0.0,49960.263613,188224.173,3014.406,176.4,19.2,0.0,0.0,0.0,0.0,285589,0.0
3693,11512.8738643,7203.59893,11444.64,18350.328,0.0,49315.3802057,188224.173,3014.406,176.4,19.2,0.0,0.0,0.0,0.0,289261,0.0
3694,18743.7899364,7203.59893,11444.64,18350.328,0.0,45049.4641336,188224.173,3014.406,176.4,19.2,0.0,0.0,0.0,0.0,292226,0.0
3695,20910.5072421,7203.59893,11444.64,18350.328,0.0,41819.7468279,188224.173,3014.406,176.4,19.2,0.0,0.0,0.0,0.0,291163,0.0
3696,18691.0115447,7203.59893,11444.64,18350.328,0.0,41558.2425253,188224.173,3014.406,176.4,19.2,0.0,0.0,0.0,0.0,288682,0.0
3697,12406.6995209,7203.59893,11444.64,18796.808,0.0,43702.4930468,190114.173,1388.98750227,176.4,19.2,0.0,0.0,0.0,0.0,285253,0.0
3698,7731.94737197,7203.59893,11444.64,18796.808,0.0,44654.012698,190114.173,1445.22,176.4,19.2,0.0,0.0,0.0,0.0,281586,0.0
3699,5878.96827219,7203.59893,11444.64,18796.808,0.0,43972.9917978,190114.173,1445.22,176.4,19.2,0.0,0.0,0.0,0.0,279052,0.0
3700,5130.28154874,7203.59893,11444.64,18796.808,0.0,43357.6785213,190114.173,1445.22,176.4,19.2,0.0,0.0,0.0,0.0,277688,0.0
3701,4702.14092269,7203.59893,11444.64,18796.808,0.0,42549.8191473,190114.173,1445.22,176.4,19.2,0.0,0.0,0.0,0.0,276452,0.0
3702,5043.10463313,7203.59893,11444.64,18796.808,0.0,41730.8554369,190114.173,1445.22,176.4,19.2,0.0,0.0,0.0,0.0,275974,0.0
3703,6461.78328248,7203.59893,11444.64,18796.808,1316.49867039,39184.6781171,190114.173,1445.22,176.4,19.2,0.0,0.0,0.0,0.0,276163,0.0
3704,7582.01205527,7203.59893,11444.64,18796.808,6110.970892,34293.9771227,190114.173,1445.22,176.4,19.2,0.0,0.0,0.0,0.0,277187,0.0
3705,3488.7435,7203.59893,11444.64,18796.808,13617.9004139,34013.3589295,189611.455227,1292.895,176.4,19.2,0.0,0.0,0.0,0.0,279665,0.0
3706,3488.7435,7203.59893,11444.64,18796.808,21503.721759,32709.5148957,186905.358,1171.71,144.704915316,19.2,0.0,0.0,0.0,0.0,283388,0.0
3707,3488.7435,7203.59893,11444.64,18796.808,27933.529012,29982.1945132,187120.236045,1222.65,176.4,19.2,0.0,0.0,0.0,0.0,287388,0.0
3708,3488.7435,7203.59893,11444.64,18796.808,31907.3307628,28443.5091241,188466.874683,1292.895,176.4,19.2,0.0,0.0,0.0,0.0,291240,0.0
3709,3488.7435,7203.59893,11444.64,18796.808,33431.7985908,28062.5621056,189448.353874,1292.895,176.4,19.2,0.0,0.0,0.0,0.0,293365,0.0
3710,3751.68540548,7203.59893,11444.64,18796.808,32548.8490593,29110.4256052,190114.173,1445.22,176.4,19.2,0.0,0.0,0.0,0.0,294611,0.0
3711,4221.84038271,7203.59893,11444.64,18796.808,30155.7607502,31008.3589371,190114.173,1445.22,176.4,19.2,0.0,0.0,0.0,0.0,294586,0.0
3712,5743.62726139,7203.59893,11444.64,18796.808,24093.607732,33498.7250766,190114.173,1445.22,176.4,19.2,0.0,0.0,0.0,0.0,292536,0.0
3713,8646.80979747,7203.59893,11444.64,18796.808,16201.1526046,36695.997668,190114.173,1445.22,176.4,19.2,0.0,0.0,0.0,0.0,290744,0.0
3714,14309.4349051,7203.59893,11444.64,18796.808,8081.54431677,40261.9808481,190114.173,1445.22,176.4,19.2,0.0,0.0,0.0,0.0,291853,0.0
3715,18331.7471383,7203.59893,11444.64,18796.808,1357.83598616,45047.3769456,190114.173,1445.22,176.4,19.2,0.0,0.0,0.0,0.0,293937,0.0
3716,16209.0513942,7203.59893,11444.64,18796.808,0.0,51555.9086758,190114.173,1445.22,176.4,19.2,0.0,0.0,0.0,0.0,296965,0.0
3717,14601.6059305,7203.59893,11444.64,18796.808,0.0,56993.3541395,190114.173,1445.22,176.4,19.2,0.0,0.0,0.0,0.0,300795,0.0
3718,15847.076517,7203.59893,11444.64,18796.808,0.0,57741.883553,190114.173,1445.22,176.4,19.2,0.0,0.0,0.0,0.0,302789,0.0
3719,14959.5702321,7203.59893,11444.64,18796.808,0.0,56382.3898379,190114.173,1445.22,176.4,19.2,0.0,0.0,0.0,0.0,300542,0.0
3720,12022.9045284,7203.59893,11444.64,18796.808,0.0,55526.0555416,190114.173,1445.22,176.4,19.2,0.0,0.0,0.0,0.0,296749,0.0
3721,14172.0289037,7232.47107,11444.64,18796.808,0.0,54969.9090263,183995.973,1140.57,176.4,19.2,0.0,0.0,0.0,0.0,291948,0.0
3722,9808.44226238,7232.47107,11444.64,18796.808,0.0,54578.4956676,183995.973,1140.57,176.4,19.2,0.0,0.0,0.0,0.0,287193,0.0
3723,7496.84149591,7232.47107,11444.64,18796.808,0.0,53798.4964341,183995.973,1140.57,252.0,19.2,0.0,0.0,0.0,0.0,284177,0.0
3724,6370.39679053,7232.47107,11444.64,18796.808,0.0,52916.0085875,183995.973,1140.57,207.932551985,19.2,0.0,0.0,0.0,0.0,282124,0.0
3725,6930.79022292,7232.47107,11444.64,18796.808,0.0,51026.5477071,183995.973,1140.57,252.0,19.2,0.0,0.0,0.0,0.0,280839,0.0
3726,9271.45040836,7232.47107,11444.64,18796.808,0.0,48177.4875216,183995.973,1140.57,176.4,19.2,0.0,0.0,0.0,0.0,280255,0.0
3727,11618.6903058,7232.47107,11444.64,18796.808,1273.94951214,45018.2981121,183995.973,1140.57,176.4,19.2,0.0,0.0,0.0,0.0,280717,0.0
3728,12543.3137947,7232.47107,11444.64,18796.808,5996.79845029,40831.825685,183995.973,1140.57,176.4,19.2,0.0,0.0,0.0,0.0,282178,0.0
3729,7267.01907519,7232.47107,11444.64,18796.808,13042.3703041,40540.9485507,183995.973,1140.57,252.0,19.2,0.0,0.0,0.0,0.0,283732,0.0
3730,3496.0805,7232.47107,11444.64,18796.808,20831.3688436,41144.236296,181877.41029,854.685,8.1,19.2,0.0,0.0,0.0,0.0,285705,0.0
3731,3496.0805,7232.47107,11444.64,18796.808,27200.2900274,39862.6606347,179517.564768,697.185,8.1,19.2,0.0,0.0,0.0,0.0,288275,0.0
3732,3496.0805,7232.47107,11444.64,18796.808,31599.0552249,39569.763812,178382.696393,697.185,8.1,19.2,0.0,0.0,0.0,0.0,291246,0.0
3733,3496.0805,7232.47107,11444.64,18796.808,33928.3901713,39793.7811292,178799.344129,697.185,8.1,19.2,0.0,0.0,0.0,0.0,294216,0.0
3734,3496.0805,7232.47107,11444.64,18796.808,33494.0270092,42874.2846893,178702.203731,697.185,8.1,19.2,0.0,0.0,0.0,0.0,296765,0.0
3735,3496.0805,7232.47107,11444.64,18796.808,30211.7461817,48382.8789455,177814.890303,697.185,8.1,19.2,0.0,0.0,0.0,0.0,298104,0.0
3736,3496.0805,7232.47107,11444.64,18796.808,25384.6338207,55537.2436774,175664.637932,697.185,8.1,19.2,0.0,0.0,0.0,0.0,298281,0.0
3737,3496.0805,7232.47107,11444.64,18796.808,17416.7790099,60837.2724279,177566.463992,697.185,8.1,19.2,0.0,0.0,0.0,0.0,297515,0.0
3738,4079.18636157,7232.47107,11444.64,18796.808,8079.67325447,63529.078314,183995.973,1140.57,176.4,19.2,0.0,0.0,0.0,0.0,298494,0.0
3739,10947.3041357,7232.47107,11444.64,18796.808,1426.21460487,65209.8191895,183995.973,1140.57,252.0,19.2,0.0,0.0,0.0,0.0,300465,0.0
3740,13231.6682961,7232.47107,11444.64,18796.808,0.0,67297.6696339,183995.973,1140.57,252.0,19.2,0.0,0.0,0.0,0.0,303411,0.0
3741,16227.611605,7232.47107,11444.64,18796.808,0.0,67718.326325,183995.973,1140.57,176.4,19.2,0.0,0.0,0.0,0.0,306752,0.0
3742,18777.7582393,7232.47107,11444.64,18796.808,0.0,67794.1796907,183995.973,1140.57,176.4,19.2,0.0,0.0,0.0,0.0,309378,0.0
3743,14716.0220821,7232.47107,11444.64,18796.808,0.0,69582.9158479,183995.973,1140.57,176.4,19.2,0.0,0.0,0.0,0.0,307105,0.0
3744,9598.84062076,7232.47107,11444.64,18796.808,0.0,70812.0973092,183995.973,1140.57,176.4,19.2,0.0,0.0,0.0,0.0,303217,0.0
3745,11716.1521678,7347.95963,11444.64,19421.88,0.0,71511.8452022,176043.123,568.8,176.4,19.2,0.0,0.0,0.0,0.0,298250,0.0
3746,6507.40641629,7347.95963,11444.64,19421.88,0.0,71869.5909537,176043.123,568.8,176.4,19.2,0.0,0.0,0.0,0.0,293399,0.0
3747,3716.53813305,7347.95963,11444.64,19421.88,0.0,71191.4592369,176043.123,568.8,176.4,19.2,0.0,0.0,0.0,0.0,289930,0.0
3748,6874.6958001,7347.95963,11444.64,19421.88,0.0,67326.3015699,176043.123,568.8,176.4,19.2,0.0,0.0,0.0,0.0,289223,0.0
3749,8830.49357902,7347.95963,11444.64,19421.88,0.0,64528.503791,176043.123,568.8,176.4,19.2,0.0,0.0,0.0,0.0,288381,0.0
3750,9828.79069909,7347.95963,11444.64,19421.88,0.0,64200.2066709,176043.123,568.8,176.4,19.2,0.0,0.0,0.0,0.0,289051,0.0
3751,10458.2664796,7347.95963,11444.64,19421.88,1118.3686453,64036.7378069,176043.123,568.8,45.0244382451,19.2,0.0,0.0,0.0,0.0,290504,0.0
3752,7628.3932196,7347.95963,11444.64,19421.88,5812.10606549,64075.4980849,176043.123,568.8,176.4,19.2,0.0,0.0,0.0,0.0,292538,0.0
3753,3382.357,7347.95963,11444.64,19421.88,13029.6318264,67534.1274798,171215.804064,411.3,8.1,19.2,0.0,0.0,0.0,0.0,293815,0.0
3754,3382.357,7347.95963,11444.64,19421.88,21206.6214462,70494.1380299,162769.803894,411.3,8.1,19.2,0.0,0.0,0.0,0.0,296506,0.0
3755,3382.357,7347.95963,11444.64,19421.88,28237.2672431,71936.959968,156614.336159,411.3,8.1,19.2,0.0,0.0,0.0,0.0,298824,0.0
3756,3382.357,7347.95963,11444.64,19421.88,32502.2644342,72522.484315,154478.814621,411.3,8.1,19.2,0.0,0.0,0.0,0.0,301539,0.0
3757,3382.357,7347.95963,11444.64,19421.88,34536.0528823,71397.0498597,156175.460628,411.3,8.1,19.2,0.0,0.0,0.0,0.0,304144,0.0
3758,3382.357,7347.95963,11444.64,19421.88,33781.7076587,71334.4915179,159037.364193,411.3,8.1,19.2,0.0,0.0,0.0,0.0,306189,0.0
3759,3382.357,7347.95963,11444.64,19421.88,31142.0628335,71953.7520718,161486.748465,411.3,8.1,19.2,0.0,0.0,0.0,0.0,306618,0.0
3760,3382.357,7347.95963,11444.64,19421.88,25444.0479538,76197.2091726,161467.306244,411.3,8.1,19.2,0.0,0.0,0.0,0.0,305144,0.0
3761,3382.357,7347.95963,11444.64,19421.88,17122.7515034,79369.7051059,164993.106761,411.3,8.1,19.2,0.0,0.0,0.0,0.0,303521,0.0
3762,3382.357,7347.95963,11444.64,19421.88,8370.02132667,79207.2554361,175393.286607,411.3,8.1,19.2,0.0,0.0,0.0,0.0,305006,0.0
3763,12264.6961692,7347.95963,11444.64,19421.88,1472.13098313,78634.1702177,176043.123,568.8,176.4,19.2,0.0,0.0,0.0,0.0,307393,0.0
3764,15975.8117469,7347.95963,11444.64,19421.88,0.0,79611.1856231,176043.123,568.8,176.4,19.2,0.0,0.0,0.0,0.0,310609,0.0
3765,18541.2945068,7347.95963,11444.64,19421.88,0.0,81734.7028632,176043.123,568.8,176.4,19.2,0.0,0.0,0.0,0.0,315298,0.0
3766,21817.5146548,7347.95963,11444.64,19421.88,0.0,81306.4827152,176043.123,568.8,176.4,19.2,0.0,0.0,0.0,0.0,318146,0.0
3767,20037.3341759,7347.95963,11444.64,19421.88,0.0,79895.6631941,176043.123,568.8,176.4,19.2,0.0,0.0,0.0,0.0,314955,0.0
3768,13005.050852,7347.95963,11444.64,19421.88,0.0,82056.946518,176043.123,568.8,176.4,19.2,0.0,0.0,0.0,0.0,310084,0.0
3769,3353.009,7477.88426,11444.64,20002.304,0.0,87054.5692001,174950.49354,253.8,8.1,19.2,0.0,0.0,0.0,0.0,304564,0.0
3770,3353.009,7477.88426,11444.64,20002.304,0.0,91276.2283256,164823.834414,253.8,8.1,19.2,0.0,0.0,0.0,0.0,298659,0.0
3771,3353.009,7477.88426,11444.64,20002.304,0.0,92838.957177,159219.105563,253.8,8.1,19.2,0.0,0.0,0.0,0.0,294617,0.0
3772,3353.009,7477.88426,11444.64,20002.304,0.0,90063.2320716,160083.830668,253.8,8.1,19.2,0.0,0.0,0.0,0.0,292706,0.0
3773,3353.009,7477.88426,11444.64,20002.304,0.0,86131.4420862,162412.620654,253.8,8.1,19.2,0.0,0.0,0.0,0.0,291103,0.0
3774,3353.009,7477.88426,11444.64,20002.304,0.0,81790.2223453,166718.840395,253.8,8.1,19.2,0.0,0.0,0.0,0.0,291068,0.0
3775,3353.009,7477.88426,11444.64,20002.304,1190.72253651,76946.7031807,171185.637023,253.8,8.1,19.2,0.0,0.0,0.0,0.0,291882,0.0
3776,3353.009,7477.88426,11444.64,20002.304,6013.89871147,72061.822753,173230.341276,253.8,8.1,19.2,0.0,0.0,0.0,0.0,293865,0.0
3777,3353.009,7477.88426,11444.64,20002.304,13502.4631943,71479.2321891,168120.367357,253.8,8.1,19.2,0.0,0.0,0.0,0.0,295661,0.0
3778,3353.009,7477.88426,11444.64,20002.304,21748.5966671,72279.7031054,161590.762968,253.8,8.1,19.2,0.0,0.0,0.0,0.0,298178,0.0
3779,3353.009,7477.88426,11444.64,20002.304,27542.3447705,69742.6959329,160256.022037,253.8,8.1,19.2,0.0,0.0,0.0,0.0,300100,0.0
3780,3353.009,7477.88426,11444.64,20002.304,31950.9917955,64629.9897098,163158.081235,253.8,8.1,19.2,0.0,0.0,0.0,0.0,302298,0.0
3781,3353.009,7477.88426,11444.64,20002.304,33576.4838067,58588.710704,168466.868229,253.8,8.1,19.2,0.0,0.0,0.0,0.0,303191,0.0
3782,3663.20404789,7477.88426,11444.64,20002.304,32659.2723078,53580.1723843,175215.123,253.8,176.4,19.2,0.0,0.0,0.0,0.0,304492,0.0
3783,9021.70310842,7477.88426,11444.64,20002.304,30041.787187,51177.1584446,175215.123,253.8,176.4,19.2,0.0,0.0,0.0,0.0,304830,0.0
3784,11957.4173092,7477.88426,11444.64,20002.304,25080.6640458,52582.0094001,175215.123,253.8,135.957984853,19.2,0.0,0.0,0.0,0.0,304169,0.0
3785,14815.2254004,7477.88426,11444.64,20002.304,17636.8052765,56412.9180631,175215.123,253.8,8.1,19.2,0.0,0.0,0.0,0.0,303286,0.0
3786,21315.949747,7477.88426,11444.64,20002.304,8679.88695188,59822.1120411,175215.123,253.8,8.1,19.2,0.0,0.0,0.0,0.0,304239,0.0
3787,26007.8549342,7477.88426,11444.64,20002.304,1532.09467989,62810.9991259,175215.123,253.8,8.1,19.2,0.0,0.0,0.0,0.0,304772,0.0
3788,22690.1627971,7477.88426,11444.64,20002.304,0.0,68867.7859429,175215.123,253.8,8.1,19.2,0.0,0.0,0.0,0.0,305979,0.0
3789,19142.1569462,7477.88426,11444.64,20002.304,0.0,74621.7917938,175215.123,253.8,8.1,19.2,0.0,0.0,0.0,0.0,308185,0.0
3790,16487.9043395,7477.88426,11444.64,20002.304,0.0,78707.0444005,175215.123,253.8,8.1,19.2,0.0,0.0,0.0,0.0,309616,0.0
3791,8982.30397011,7477.88426,11444.64,20002.304,0.0,83584.6447699,175215.123,253.8,8.1,19.2,0.0,0.0,0.0,0.0,306988,0.0
3792,3353.009,7477.88426,11444.64,20002.304,0.0,90684.1180162,170899.944724,253.8,8.1,19.2,0.0,0.0,0.0,0.0,304143,0.0
3793,14816.0551738,7578.93675,11444.64,20136.248,0.0,96436.5470762,149803.173,253.8,176.4,19.2,0.0,0.0,0.0,0.0,300665,0.0
3794,8458.64206476,7578.93675,11444.64,20136.248,0.0,99386.2601852,149803.173,253.8,8.1,19.2,0.0,0.0,0.0,0.0,297089,0.0
3795,4653.24720479,7578.93675,11444.64,20136.248,0.0,101104.655045,149803.173,253.8,8.1,19.2,0.0,0.0,0.0,0.0,295002,0.0
3796,3261.2965,7578.93675,11444.64,20136.248,0.0,102267.117989,148203.660761,253.8,8.1,19.2,0.0,0.0,0.0,0.0,293173,0.0
3797,3261.2965,7578.93675,11444.64,20136.248,0.0,102604.736055,145757.042695,253.8,8.1,19.2,0.0,0.0,0.0,0.0,291064,0.0
3798,3261.2965,7578.93675,11444.64,20136.248,0.0,101817.386064,145309.392686,253.8,8.1,19.2,0.0,0.0,0.0,0.0,289829,0.0
3799,3261.2965,7578.93675,11444.64,20136.248,1361.59966233,99939.1690192,145034.010068,253.8,8.1,19.2,0.0,0.0,0.0,0.0,289037,0.0
3800,3261.2965,7578.93675,11444.64,20136.248,6052.94216605,96726.7696142,143343.06697,253.8,8.1,19.2,0.0,0.0,0.0,0.0,288825,0.0
3801,3261.2965,7578.93675,11444.64,20136.248,13679.3380347,95799.0684265,137207.372289,253.8,8.1,19.2,0.0,0.0,0.0,0.0,289388,0.0
3802,3261.2965,7578.93675,11444.64,20136.248,21321.0119553,92597.0175623,134781.649232,126.9,8.1,19.2,0.0,0.0,0.0,0.0,291275,0.0
3803,3261.2965,7578.93675,11444.64,20136.248,27518.7939865,86300.885216,136469.099548,253.8,8.1,19.2,0.0,0.0,0.0,0.0,292991,0.0
3804,3261.2965,7578.93675,11444.64,20136.248,32205.9101974,80174.9322949,139470.936258,253.8,8.1,19.2,0.0,0.0,0.0,0.0,294554,0.0
3805,3261.2965,7578.93675,11444.64,20136.248,33821.3555742,75111.5792892,143339.843887,253.8,8.1,19.2,0.0,0.0,0.0,0.0,294975,0.0
3806,3261.2965,7578.93675,11444.64,20136.248,33438.8407838,71554.1157602,147916.822206,253.8,8.1,19.2,0.0,0.0,0.0,0.0,295612,0.0
3807,6128.46260895,7578.93675,11444.64,20136.248,30342.5904911,68808.747181,149803.173,253.8,174.201968902,19.2,0.0,0.0,0.0,0.0,294690,0.0
3808,8250.1124006,7578.93675,11444.64,20136.248,25013.8429548,69958.9468946,149803.173,253.8,8.1,19.2,0.0,0.0,0.0,0.0,292467,0.0
3809,9906.84592255,7578.93675,11444.64,20136.248,17377.7596324,73329.296695,149803.173,253.8,8.1,19.2,0.0,0.0,0.0,0.0,289858,0.0
3810,16558.8340967,7578.93675,11444.64,20136.248,8542.64459277,76618.4235606,149803.173,253.8,8.1,19.2,0.0,0.0,0.0,0.0,290964,0.0
3811,20690.2444027,7578.93675,11444.64,20136.248,1482.65181889,81863.0060284,149803.173,253.8,8.1,19.2,0.0,0.0,0.0,0.0,293280,0.0
3812,18679.2134315,7578.93675,11444.64,20136.248,0.0,88797.6888185,149803.173,253.8,8.1,19.2,0.0,0.0,0.0,0.0,296721,0.0
3813,18937.3904791,7578.93675,11444.64,20136.248,0.0,93084.5117709,149803.173,253.8,8.1,19.2,0.0,0.0,0.0,0.0,301266,0.0
3814,20259.2151533,7578.93675,11444.64,20136.248,0.0,95140.6870967,149803.173,253.8,8.1,19.2,0.0,0.0,0.0,0.0,304644,0.0
3815,16345.5005646,7578.93675,11444.64,20136.248,0.0,96679.4016854,149803.173,253.8,8.1,19.2,0.0,0.0,0.0,0.0,302269,0.0
3816,10156.2649968,7578.93675,11444.64,20136.248,0.0,98064.6372532,149803.173,253.8,8.1,19.2,0.0,0.0,0.0,0.0,297465,0.0
3817,3275.9705,7535.62854,11444.64,20158.572,0.0,99997.5839845,150002.504975,253.8,8.1,19.2,0.0,0.0,0.0,0.0,292696,0.0
3818,3275.9705,7535.62854,11444.64,20158.572,0.0,102535.394052,143053.594908,126.9,8.1,19.2,0.0,0.0,0.0,0.0,288158,0.0
3819,3275.9705,7535.62854,11444.64,20158.572,0.0,104305.917614,138013.071346,126.9,8.1,19.2,0.0,0.0,0.0,0.0,284888,0.0
3820,3275.9705,7535.62854,11444.64,20158.572,0.0,102775.550977,137418.437983,126.9,8.1,19.2,0.0,0.0,0.0,0.0,282763,0.0
3821,3275.9705,7535.62854,11444.64,20158.572,0.0,99782.9560136,139155.032946,126.9,8.1,19.2,0.0,0.0,0.0,0.0,281507,0.0
3822,3275.9705,7535.62854,11444.64,20158.572,0.0,96360.6754105,142548.313549,126.9,8.1,19.2,0.0,0.0,0.0,0.0,281478,0.0
3823,3275.9705,7535.62854,11444.64,20158.572,1251.10142238,91582.8426699,146804.144868,253.8,8.1,19.2,0.0,0.0,0.0,0.0,282334,0.0
3824,3275.9705,7535.62854,11444.64,20158.572,5839.24854774,86449.6141642,148773.226248,253.8,8.1,19.2,0.0,0.0,0.0,0.0,283758,0.0
3825,3275.9705,7535.62854,11444.64,20158.572,12689.4100832,86141.3569294,144452.321947,253.8,8.1,19.2,0.0,0.0,0.0,0.0,285979,0.0
3826,3275.9705,7535.62854,11444.64,20158.572,19771.3689748,87376.5791561,139342.040829,126.9,8.1,19.2,0.0,0.0,0.0,0.0,289059,0.0
3827,3275.9705,7535.62854,11444.64,20158.572,24948.4481248,86603.0276857,138043.51315,126.9,8.1,19.2,0.0,0.0,0.0,0.0,292164,0.0
3828,3275.9705,7535.62854,11444.64,20158.572,28039.3885862,83239.1720482,141444.428326,126.9,8.1,19.2,0.0,0.0,0.0,0.0,295292,0.0
3829,3275.9705,7535.62854,11444.64,20158.572,29867.6381089,78227.8230446,147057.627807,253.8,8.1,19.2,0.0,0.0,0.0,0.0,297849,0.0
3830,3275.9705,7535.62854,11444.64,20158.572,29343.4072183,72137.1782214,155248.50352,253.8,8.1,19.2,0.0,0.0,0.0,0.0,299425,0.0
3831,6650.43354577,7535.62854,11444.64,20158.572,25002.9695393,67255.5833749,161641.773,253.8,176.4,19.2,0.0,0.0,0.0,0.0,300139,0.0
3832,12908.1791796,7535.62854,11444.64,20158.572,19864.086891,65919.7665241,161641.773,253.8,67.3538652582,19.2,0.0,0.0,0.0,0.0,299813,0.0
3833,18033.9188345,7535.62854,11444.64,20158.572,13660.8129616,66279.5546639,161641.773,253.8,8.1,19.2,0.0,0.0,0.0,0.0,299036,0.0
3834,25329.5596629,7535.62854,11444.64,20158.572,6847.53014695,67120.1966502,161641.773,253.8,8.1,19.2,0.0,0.0,0.0,0.0,300359,0.0
3835,30601.3068029,7535.62854,11444.64,20158.572,1407.60464196,69239.3750151,161641.773,253.8,8.1,19.2,0.0,0.0,0.0,0.0,302310,0.0
3836,28199.6129242,7535.62854,11444.64,20158.572,0.0,75225.6735358,161641.773,253.8,8.1,19.2,0.0,0.0,0.0,0.0,304487,0.0
3837,22110.9402615,7535.62854,11444.64,20158.572,0.0,83719.3461985,161641.773,253.8,8.1,19.2,0.0,0.0,0.0,0.0,306892,0.0
3838,13464.8107887,7535.62854,11444.64,20158.572,0.0,93538.4756713,161641.773,253.8,8.1,19.2,0.0,0.0,0.0,0.0,308065,0.0
3839,3275.9705,7535.62854,11444.64,20158.572,0.0,103566.649747,158511.439213,253.8,8.1,19.2,0.0,0.0,0.0,0.0,304774,0.0
3840,3275.9705,7535.62854,11444.64,20158.572,0.0,110538.922822,146995.166138,253.8,8.1,19.2,0.0,0.0,0.0,0.0,300230,0.0
3841,3441.053,7477.88426,11444.64,20136.248,0.0,114789.559981,138303.914759,284.4,8.1,19.2,0.0,0.0,0.0,0.0,295905,0.0
3842,3441.053,7477.88426,11444.64,20136.248,0.0,116571.913375,131932.561365,284.4,8.1,19.2,0.0,0.0,0.0,0.0,291316,0.0
3843,3441.053,7477.88426,11444.64,20136.248,0.0,117414.435851,127521.038889,284.4,8.1,19.2,0.0,0.0,0.0,0.0,287747,0.0
3844,3441.053,7477.88426,11444.64,20136.248,0.0,116963.494933,125933.979807,284.4,8.1,19.2,0.0,0.0,0.0,0.0,285709,0.0
3845,3441.053,7477.88426,11444.64,20136.248,0.0,115252.106133,126884.368607,284.4,8.1,19.2,0.0,0.0,0.0,0.0,284948,0.0
3846,3441.053,7477.88426,11444.64,20136.248,0.0,111392.185436,131337.289304,284.4,8.1,19.2,0.0,0.0,0.0,0.0,285541,0.0
3847,3441.053,7477.88426,11444.64,20136.248,1228.15355383,106491.769197,136286.551989,284.4,8.1,19.2,0.0,0.0,0.0,0.0,286818,0.0
3848,3441.053,7477.88426,11444.64,20136.248,5729.06098819,100843.895838,139645.517913,284.4,8.1,19.2,0.0,0.0,0.0,0.0,289030,0.0
3849,3441.053,7477.88426,11444.64,20136.248,13049.0316406,100210.307267,135615.135833,284.4,8.1,19.2,0.0,0.0,0.0,0.0,291686,0.0
3850,3441.053,7477.88426,11444.64,20136.248,20355.9068588,102025.485572,129852.082309,284.4,8.1,19.2,0.0,0.0,0.0,0.0,295045,0.0
3851,3441.053,7477.88426,11444.64,20136.248,26852.9438846,100113.856219,128234.674637,284.4,8.1,19.2,0.0,0.0,0.0,0.0,298013,0.0
3852,3441.053,7477.88426,11444.64,20136.248,30885.2818179,96546.8395446,131093.353378,284.4,8.1,19.2,0.0,0.0,0.0,0.0,301337,0.0
3853,3441.053,7477.88426,11444.64,20136.248,33040.1355633,92393.0943302,137400.244846,284.4,8.1,19.2,0.0,0.0,0.0,0.0,305645,0.0
3854,3441.053,7477.88426,11444.64,20136.248,33038.3755407,89377.5756979,143963.523501,284.4,8.1,19.2,0.0,0.0,0.0,0.0,309191,0.0
3855,3441.053,7477.88426,11444.64,20136.248,30031.5598524,87094.8073696,150461.207518,411.3,8.1,19.2,0.0,0.0,0.0,0.0,310526,0.0
3856,3441.053,7477.88426,11444.64,20136.248,24565.9280493,84751.5665877,157743.080103,411.3,8.1,19.2,0.0,0.0,0.0,0.0,309999,0.0
3857,3441.053,7477.88426,11444.64,20136.248,17383.8061943,82236.5087896,166219.259756,411.3,8.1,19.2,0.0,0.0,0.0,0.0,308778,0.0
3858,12598.696507,7477.88426,11444.64,20136.248,8907.02895059,78221.2182824,169214.373,568.8,484.911,19.2,0.0,0.0,0.0,0.0,309073,0.0
3859,26485.8213632,7477.88426,11444.64,20136.248,1590.65885389,72835.4635229,169214.373,568.8,484.911,19.2,0.0,0.0,0.0,0.0,310258,0.0
3860,30484.0148395,7477.88426,11444.64,20136.248,0.0,72332.9289005,169214.373,568.8,484.911,19.2,0.0,0.0,0.0,0.0,312163,0.0
3861,30053.8638481,7477.88426,11444.64,20136.248,0.0,74532.335706,169214.373,568.8,388.655185871,19.2,0.0,0.0,0.0,0.0,313836,0.0
3862,26539.3980054,7477.88426,11444.64,20136.248,0.0,78718.5457346,169214.373,568.8,484.911,19.2,0.0,0.0,0.0,0.0,314604,0.0
3863,17987.6360159,7477.88426,11444.64,20136.248,0.0,84413.4187241,169214.373,568.8,370.8,19.2,0.0,0.0,0.0,0.0,311633,0.0
3864,7066.95842081,7477.88426,11444.64,20136.248,0.0,90212.0963192,169214.373,568.8,370.8,19.2,0.0,0.0,0.0,0.0,306511,0.0
3865,9139.27606818,7405.70391,11444.64,20046.952,0.0,96149.1550218,156787.173,253.8,8.1,19.2,0.0,0.0,0.0,0.0,301254,0.0
3866,3518.0915,7405.70391,11444.64,20046.952,0.0,100614.622151,153647.890439,253.8,8.1,19.2,0.0,0.0,0.0,0.0,296959,0.0
3867,3518.0915,7405.70391,11444.64,20046.952,0.0,103671.778545,147286.734045,253.8,8.1,19.2,0.0,0.0,0.0,0.0,293655,0.0
3868,3518.0915,7405.70391,11444.64,20046.952,0.0,104502.15869,144150.3539,253.8,8.1,19.2,0.0,0.0,0.0,0.0,291349,0.0
3869,3518.0915,7405.70391,11444.64,20046.952,0.0,104296.212769,143168.299821,253.8,8.1,19.2,0.0,0.0,0.0,0.0,290161,0.0
3870,3518.0915,7405.70391,11444.64,20046.952,0.0,103237.631031,144544.881559,253.8,8.1,19.2,0.0,0.0,0.0,0.0,290479,0.0
3871,3518.0915,7405.70391,11444.64,20046.952,1297.72491078,101536.395873,145321.391806,253.8,8.1,19.2,0.0,0.0,0.0,0.0,290852,0.0
3872,3518.0915,7405.70391,11444.64,20046.952,5975.48904118,99688.6905534,143781.332995,253.8,8.1,19.2,0.0,0.0,0.0,0.0,292142,0.0
3873,3518.0915,7405.70391,11444.64,20046.952,13526.988419,105200.069494,133324.354677,126.9,8.1,19.2,0.0,0.0,0.0,0.0,294621,0.0
3874,3518.0915,7405.70391,11444.64,20046.952,21437.8066178,111080.61722,122416.988752,126.9,8.1,19.2,0.0,0.0,0.0,0.0,297505,0.0
3875,3518.0915,7405.70391,11444.64,20046.952,27503.0510743,112451.628469,117141.733046,126.9,8.1,19.2,0.0,0.0,0.0,0.0,299666,0.0
3876,3518.0915,7405.70391,11444.64,20046.952,31695.7649227,111855.386583,116624.261084,126.9,8.1,19.2,0.0,0.0,0.0,0.0,302745,0.0
3877,3518.0915,7405.70391,11444.64,20046.952,33554.0229297,109890.512235,119502.877425,126.9,8.1,19.2,0.0,0.0,0.0,0.0,305517,0.0
3878,3518.0915,7405.70391,11444.64,20046.952,33008.0906675,107236.94873,124216.373193,126.9,8.1,19.2,0.0,0.0,0.0,0.0,307031,0.0
3879,3518.0915,7405.70391,11444.64,20046.952,29867.9024187,104490.908155,129922.602017,126.9,8.1,19.2,0.0,0.0,0.0,0.0,306851,0.0
3880,3518.0915,7405.70391,11444.64,20046.952,23849.0143244,99575.7676,139034.630666,126.9,8.1,19.2,0.0,0.0,0.0,0.0,305029,0.0
3881,3518.0915,7405.70391,11444.64,20046.952,17106.8635161,93764.0735795,148033.575494,253.8,8.1,19.2,0.0,0.0,0.0,0.0,301601,0.0
3882,9315.95915511,7405.70391,11444.64,20046.952,8813.10649996,86629.3654349,156787.173,253.8,8.1,19.2,0.0,0.0,0.0,0.0,300724,0.0
3883,22296.5510205,7405.70391,11444.64,20046.952,1628.20321268,81089.6768568,156787.173,253.8,8.1,19.2,0.0,0.0,0.0,0.0,300980,0.0
3884,27690.0532515,7405.70391,11444.64,20046.952,0.0,78473.3778385,156787.173,253.8,8.1,19.2,0.0,0.0,0.0,0.0,302129,0.0
3885,29230.4226372,7405.70391,11444.64,20046.952,0.0,79117.0084528,156787.173,253.8,8.1,19.2,0.0,0.0,0.0,0.0,304313,0.0
3886,26380.0663246,7405.70391,11444.64,20046.952,0.0,83620.3647654,156787.173,253.8,8.1,19.2,0.0,0.0,0.0,0.0,305966,0.0
3887,18927.8479551,7405.70391,11444.64,20046.952,0.0,89258.0384824,156787.173,253.8,24.6446525117,19.2,0.0,0.0,0.0,0.0,304168,0.0
3888,10444.6495879,7405.70391,11444.64,20046.952,0.0,95593.7815021,156787.173,253.8,8.1,19.2,0.0,0.0,0.0,0.0,302004,0.0
3889,23223.3336574,7347.95963,11444.64,20046.952,0.0,101773.941713,133981.173,253.8,252.0,19.2,0.0,0.0,0.0,0.0,298343,0.0
3890,14030.785541,7347.95963,11444.64,20046.952,0.0,106346.489829,133981.173,253.8,252.0,19.2,0.0,0.0,0.0,0.0,293723,0.0
3891,8107.99328265,7347.95963,11444.64,20046.952,0.0,109147.882087,133981.173,253.8,176.4,19.2,0.0,0.0,0.0,0.0,290526,0.0
3892,6200.72303207,7347.95963,11444.64,20046.952,0.0,110326.552338,133981.173,253.8,252.0,19.2,0.0,0.0,0.0,0.0,289873,0.0
3893,5008.78544961,7347.95963,11444.64,20046.952,0.0,109910.48992,133981.173,253.8,252.0,19.2,0.0,0.0,0.0,0.0,288265,0.0
3894,6075.59222339,7347.95963,11444.64,20046.952,0.0,107635.683147,133981.173,253.8,252.0,19.2,0.0,0.0,0.0,0.0,287057,0.0
3895,7240.71164636,7347.95963,11444.64,20046.952,1318.49783497,104245.040362,133981.173,253.8,197.025526245,19.2,0.0,0.0,0.0,0.0,286095,0.0
3896,6739.30015403,7347.95963,11444.64,20046.952,5907.92864849,100681.646567,133981.173,253.8,176.4,19.2,0.0,0.0,0.0,0.0,286599,0.0
3897,3606.1355,7347.95963,11444.64,20046.952,13592.5669975,105066.741557,125625.904315,253.8,8.1,19.2,0.0,0.0,0.0,0.0,287012,0.0
3898,3606.1355,7347.95963,11444.64,20046.952,20758.0913771,112321.866812,112913.154681,126.9,8.1,19.2,0.0,0.0,0.0,0.0,288593,0.0
3899,3606.1355,7347.95963,11444.64,20046.952,26601.3114542,114106.503193,107217.298223,126.9,8.1,19.2,0.0,0.0,0.0,0.0,290525,0.0
3900,3606.1355,7347.95963,11444.64,20046.952,30443.6797252,113684.861607,105621.571538,126.9,8.1,19.2,0.0,0.0,0.0,0.0,292350,0.0
3901,3606.1355,7347.95963,11444.64,20046.952,31582.7634854,112200.462107,107530.887277,126.9,8.1,19.2,0.0,0.0,0.0,0.0,293914,0.0
3902,3606.1355,7347.95963,11444.64,20046.952,32030.616633,109318.762009,111423.734228,126.9,8.1,19.2,0.0,0.0,0.0,0.0,295373,0.0
3903,3606.1355,7347.95963,11444.64,20046.952,29433.4478313,107325.362224,115594.302815,126.9,8.1,19.2,0.0,0.0,0.0,0.0,294953,0.0
3904,3606.1355,7347.95963,11444.64,20046.952,24362.3765529,105245.264135,120230.472182,126.9,8.1,19.2,0.0,0.0,0.0,0.0,292438,0.0
3905,3606.1355,7347.95963,11444.64,20046.952,16881.9616773,103103.010602,125740.240591,253.8,8.1,19.2,0.0,0.0,0.0,0.0,288452,0.0
3906,3606.1355,7347.95963,11444.64,20046.952,8797.73378083,100672.945817,133981.173,253.8,182.460271959,19.2,0.0,0.0,0.0,0.0,286353,0.0
3907,12005.2878702,7347.95963,11444.64,20046.952,1644.1426533,98956.4448465,133981.173,253.8,176.4,19.2,0.0,0.0,0.0,0.0,285876,0.0
3908,15868.041822,7347.95963,11444.64,20046.952,0.0,97262.233548,133981.173,253.8,252.0,19.2,0.0,0.0,0.0,0.0,286476,0.0
3909,18886.7622693,7347.95963,11444.64,20046.952,0.0,95838.5131007,133981.173,253.8,252.0,19.2,0.0,0.0,0.0,0.0,288071,0.0
3910,21148.286336,7347.95963,11444.64,20046.952,0.0,95413.589034,133981.173,253.8,176.4,19.2,0.0,0.0,0.0,0.0,289832,0.0
3911,18469.0858939,7347.95963,11444.64,20046.952,0.0,96611.1894761,133981.173,253.8,252.0,19.2,0.0,0.0,0.0,0.0,288426,0.0
3912,10648.245822,7347.95963,11444.64,20046.952,0.0,99969.029548,133981.173,253.8,252.0,19.2,0.0,0.0,0.0,0.0,283963,0.0
3913,9576.75727044,7333.52356,11444.64,19913.008,0.0,104627.98717,125665.173,253.8,484.911,19.2,0.0,0.0,0.0,0.0,279319,0.0
3914,3642.8205,7333.52356,11444.64,19913.008,0.0,108123.498253,124437.409687,253.8,8.1,19.2,0.0,0.0,0.0,0.0,275176,0.0
3915,3642.8205,7333.52356,11444.64,19913.008,0.0,109814.616269,119383.291671,253.8,8.1,19.2,0.0,0.0,0.0,0.0,271813,0.0
3916,3642.8205,7333.52356,11444.64,19913.008,0.0,109718.49092,117770.31702,126.9,8.1,19.2,0.0,0.0,0.0,0.0,269977,0.0
3917,3642.8205,7333.52356,11444.64,19913.008,0.0,108961.587854,118177.220086,126.9,8.1,19.2,0.0,0.0,0.0,0.0,269627,0.0
3918,3642.8205,7333.52356,11444.64,19913.008,0.0,108800.079879,119296.828061,253.8,8.1,19.2,0.0,0.0,0.0,0.0,270712,0.0
3919,3642.8205,7333.52356,11444.64,19913.008,1349.41715134,107948.950353,120234.540436,253.8,8.1,19.2,0.0,0.0,0.0,0.0,272148,0.0
3920,3642.8205,7333.52356,11444.64,19913.008,5991.59645696,106352.941692,119042.369791,253.8,8.1,19.2,0.0,0.0,0.0,0.0,274002,0.0
3921,3642.8205,7333.52356,11444.64,19913.008,13596.2257215,114871.541712,104675.040506,126.9,8.1,19.2,0.0,0.0,0.0,0.0,275631,0.0
3922,3642.8205,7333.52356,11444.64,19913.008,21677.5141374,122665.154283,91297.4395192,126.9,0.0,0.0,0.0,0.0,0.0,0.0,278101,0.0
3923,3642.8205,7333.52356,11444.64,19913.008,27868.6463432,121773.840497,87965.6211,126.9,0.0,0.0,0.0,0.0,0.0,1245.0,280069,0.0
3924,3642.8205,7333.52356,11444.64,19913.008,30701.3131844,121168.173656,87965.6211,126.9,0.0,0.0,0.0,0.0,0.0,658.0,282296,0.0
3925,3642.8205,7333.52356,11444.64,19913.008,32268.1724499,118517.248736,91927.6867545,126.9,0.0,0.0,0.0,0.0,0.0,0.0,285174,0.0
3926,3642.8205,7333.52356,11444.64,19913.008,32047.5900685,115717.598467,98585.6194042,126.9,8.1,19.2,0.0,0.0,0.0,0.0,288839,0.0
3927,3642.8205,7333.52356,11444.64,19913.008,29247.2362232,113877.717603,104716.854114,126.9,8.1,19.2,0.0,0.0,0.0,0.0,290330,0.0
3928,3642.8205,7333.52356,11444.64,19913.008,23336.0792514,114859.550781,108869.177908,126.9,8.1,19.2,0.0,0.0,0.0,0.0,289553,0.0
3929,3642.8205,7333.52356,11444.64,19913.008,16292.9071487,114464.522043,115315.378749,126.9,8.1,19.2,0.0,0.0,0.0,0.0,288561,0.0
3930,4926.92677525,7333.52356,11444.64,19913.008,8090.79653426,112144.02113,125665.173,253.8,484.911,19.2,0.0,0.0,0.0,0.0,290276,0.0
3931,14047.9663315,7333.52356,11444.64,19913.008,1600.17167682,111447.30822,125665.173,253.8,427.20921152,19.2,0.0,0.0,0.0,0.0,292152,0.0
3932,19968.5684796,7333.52356,11444.64,19913.008,0.0,109589.17596,125665.173,253.8,484.911,19.2,0.0,0.0,0.0,0.0,294672,0.0
3933,25258.5091358,7333.52356,11444.64,19913.008,0.0,107049.346304,125665.173,253.8,370.8,19.2,0.0,0.0,0.0,0.0,297308,0.0
3934,28482.526632,7333.52356,11444.64,19913.008,0.0,106018.328808,125665.173,253.8,370.8,19.2,0.0,0.0,0.0,0.0,299501,0.0
3935,26568.9180471,7333.52356,11444.64,19913.008,0.0,104850.937393,125665.173,253.8,370.8,19.2,0.0,0.0,0.0,0.0,296420,0.0
3936,22598.9893283,7333.52356,11444.64,19913.008,0.0,104515.866112,125665.173,253.8,370.8,19.2,0.0,0.0,0.0,0.0,292115,0.0
3937,14704.7480037,7218.035,11444.64,19801.388,0.0,104955.115996,129050.973,253.8,8.1,19.2,0.0,0.0,0.0,0.0,287456,0.0
3938,10189.6849737,7218.035,11444.64,19801.388,0.0,105526.179026,129050.973,253.8,8.1,19.2,0.0,0.0,0.0,0.0,283512,0.0
3939,7378.29985548,7218.035,11444.64,19801.388,0.0,105016.564145,129050.973,253.8,8.1,19.2,0.0,0.0,0.0,0.0,280191,0.0
3940,4744.45013399,7218.035,11444.64,19801.388,0.0,104960.413866,129050.973,253.8,8.1,19.2,0.0,0.0,0.0,0.0,277501,0.0
3941,3941.34940417,7218.035,11444.64,19801.388,0.0,103440.611669,129165.875927,253.8,8.1,19.2,0.0,0.0,0.0,0.0,275293,0.0
3942,5713.35284161,7218.035,11444.64,19801.388,0.0,100316.511158,129050.973,253.8,8.1,19.2,0.0,0.0,0.0,0.0,273826,0.0
3943,7920.86070206,7218.035,11444.64,19801.388,1291.35434005,95531.6489579,129050.973,253.8,8.1,19.2,0.0,0.0,0.0,0.0,272540,0.0
3944,6547.86102054,7218.035,11444.64,19801.388,5790.23797098,91977.7650085,129050.973,253.8,8.1,19.2,0.0,0.0,0.0,0.0,272112,0.0
3945,3888.61,7218.035,11444.64,19801.388,12732.7984491,95916.337355,121303.091196,253.8,8.1,19.2,0.0,0.0,0.0,0.0,272586,0.0
3946,3888.61,7218.035,11444.64,19801.388,19161.1025532,101719.617324,110360.407123,126.9,8.1,19.2,0.0,0.0,0.0,0.0,273748,0.0
3947,3888.61,7218.035,11444.64,19801.388,24049.8004284,103820.557393,105063.769178,126.9,8.1,19.2,0.0,0.0,0.0,0.0,275441,0.0
3948,3888.61,7218.035,11444.64,19801.388,27334.5639296,103303.819652,105209.743418,126.9,8.1,19.2,0.0,0.0,0.0,0.0,278355,0.0
3949,3888.61,7218.035,11444.64,19801.388,29476.8664884,101847.984089,106893.276423,126.9,8.1,19.2,0.0,0.0,0.0,0.0,280725,0.0
3950,3888.61,7218.035,11444.64,19801.388,29679.6889619,101163.468608,109126.96943,126.9,8.1,19.2,0.0,0.0,0.0,0.0,282477,0.0
3951,3888.61,7218.035,11444.64,19801.388,27733.2760889,101732.260351,111215.59056,126.9,8.1,19.2,0.0,0.0,0.0,0.0,283188,0.0
3952,3888.61,7218.035,11444.64,19801.388,22734.9403259,103873.079092,113077.107582,126.9,8.1,19.2,0.0,0.0,0.0,0.0,282192,0.0
3953,3888.61,7218.035,11444.64,19801.388,14842.7808163,105099.928567,118587.417617,126.9,8.1,19.2,0.0,0.0,0.0,0.0,281037,0.0
3954,3888.61,7218.035,11444.64,19801.388,7506.77131279,103868.622818,128368.832869,253.8,8.1,19.2,0.0,0.0,0.0,0.0,282378,0.0
3955,14919.4139146,7218.035,11444.64,19801.388,1358.15075489,101299.299331,129050.973,253.8,8.1,19.2,0.0,0.0,0.0,0.0,285373,0.0
3956,19212.3223586,7218.035,11444.64,19801.388,0.0,101716.541641,129050.973,253.8,8.1,19.2,0.0,0.0,0.0,0.0,288725,0.0
3957,22337.942889,7218.035,11444.64,19801.388,0.0,103345.921111,129050.973,253.8,8.1,19.2,0.0,0.0,0.0,0.0,293480,0.0
3958,22391.1957198,7218.035,11444.64,19801.388,0.0,106267.66828,129050.973,253.8,8.1,19.2,0.0,0.0,0.0,0.0,296455,0.0
3959,18458.8041035,7218.035,11444.64,19801.388,0.0,109251.059896,129050.973,253.8,8.1,19.2,0.0,0.0,0.0,0.0,295506,0.0
3960,12367.9040793,7218.035,11444.64,19801.388,0.0,112040.959921,129050.973,253.8,8.1,19.2,0.0,0.0,0.0,0.0,292205,0.0
3961,4108.72,7174.72679,11444.64,18819.132,0.0,113596.768312,132522.462898,344.25,8.1,19.2,0.0,0.0,0.0,0.0,288038,0.0
3962,4108.72,7174.72679,11444.64,18819.132,0.0,114605.987333,126816.243877,344.25,8.1,19.2,0.0,0.0,0.0,0.0,283341,0.0
3963,4108.72,7174.72679,11444.64,18819.132,0.0,114567.675052,123014.556158,344.25,8.1,19.2,0.0,0.0,0.0,0.0,279501,0.0
3964,4108.72,7174.72679,11444.64,18819.132,0.0,111125.228465,123694.002745,344.25,8.1,19.2,0.0,0.0,0.0,0.0,276738,0.0
3965,4108.72,7174.72679,11444.64,18819.132,0.0,106290.943747,126308.287463,344.25,8.1,19.2,0.0,0.0,0.0,0.0,274518,0.0
3966,4108.72,7174.72679,11444.64,18819.132,0.0,101198.498008,130405.733202,344.25,8.1,19.2,0.0,0.0,0.0,0.0,273523,0.0
3967,4108.72,7174.72679,11444.64,18819.132,1248.60828803,95403.8309898,134335.791932,344.25,8.1,19.2,0.0,0.0,0.0,0.0,272907,0.0
3968,4108.72,7174.72679,11444.64,18819.132,5830.48001542,90918.527074,134003.224121,344.25,8.1,19.2,0.0,0.0,0.0,0.0,272671,0.0
3969,4108.72,7174.72679,11444.64,18819.132,12687.9131703,98955.6813508,118841.636689,344.25,8.1,19.2,0.0,0.0,0.0,0.0,272404,0.0
3970,4108.72,7174.72679,11444.64,18819.132,20240.6928979,101923.745255,108669.093057,344.25,0.0,0.0,0.0,0.0,0.0,0.0,272725,0.0
3971,4108.72,7174.72679,11444.64,18819.132,26326.4302902,96952.0798198,107357.0211,344.25,0.0,0.0,0.0,0.0,0.0,966.0,272527,0.0
3972,4108.72,7174.72679,11444.64,18819.132,30367.8944385,92979.6156715,107357.0211,344.25,0.0,0.0,0.0,0.0,0.0,79.0,272596,0.0
3973,4108.72,7174.72679,11444.64,18819.132,30863.7440287,89179.8149303,111112.972251,344.25,0.0,0.0,0.0,0.0,0.0,0.0,273048,0.0
3974,4108.72,7174.72679,11444.64,18819.132,31559.7495926,87363.5405308,112510.041087,344.25,0.0,19.2,0.0,0.0,0.0,0.0,273344,0.0
3975,4108.72,7174.72679,11444.64,18819.132,28353.6878887,86638.4901826,116354.053139,344.25,8.1,19.2,0.0,0.0,0.0,0.0,273265,0.0
3976,4108.72,7174.72679,11444.64,18819.132,23898.8972151,87466.5440411,119500.789954,344.25,8.1,19.2,0.0,0.0,0.0,0.0,272785,0.0
3977,4108.72,7174.72679,11444.64,18819.132,17396.0180188,88012.1922164,124980.020975,344.25,8.1,19.2,0.0,0.0,0.0,0.0,272307,0.0
3978,4108.72,7174.72679,11444.64,18819.132,9165.77072635,85414.0261944,137202.434289,344.25,8.1,19.2,0.0,0.0,0.0,0.0,273701,0.0
3979,4108.72,7174.72679,11444.64,18819.132,1722.69794046,79612.2115172,153359.421752,471.15,8.1,19.2,0.0,0.0,0.0,0.0,276740,0.0
3980,14116.7120658,7174.72679,11444.64,18819.132,0.0,74368.5051442,153367.173,688.5,570.411,19.2,0.0,0.0,0.0,0.0,280569,0.0
3981,22804.0105432,7174.72679,11444.64,18819.132,0.0,70959.2066668,153367.173,688.5,570.411,19.2,0.0,0.0,0.0,0.0,285847,0.0
3982,26275.6614161,7174.72679,11444.64,18819.132,0.0,71499.4800731,153367.173,688.5,546.486720839,19.2,0.0,0.0,0.0,0.0,289835,0.0
3983,24904.2061002,7174.72679,11444.64,18819.132,0.0,73414.0111098,153367.173,688.5,570.411,19.2,0.0,0.0,0.0,0.0,290402,0.0
3984,20012.4819748,7174.72679,11444.64,18819.132,0.0,76203.7352352,153367.173,688.5,570.411,19.2,0.0,0.0,0.0,0.0,288300,0.0
3985,8180.58032454,7246.90714,11444.64,17970.82,0.0,79354.9941902,161053.173,253.8,15.8853452777,19.2,0.0,0.0,0.0,0.0,285540,0.0
3986,4035.35,7246.90714,11444.64,17970.82,0.0,81713.5703842,159585.612476,253.8,8.1,19.2,0.0,0.0,0.0,0.0,282278,0.0
3987,4035.35,7246.90714,11444.64,17970.82,0.0,84078.2139435,154628.968916,253.8,8.1,19.2,0.0,0.0,0.0,0.0,279686,0.0
3988,4035.35,7246.90714,11444.64,17970.82,0.0,86221.0905728,150702.092287,253.8,8.1,19.2,0.0,0.0,0.0,0.0,277902,0.0
3989,4035.35,7246.90714,11444.64,17970.82,0.0,87754.2401936,148100.942666,253.8,8.1,19.2,0.0,0.0,0.0,0.0,276834,0.0
3990,4035.35,7246.90714,11444.64,17970.82,0.0,87908.3878109,147886.795049,253.8,8.1,19.2,0.0,0.0,0.0,0.0,276774,0.0
3991,4035.35,7246.90714,11444.64,17970.82,1242.1529422,85272.8619026,149322.168015,253.8,8.1,19.2,0.0,0.0,0.0,0.0,276816,0.0
3992,4035.35,7246.90714,11444.64,17970.82,5915.60865865,81058.1910371,149717.383164,253.8,8.1,19.2,0.0,0.0,0.0,0.0,277670,0.0
3993,4035.35,7246.90714,11444.64,17970.82,13399.9200847,86049.5735549,139719.58922,126.9,8.1,19.2,0.0,0.0,0.0,0.0,280021,0.0
3994,4035.35,7246.90714,11444.64,17970.82,21158.9765297,87662.5261187,133387.580212,126.9,8.1,19.2,0.0,0.0,0.0,0.0,283061,0.0
3995,4035.35,7246.90714,11444.64,17970.82,27064.9295223,85675.3788978,132150.77444,126.9,8.1,19.2,0.0,0.0,0.0,0.0,285743,0.0
3996,4035.35,7246.90714,11444.64,17970.82,30932.4053178,82466.2934739,135095.384068,126.9,8.1,19.2,0.0,0.0,0.0,0.0,289346,0.0
3997,4035.35,7246.90714,11444.64,17970.82,33234.469951,80493.6673697,139065.945539,126.9,8.1,19.2,0.0,0.0,0.0,0.0,293646,0.0
3998,4035.35,7246.90714,11444.64,17970.82,30694.4737224,80292.1998234,145157.509314,253.8,8.1,19.2,0.0,0.0,0.0,0.0,297123,0.0
3999,4035.35,7246.90714,11444.64,17970.82,29405.3058863,81280.3271652,147421.549809,253.8,8.1,19.2,0.0,0.0,0.0,0.0,299086,0.0
4000,4035.35,7246.90714,11444.64,17970.82,24965.2721426,82400.274052,151264.636665,253.8,8.1,19.2,0.0,0.0,0.0,0.0,299609,0.0
4001,4035.35,7246.90714,11444.64,17970.82,17037.1469751,84180.4890578,156951.546827,253.8,8.1,19.2,0.0,0.0,0.0,0.0,299148,0.0
4002,7152.13073581,7246.90714,11444.64,17970.82,7573.24256403,87567.9865602,161053.173,253.8,8.1,19.2,0.0,0.0,0.0,0.0,300290,0.0
4003,14654.5813719,7246.90714,11444.64,17970.82,1226.48253653,88128.2959516,161053.173,253.8,8.1,19.2,0.0,0.0,0.0,0.0,302006,0.0
4004,20729.0468597,7246.90714,11444.64,17970.82,0.0,85727.3130003,161053.173,253.8,8.1,19.2,0.0,0.0,0.0,0.0,304453,0.0
4005,23198.4255073,7246.90714,11444.64,17970.82,0.0,85595.9343527,161053.173,253.8,8.1,19.2,0.0,0.0,0.0,0.0,306791,0.0
4006,22200.9950416,7246.90714,11444.64,17970.82,0.0,89199.3648184,161053.173,253.8,8.1,19.2,0.0,0.0,0.0,0.0,309397,0.0
4007,16347.276803,7246.90714,11444.64,17970.82,0.0,93733.083057,161053.173,253.8,8.1,19.2,0.0,0.0,0.0,0.0,308077,0.0
4008,9150.11545613,7246.90714,11444.64,17970.82,0.0,97846.2444039,161053.173,253.8,8.1,19.2,0.0,0.0,0.0,0.0,304993,0.0
4009,14016.3293872,7420.13998,11444.64,17836.876,0.0,100565.441633,149614.173,253.8,176.4,19.2,0.0,0.0,0.0,0.0,301347,0.0
4010,9081.99858915,7420.13998,11444.64,17836.876,0.0,102713.772431,149614.173,253.8,176.4,19.2,0.0,0.0,0.0,0.0,298561,0.0
4011,5226.34351112,7420.13998,11444.64,17836.876,0.0,103852.727509,149614.173,253.8,8.1,19.2,0.0,0.0,0.0,0.0,295676,0.0
4012,4847.97144067,7420.13998,11444.64,17836.876,0.0,101378.099579,149614.173,253.8,8.1,19.2,0.0,0.0,0.0,0.0,292823,0.0
4013,5995.42455733,7420.13998,11444.64,17836.876,0.0,98464.6464627,149614.173,253.8,8.1,19.2,0.0,0.0,0.0,0.0,291057,0.0
4014,9223.04922939,7420.13998,11444.64,17836.876,0.0,94286.0217906,149614.173,253.8,8.1,19.2,0.0,0.0,0.0,0.0,290106,0.0
4015,12022.8789356,7420.13998,11444.64,17836.876,1236.86649854,89065.3255859,149614.173,253.8,8.1,19.2,0.0,0.0,0.0,0.0,288922,0.0
4016,11800.9254738,7420.13998,11444.64,17836.876,5851.68372192,84291.1618242,149614.173,253.8,176.4,19.2,0.0,0.0,0.0,0.0,288709,0.0
4017,3815.24,7420.13998,11444.64,17836.876,13233.9036769,90701.2104184,145493.889925,253.8,8.1,19.2,0.0,0.0,0.0,0.0,290227,0.0
4018,3815.24,7420.13998,11444.64,17836.876,20285.2631857,98558.3921259,131450.248708,126.9,8.1,19.2,0.0,0.0,0.0,0.0,290965,0.0
4019,3815.24,7420.13998,11444.64,17836.876,26219.7969266,101817.205165,122484.901928,126.9,8.1,19.2,0.0,0.0,0.0,0.0,291193,0.0
4020,3815.24,7420.13998,11444.64,17836.876,29651.4406143,103612.617684,118435.845722,126.9,8.1,19.2,0.0,0.0,0.0,0.0,292371,0.0
4021,3815.24,7420.13998,11444.64,17836.876,30610.6277834,105465.643173,117247.633064,126.9,8.1,19.2,0.0,0.0,0.0,0.0,293995,0.0
4022,3815.24,7420.13998,11444.64,17836.876,30569.0392785,106842.045891,116955.81885,126.9,8.1,19.2,0.0,0.0,0.0,0.0,295038,0.0
4023,3815.24,7420.13998,11444.64,17836.876,27292.0844157,109401.725134,117898.094471,126.9,8.1,19.2,0.0,0.0,0.0,0.0,295263,0.0
4024,3815.24,7420.13998,11444.64,17836.876,22733.5895076,109034.401437,122519.913075,126.9,8.1,19.2,0.0,0.0,0.0,0.0,294959,0.0
4025,3815.24,7420.13998,11444.64,17836.876,15639.4622596,107849.79842,130370.64334,126.9,8.1,19.2,0.0,0.0,0.0,0.0,294531,0.0
4026,3815.24,7420.13998,11444.64,17836.876,8695.92137862,107122.800684,139976.281958,253.8,8.1,19.2,0.0,0.0,0.0,0.0,296593,0.0
4027,5800.52721928,7420.13998,11444.64,17836.876,1744.92225644,104667.321544,149614.173,253.8,176.4,19.2,0.0,0.0,0.0,0.0,298978,0.0
4028,13320.8401823,7420.13998,11444.64,17836.876,0.0,102310.930838,149614.173,253.8,176.4,19.2,0.0,0.0,0.0,0.0,302397,0.0
4029,17713.9573743,7420.13998,11444.64,17836.876,0.0,101942.813646,149614.173,253.8,176.4,19.2,0.0,0.0,0.0,0.0,306422,0.0
4030,17503.6742817,7420.13998,11444.64,17836.876,0.0,104451.830578,149614.173,253.8,168.666160118,19.2,0.0,0.0,0.0,0.0,308713,0.0
4031,13717.5502525,7420.13998,11444.64,17836.876,0.0,107160.520767,149614.173,253.8,8.1,19.2,0.0,0.0,0.0,0.0,307475,0.0
4032,7754.88166576,7420.13998,11444.64,17836.876,0.0,110568.189354,149614.173,253.8,8.1,19.2,0.0,0.0,0.0,0.0,304920,0.0
4033,14409.309264,7665.55317,11444.64,17948.496,0.0,113290.428566,135763.173,253.8,176.4,19.2,0.0,0.0,0.0,0.0,300971,0.0
4034,8901.00786585,7665.55317,11444.64,17948.496,0.0,114722.729964,135763.173,253.8,176.4,19.2,0.0,0.0,0.0,0.0,296895,0.0
4035,6107.1568952,7665.55317,11444.64,17948.496,0.0,114238.880935,135763.173,253.8,8.1,19.2,0.0,0.0,0.0,0.0,293449,0.0
4036,4661.09404449,7665.55317,11444.64,17948.496,0.0,113548.943786,135763.173,253.8,8.1,19.2,0.0,0.0,0.0,0.0,291313,0.0
4037,4458.56789486,7665.55317,11444.64,17948.496,0.0,112265.469935,135763.173,253.8,8.1,19.2,0.0,0.0,0.0,0.0,289827,0.0
4038,6368.36166303,7665.55317,11444.64,17948.496,0.0,109989.676167,135763.173,253.8,8.1,19.2,0.0,0.0,0.0,0.0,289461,0.0
4039,8662.12787754,7665.55317,11444.64,17948.496,1000.35667309,106634.553279,135763.173,253.8,8.1,19.2,0.0,0.0,0.0,0.0,289400,0.0
4040,7073.17583898,7665.55317,11444.64,17948.496,5673.32697125,103903.23502,135763.173,253.8,176.4,19.2,0.0,0.0,0.0,0.0,289921,0.0
4041,3851.925,7665.55317,11444.64,17948.496,12672.436265,108320.243927,128914.605638,253.8,8.1,19.2,0.0,0.0,0.0,0.0,291099,0.0
4042,3851.925,7665.55317,11444.64,17948.496,19481.5157945,112572.083579,119019.586456,126.9,8.1,19.2,0.0,0.0,0.0,0.0,292138,0.0
4043,3851.925,7665.55317,11444.64,17948.496,24523.2489935,111530.399044,114795.537792,126.9,8.1,19.2,0.0,0.0,0.0,0.0,291914,0.0
4044,3851.925,7665.55317,11444.64,17948.496,27641.6638418,109367.567429,113521.954559,126.9,8.1,19.2,0.0,0.0,0.0,0.0,291596,0.0
4045,3851.925,7665.55317,11444.64,17948.496,28758.5345666,107789.721264,114254.929999,126.9,8.1,19.2,0.0,0.0,0.0,0.0,291868,0.0
4046,3851.925,7665.55317,11444.64,17948.496,29329.596418,107829.186839,112976.402573,126.9,8.1,19.2,0.0,0.0,0.0,0.0,291200,0.0
4047,3851.925,7665.55317,11444.64,17948.496,27556.4703044,108820.127064,112701.588461,126.9,8.1,19.2,0.0,0.0,0.0,0.0,290143,0.0
4048,3851.925,7665.55317,11444.64,17948.496,22985.8937377,110789.755585,114705.536507,126.9,8.1,19.2,0.0,0.0,0.0,0.0,289546,0.0
4049,3851.925,7665.55317,11444.64,17948.496,15256.3097887,112562.140936,120754.735105,126.9,8.1,19.2,0.0,0.0,0.0,0.0,289638,0.0
4050,3851.925,7665.55317,11444.64,17948.496,7600.17639271,113315.470523,129282.638915,253.8,8.1,19.2,0.0,0.0,0.0,0.0,291390,0.0
4051,6012.72201239,7665.55317,11444.64,17948.496,1567.39496135,113763.620856,135763.173,253.8,176.4,19.2,0.0,0.0,0.0,0.0,294615,0.0
4052,11497.4940643,7665.55317,11444.64,17948.496,0.0,114111.243766,135763.173,253.8,176.4,19.2,0.0,0.0,0.0,0.0,298880,0.0
4053,17497.6586745,7665.55317,11444.64,17948.496,0.0,113065.692653,135763.173,253.8,88.7865026974,19.2,0.0,0.0,0.0,0.0,303747,0.0
4054,20280.5027465,7665.55317,11444.64,17948.496,0.0,112728.535083,135763.173,253.8,8.1,19.2,0.0,0.0,0.0,0.0,306112,0.0
4055,18282.2325548,7665.55317,11444.64,17948.496,0.0,113288.805275,135763.173,253.8,8.1,19.2,0.0,0.0,0.0,0.0,304674,0.0
4056,13448.0907035,7665.55317,11444.64,17948.496,0.0,114414.947127,135763.173,253.8,8.1,19.2,0.0,0.0,0.0,0.0,300966,0.0
4057,3851.925,7766.60566,11444.64,17814.552,0.0,115364.099791,139383.077549,253.8,8.1,19.2,0.0,0.0,0.0,0.0,295906,0.0
4058,3851.925,7766.60566,11444.64,17814.552,0.0,115708.45732,134383.72002,253.8,8.1,19.2,0.0,0.0,0.0,0.0,291251,0.0
4059,3851.925,7766.60566,11444.64,17814.552,0.0,116242.266463,130684.910877,253.8,8.1,19.2,0.0,0.0,0.0,0.0,288086,0.0
4060,3851.925,7766.60566,11444.64,17814.552,0.0,114969.173553,129871.003787,253.8,8.1,19.2,0.0,0.0,0.0,0.0,285999,0.0
4061,3851.925,7766.60566,11444.64,17814.552,0.0,112259.049272,131589.128068,253.8,8.1,19.2,0.0,0.0,0.0,0.0,285007,0.0
4062,3851.925,7766.60566,11444.64,17814.552,0.0,108336.847431,135776.329909,253.8,8.1,19.2,0.0,0.0,0.0,0.0,285272,0.0
4063,5236.79454134,7766.60566,11444.64,17814.552,1071.1516318,103004.383167,139564.773,253.8,8.1,19.2,0.0,0.0,0.0,0.0,286184,0.0
4064,7784.89203541,7766.60566,11444.64,17814.552,5712.60331576,98337.8339888,139564.773,253.8,8.1,19.2,0.0,0.0,0.0,0.0,288707,0.0
4065,3851.925,7766.60566,11444.64,17814.552,12782.0293932,100441.484543,137301.663404,253.8,8.1,19.2,0.0,0.0,0.0,0.0,291684,0.0
4066,3851.925,7766.60566,11444.64,17814.552,20351.2419881,100774.152438,132447.782914,253.8,8.1,19.2,0.0,0.0,0.0,0.0,294732,0.0
4067,3851.925,7766.60566,11444.64,17814.552,26271.7767649,99019.031488,130715.369087,253.8,8.1,19.2,0.0,0.0,0.0,0.0,297165,0.0
4068,3851.925,7766.60566,11444.64,17814.552,29116.3148866,98304.627279,130429.235174,253.8,8.1,19.2,0.0,0.0,0.0,0.0,299009,0.0
4069,3851.925,7766.60566,11444.64,17814.552,29346.0624278,97390.1088158,131541.006096,253.8,8.1,19.2,0.0,0.0,0.0,0.0,299436,0.0
4070,3851.925,7766.60566,11444.64,17814.552,28728.5000402,97296.4217522,131954.255548,253.8,8.1,19.2,0.0,0.0,0.0,0.0,299138,0.0
4071,3851.925,7766.60566,11444.64,17814.552,26039.5000003,98005.0459945,133288.631345,253.8,8.1,19.2,0.0,0.0,0.0,0.0,298492,0.0
4072,3851.925,7766.60566,11444.64,17814.552,21529.2963812,100866.197411,133644.683548,253.8,8.1,19.2,0.0,0.0,0.0,0.0,297199,0.0
4073,3851.925,7766.60566,11444.64,17814.552,14012.453283,103488.461395,137745.262662,253.8,8.1,19.2,0.0,0.0,0.0,0.0,296405,0.0
4074,9074.05184918,7766.60566,11444.64,17814.552,7582.40837545,104200.869115,139564.773,253.8,8.1,19.2,0.0,0.0,0.0,0.0,297729,0.0
4075,16611.68482,7766.60566,11444.64,17814.552,1508.63548763,105333.009032,139564.773,253.8,8.1,19.2,0.0,0.0,0.0,0.0,300325,0.0
4076,18739.7945298,7766.60566,11444.64,17814.552,0.0,107753.563872,139685.743939,253.8,8.1,19.2,0.0,0.0,0.0,0.0,303486,0.0
4077,20813.7214149,7766.60566,11444.64,17814.552,0.0,109560.407925,139742.973,253.8,8.1,19.2,0.0,0.0,0.0,0.0,307424,0.0
4078,21034.5979252,7766.60566,11444.64,17814.552,0.0,111308.531415,139742.973,253.8,8.1,19.2,0.0,0.0,0.0,0.0,309393,0.0
4079,17216.8183964,7766.60566,11444.64,17814.552,0.0,112578.310944,139742.973,253.8,8.1,19.2,0.0,0.0,0.0,0.0,306845,0.0
4080,11887.5215878,7766.60566,11444.64,17814.552,0.0,114340.607752,139742.973,253.8,8.1,19.2,0.0,0.0,0.0,0.0,303278,0.0
4081,11259.731938,7910.96636,11444.64,17702.932,0.0,116881.556702,133387.173,253.8,252.0,19.2,0.0,0.0,0.0,0.0,299112,0.0
4082,5139.5259461,7910.96636,11444.64,17702.932,0.0,118646.762694,133387.173,253.8,252.0,19.2,0.0,0.0,0.0,0.0,294757,0.0
4083,3961.98,7910.96636,11444.64,17702.932,0.0,120363.842461,129879.539179,253.8,8.1,19.2,0.0,0.0,0.0,0.0,291545,0.0
4084,3961.98,7910.96636,11444.64,17702.932,0.0,121787.226511,126637.155129,253.8,8.1,19.2,0.0,0.0,0.0,0.0,289726,0.0
4085,3961.98,7910.96636,11444.64,17702.932,0.0,122910.818477,123788.563163,253.8,8.1,19.2,0.0,0.0,0.0,0.0,288001,0.0
4086,3961.98,7910.96636,11444.64,17702.932,0.0,123375.135218,122431.146422,126.9,8.1,19.2,0.0,0.0,0.0,0.0,286981,0.0
4087,3961.98,7910.96636,11444.64,17702.932,949.816453913,123653.713223,120937.751963,126.9,8.1,19.2,0.0,0.0,0.0,0.0,286716,0.0
4088,3961.98,7910.96636,11444.64,17702.932,5665.53691928,124578.505227,116493.239494,126.9,8.1,19.2,0.0,0.0,0.0,0.0,287912,0.0
4089,3961.98,7910.96636,11444.64,17702.932,12905.2870654,130112.551737,105581.442837,126.9,8.1,19.2,0.0,0.0,0.0,0.0,289774,0.0
4090,3961.98,7910.96636,11444.64,17702.932,20417.9018801,131314.791553,98535.6882069,126.9,0.0,19.2,0.0,0.0,0.0,0.0,291435,0.0
4091,3961.98,7910.96636,11444.64,17702.932,26028.2223683,129549.719861,95707.6394112,126.9,0.0,0.0,0.0,0.0,0.0,0.0,292433,0.0
4092,3961.98,7910.96636,11444.64,17702.932,30293.7618687,128156.495838,94034.3239329,126.9,0.0,0.0,0.0,0.0,0.0,0.0,293632,0.0
4093,3961.98,7910.96636,11444.64,17702.932,31933.2957338,126363.069608,95163.2162981,126.9,0.0,0.0,0.0,0.0,0.0,0.0,294607,0.0
4094,3961.98,7910.96636,11444.64,17702.932,31014.8365253,124399.256053,98058.2890613,126.9,0.0,19.2,0.0,0.0,0.0,0.0,294639,0.0
4095,3961.98,7910.96636,11444.64,17702.932,27453.6801742,123139.407268,103386.194198,126.9,8.1,19.2,0.0,0.0,0.0,0.0,295154,0.0
4096,3961.98,7910.96636,11444.64,17702.932,21977.8107341,123163.682429,109273.788477,126.9,8.1,19.2,0.0,0.0,0.0,0.0,295590,0.0
4097,3961.98,7910.96636,11444.64,17702.932,15477.9339162,122511.545163,116951.802561,126.9,8.1,19.2,0.0,0.0,0.0,0.0,296116,0.0
4098,3961.98,7910.96636,11444.64,17702.932,7942.28178399,120167.417386,129428.68247,253.8,8.1,19.2,0.0,0.0,0.0,0.0,298840,0.0
4099,12956.6767129,7910.96636,11444.64,17702.932,1524.86308882,117346.748838,133387.173,253.8,252.0,19.2,0.0,0.0,0.0,0.0,302799,0.0
4100,19733.1715096,7910.96636,11444.64,17702.932,0.0,115916.11713,133387.173,253.8,252.0,19.2,0.0,0.0,0.0,0.0,306620,0.0
4101,26812.3186621,7910.96636,11444.64,17702.932,0.0,114178.969978,133387.173,253.8,252.0,19.2,0.0,0.0,0.0,0.0,311962,0.0
4102,23325.7699641,7910.96636,11444.64,17702.932,0.0,120029.518676,133387.173,253.8,252.0,19.2,0.0,0.0,0.0,0.0,314326,0.0
4103,15189.6829934,7910.96636,11444.64,17702.932,0.0,125762.605647,133387.173,253.8,252.0,19.2,0.0,0.0,0.0,0.0,311923,0.0
4104,8370.19437387,7910.96636,11444.64,17702.932,0.0,128375.488085,133387.173,253.8,363.606181623,19.2,0.0,0.0,0.0,0.0,307828,0.0
4105,18243.3471443,8127.50741,11444.64,17725.256,0.0,130180.976446,117763.173,253.8,8.1,19.2,0.0,0.0,0.0,0.0,303766,0.0
4106,11737.9088484,8127.50741,11444.64,17725.256,0.0,131491.414742,117763.173,253.8,8.1,19.2,0.0,0.0,0.0,0.0,298571,0.0
4107,7501.45610348,8127.50741,11444.64,17725.256,0.0,132059.867487,117763.173,253.8,8.1,19.2,0.0,0.0,0.0,0.0,294903,0.0
4108,6140.88806449,8127.50741,11444.64,17725.256,0.0,131162.435526,117763.173,253.8,8.1,19.2,0.0,0.0,0.0,0.0,292645,0.0
4109,5544.76632742,8127.50741,11444.64,17725.256,0.0,130160.557263,117763.173,253.8,8.1,19.2,0.0,0.0,0.0,0.0,291047,0.0
4110,6110.27721106,8127.50741,11444.64,17725.256,0.0,129040.046379,117763.173,253.8,8.1,19.2,0.0,0.0,0.0,0.0,290492,0.0
4111,6168.00926377,8127.50741,11444.64,17725.256,1017.00902954,127919.305297,117763.173,253.8,8.1,19.2,0.0,0.0,0.0,0.0,290446,0.0
4112,3961.98,8127.50741,11444.64,17725.256,5700.37729961,126751.790582,116752.348708,253.8,8.1,19.2,0.0,0.0,0.0,0.0,290745,0.0
4113,3961.98,8127.50741,11444.64,17725.256,13038.3159409,129588.22974,107189.870909,126.9,8.1,19.2,0.0,0.0,0.0,0.0,291230,0.0
4114,3961.98,8127.50741,11444.64,17725.256,20421.9180485,130875.773567,99777.7249744,126.9,8.1,19.2,0.0,0.0,0.0,0.0,292489,0.0
4115,3961.98,8127.50741,11444.64,17725.256,26673.4507014,130579.331465,94081.634424,126.9,8.1,19.2,0.0,0.0,0.0,0.0,292748,0.0
4116,3961.98,8127.50741,11444.64,17725.256,30803.2371445,129703.926477,90885.2529681,126.9,8.1,19.2,0.0,0.0,0.0,0.0,292806,0.0
4117,3961.98,8127.50741,11444.64,17725.256,32060.3041278,128497.246987,91347.8654749,126.9,8.1,19.2,0.0,0.0,0.0,0.0,293319,0.0
4118,3961.98,8127.50741,11444.64,17725.256,30768.8916228,127043.220613,94255.3043537,126.9,8.1,19.2,0.0,0.0,0.0,0.0,293481,0.0
4119,3961.98,8127.50741,11444.64,17725.256,28508.9627024,125302.621381,97459.832507,126.9,8.1,19.2,0.0,0.0,0.0,0.0,292685,0.0
4120,3961.98,8127.50741,11444.64,17725.256,23692.3070674,126171.877603,100279.23192,126.9,8.1,19.2,0.0,0.0,0.0,0.0,291557,0.0
4121,3961.98,8127.50741,11444.64,17725.256,16425.528547,127628.439962,105444.448081,126.9,8.1,19.2,0.0,0.0,0.0,0.0,290912,0.0
4122,3961.98,8127.50741,11444.64,17725.256,8187.91908213,127768.760459,114913.837049,253.8,8.1,19.2,0.0,0.0,0.0,0.0,292411,0.0
4123,11043.4803596,8127.50741,11444.64,17725.256,1602.01674123,126872.826489,117763.173,253.8,8.1,19.2,0.0,0.0,0.0,0.0,294860,0.0
4124,14563.3518508,8127.50741,11444.64,17725.256,0.0,128103.971739,117763.173,253.8,8.1,19.2,0.0,0.0,0.0,0.0,298009,0.0
4125,16986.1673912,8127.50741,11444.64,17725.256,0.0,129473.156199,117763.173,253.8,8.1,19.2,0.0,0.0,0.0,0.0,301801,0.0
4126,17367.1960917,8127.50741,11444.64,17725.256,0.0,130951.652233,117650.648266,253.8,8.1,19.2,0.0,0.0,0.0,0.0,303548,0.0
4127,13611.8901656,8127.50741,11444.64,17725.256,0.0,131878.633424,117584.973,253.8,8.1,19.2,0.0,0.0,0.0,0.0,300654,0.0
4128,7578.23327819,8127.50741,11444.64,17725.256,0.0,132946.090312,117763.173,253.8,8.1,19.2,0.0,0.0,0.0,0.0,295866,0.0
4129,10485.4114396,8315.17632,11444.64,18752.16,0.0,133447.53924,107126.973,253.8,8.1,19.2,0.0,0.0,0.0,0.0,289853,0.0
4130,4865.8888203,8315.17632,11444.64,18752.16,0.0,133252.06186,107126.973,253.8,8.1,19.2,0.0,0.0,0.0,0.0,284038,0.0
4131,4182.09,8315.17632,11444.64,18752.16,0.0,131861.704921,105131.028759,126.9,8.1,19.2,0.0,0.0,0.0,0.0,279841,0.0
4132,4182.09,8315.17632,11444.64,18752.16,0.0,130922.140902,103659.592778,126.9,8.1,19.2,0.0,0.0,0.0,0.0,277430,0.0
4133,4182.09,8315.17632,11444.64,18752.16,0.0,128904.429756,103857.303924,126.9,8.1,19.2,0.0,0.0,0.0,0.0,275610,0.0
4134,4182.09,8315.17632,11444.64,18752.16,0.0,126202.09923,105949.73445,253.8,8.1,19.2,0.0,0.0,0.0,0.0,275127,0.0
4135,4956.91494003,8315.17632,11444.64,18752.16,830.784809995,123268.25093,107126.973,253.8,8.1,19.2,0.0,0.0,0.0,0.0,274976,0.0
4136,4182.09,8315.17632,11444.64,18752.16,5513.04170914,120170.483369,105900.308602,253.8,8.1,19.2,0.0,0.0,0.0,0.0,274559,0.0
4137,4182.09,8315.17632,11444.64,18752.16,12477.9380328,120677.697864,98220.0977829,126.9,8.1,19.2,0.0,0.0,0.0,0.0,274224,0.0
4138,4182.09,8315.17632,11444.64,18752.16,20095.7282948,121449.483745,90263.5216404,126.9,8.1,19.2,0.0,0.0,0.0,0.0,274657,0.0
4139,4182.09,8315.17632,11444.64,18752.16,26513.9605255,120448.450277,85181.3228775,126.9,8.1,19.2,0.0,0.0,0.0,0.0,274992,0.0
4140,4182.09,8315.17632,11444.64,18752.16,30138.5969434,119732.015479,82599.1212571,126.9,8.1,19.2,0.0,0.0,0.0,0.0,275318,0.0
4141,4182.09,8315.17632,11444.64,18752.16,31702.9215015,119361.510401,82699.3017774,126.9,8.1,19.2,0.0,0.0,0.0,0.0,276612,0.0
4142,4182.09,8315.17632,11444.64,18752.16,30945.1231154,118458.537672,85547.0728929,126.9,8.1,19.2,0.0,0.0,0.0,0.0,277799,0.0
4143,4182.09,8315.17632,11444.64,18752.16,27944.5966535,118325.524433,88774.6125931,126.9,8.1,19.2,0.0,0.0,0.0,0.0,277893,0.0
4144,4182.09,8315.17632,11444.64,18752.16,23682.2427495,119698.562071,90778.9288595,126.9,8.1,19.2,0.0,0.0,0.0,0.0,277008,0.0
4145,4182.09,8315.17632,11444.64,18752.16,16996.4468827,121238.214555,95472.0722428,126.9,8.1,19.2,0.0,0.0,0.0,0.0,276555,0.0
4146,4182.09,8315.17632,11444.64,18752.16,8653.29716554,121253.452967,106632.083547,253.8,8.1,19.2,0.0,0.0,0.0,0.0,279514,0.0
4147,16657.6842379,8315.17632,11444.64,18752.16,1594.79618999,119649.470252,107126.973,253.8,8.1,19.2,0.0,0.0,0.0,0.0,283822,0.0
4148,24766.3072237,8315.17632,11444.64,18752.16,0.0,118513.643456,107126.973,253.8,8.1,19.2,0.0,0.0,0.0,0.0,289200,0.0
4149,29446.9464997,8315.17632,11444.64,18752.16,0.0,119824.254851,107214.722329,253.8,8.1,19.2,0.0,0.0,0.0,0.0,295279,0.0
4150,30486.6865951,8315.17632,11444.64,18752.16,0.0,123538.064085,107305.173,253.8,8.1,19.2,0.0,0.0,0.0,0.0,300123,0.0
4151,25560.2402046,8315.17632,11444.64,18752.16,0.0,127451.510475,107305.173,253.8,8.1,19.2,0.0,0.0,0.0,0.0,299110,0.0
4152,19162.4141391,8315.17632,11444.64,18752.16,0.0,129937.336541,107305.173,253.8,8.1,19.2,0.0,0.0,0.0,0.0,295198,0.0
4153,4548.94,8502.84523,11444.64,19667.444,0.0,131095.833307,115461.097463,126.9,8.1,19.2,0.0,0.0,0.0,0.0,290875,0.0
4154,4548.94,8502.84523,11444.64,19667.444,0.0,130355.871944,111087.058826,126.9,8.1,19.2,0.0,0.0,0.0,0.0,285761,0.0
4155,4548.94,8502.84523,11444.64,19667.444,0.0,127597.649439,109287.281331,126.9,8.1,19.2,0.0,0.0,0.0,0.0,281203,0.0
4156,4548.94,8502.84523,11444.64,19667.444,0.0,122721.260262,111101.670508,126.9,8.1,19.2,0.0,0.0,0.0,0.0,278141,0.0
4157,4548.94,8502.84523,11444.64,19667.444,0.0,118028.822632,114007.108138,126.9,8.1,19.2,0.0,0.0,0.0,0.0,276354,0.0
4158,4548.94,8502.84523,11444.64,19667.444,0.0,114812.646449,116933.284321,126.9,8.1,19.2,0.0,0.0,0.0,0.0,276064,0.0
4159,4548.94,8502.84523,11444.64,19667.444,928.63915844,112587.64429,119059.647321,126.9,8.1,19.2,0.0,0.0,0.0,0.0,276894,0.0
4160,4548.94,8502.84523,11444.64,19667.444,5625.83727341,110404.75369,119332.439806,253.8,8.1,19.2,0.0,0.0,0.0,0.0,279808,0.0
4161,4548.94,8502.84523,11444.64,19667.444,13135.2057056,114984.275766,110793.449298,126.9,8.1,19.2,0.0,0.0,0.0,0.0,283231,0.0
4162,4548.94,8502.84523,11444.64,19667.444,20488.373184,118738.829067,103503.728519,126.9,8.1,19.2,0.0,0.0,0.0,0.0,287049,0.0
4163,4548.94,8502.84523,11444.64,19667.444,26547.9698634,119715.587874,99685.3730331,126.9,8.1,19.2,0.0,0.0,0.0,0.0,290267,0.0
4164,4548.94,8502.84523,11444.64,19667.444,30651.5846926,119281.652058,99544.694019,126.9,8.1,19.2,0.0,0.0,0.0,0.0,293796,0.0
4165,4548.94,8502.84523,11444.64,19667.444,32633.0353421,117590.592342,101902.303086,126.9,8.1,19.2,0.0,0.0,0.0,0.0,296444,0.0
4166,4548.94,8502.84523,11444.64,19667.444,31518.9964105,116103.739856,105696.194504,126.9,8.1,19.2,0.0,0.0,0.0,0.0,297637,0.0
4167,4548.94,8502.84523,11444.64,19667.444,28873.4114714,115478.030439,108700.488859,126.9,8.1,19.2,0.0,0.0,0.0,0.0,297370,0.0
4168,4548.94,8502.84523,11444.64,19667.444,24054.1298661,115372.538143,112316.262761,126.9,8.1,19.2,0.0,0.0,0.0,0.0,296061,0.0
4169,4548.94,8502.84523,11444.64,19667.444,17530.6363697,115522.908582,116822.385818,126.9,8.1,19.2,0.0,0.0,0.0,0.0,294194,0.0
4170,5525.08462892,8502.84523,11444.64,19667.444,8843.39009661,113835.523044,127268.973,253.8,8.1,19.2,0.0,0.0,0.0,0.0,295369,0.0
4171,20882.5642473,8502.84523,11444.64,19667.444,1692.67039802,108704.763125,127268.973,253.8,8.1,19.2,0.0,0.0,0.0,0.0,298445,0.0
4172,28280.4522107,8502.84523,11444.64,19667.444,0.0,106882.545559,127268.973,253.8,8.1,19.2,0.0,0.0,0.0,0.0,302328,0.0
4173,30325.6973282,8502.84523,11444.64,19667.444,0.0,109173.300442,127268.973,253.8,8.1,19.2,0.0,0.0,0.0,0.0,306664,0.0
4174,27749.8356069,8502.84523,11444.64,19667.444,0.0,114845.162163,127268.973,253.8,8.1,19.2,0.0,0.0,0.0,0.0,309760,0.0
4175,22547.954912,8502.84523,11444.64,19667.444,0.0,118653.042858,127268.973,253.8,8.1,19.2,0.0,0.0,0.0,0.0,308366,0.0
4176,16476.2751661,8502.84523,11444.64,19667.444,0.0,121076.116983,127234.578621,253.8,8.1,19.2,0.0,0.0,0.0,0.0,304683,0.0
4177,4842.42,8603.89772,11444.64,19890.684,0.0,123375.607815,131322.650465,253.8,8.1,19.2,0.0,0.0,0.0,0.0,299761,0.0
4178,4842.42,8603.89772,11444.64,19890.684,0.0,125046.109049,123530.149231,253.8,8.1,19.2,0.0,0.0,0.0,0.0,293639,0.0
4179,4842.42,8603.89772,11444.64,19890.684,0.0,126218.493736,117938.664544,126.9,8.1,19.2,0.0,0.0,0.0,0.0,289093,0.0
4180,4842.42,8603.89772,11444.64,19890.684,0.0,122505.1018,119066.05648,126.9,8.1,19.2,0.0,0.0,0.0,0.0,286507,0.0
4181,4842.42,8603.89772,11444.64,19890.684,0.0,117777.357872,121837.800408,126.9,8.1,19.2,0.0,0.0,0.0,0.0,284551,0.0
4182,4842.42,8603.89772,11444.64,19890.684,0.0,113889.053638,124669.204642,253.8,8.1,19.2,0.0,0.0,0.0,0.0,283621,0.0
4183,4842.42,8603.89772,11444.64,19890.684,937.650814821,110503.914622,126857.692843,253.8,8.1,19.2,0.0,0.0,0.0,0.0,283362,0.0
4184,4842.42,8603.89772,11444.64,19890.684,5769.79055064,107416.679301,125396.788429,253.8,8.1,19.2,0.0,0.0,0.0,0.0,283646,0.0
4185,4842.42,8603.89772,11444.64,19890.684,13171.5401184,112386.78134,113451.836821,126.9,8.1,19.2,0.0,0.0,0.0,0.0,283946,0.0
4186,4842.42,8603.89772,11444.64,19890.684,20515.330808,116428.575396,102944.252076,126.9,8.1,19.2,0.0,0.0,0.0,0.0,284824,0.0
4187,4842.42,8603.89772,11444.64,19890.684,27108.5369163,116235.8083,98125.8130639,126.9,8.1,19.2,0.0,0.0,0.0,0.0,286406,0.0
4188,4842.42,8603.89772,11444.64,19890.684,31215.7145843,113042.661785,99770.7819111,126.9,8.1,19.2,0.0,0.0,0.0,0.0,288965,0.0
4189,4842.42,8603.89772,11444.64,19890.684,33148.1622187,108218.773508,105319.222554,126.9,8.1,19.2,0.0,0.0,0.0,0.0,291622,0.0
4190,4842.42,8603.89772,11444.64,19890.684,32528.9488455,103008.727942,113760.481493,126.9,8.1,19.2,0.0,0.0,0.0,0.0,294234,0.0
4191,4842.42,8603.89772,11444.64,19890.684,30287.4077599,98888.2176372,122319.632883,253.8,8.1,19.2,0.0,0.0,0.0,0.0,296558,0.0
4192,4842.42,8603.89772,11444.64,19890.684,24970.0837368,100291.374302,127274.800241,253.8,8.1,19.2,0.0,0.0,0.0,0.0,297599,0.0
4193,5026.71710598,8603.89772,11444.64,19890.684,17342.6202743,103365.3679,131426.973,253.8,8.1,19.2,0.0,0.0,0.0,0.0,297382,0.0
4194,13130.7033887,8603.89772,11444.64,19890.684,8887.94805124,105384.05384,131426.973,253.8,8.1,19.2,0.0,0.0,0.0,0.0,299050,0.0
4195,22326.4244072,8603.89772,11444.64,19890.684,1667.35339136,106551.749854,131387.150628,253.8,8.1,19.2,0.0,0.0,0.0,0.0,302153,0.0
4196,24009.0654559,8603.89772,11444.64,19890.684,0.0,110241.639824,131426.973,253.8,8.1,19.2,0.0,0.0,0.0,0.0,305898,0.0
4197,22798.4170378,8603.89772,11444.64,19890.684,0.0,115809.288242,131426.973,253.8,8.1,19.2,0.0,0.0,0.0,0.0,310255,0.0
4198,23759.2217829,8603.89772,11444.64,19890.684,0.0,118995.483497,131426.973,253.8,8.1,19.2,0.0,0.0,0.0,0.0,314402,0.0
4199,22343.1550847,8603.89772,11444.64,19890.684,0.0,120200.750195,131248.773,253.8,8.1,19.2,0.0,0.0,0.0,0.0,314013,0.0
4200,18247.4198368,8603.89772,11444.64,19890.684,0.0,121100.485443,131248.773,253.8,8.1,19.2,0.0,0.0,0.0,0.0,310817,0.0
4201,4952.475,8618.33379,11444.64,19846.036,0.0,121992.097338,139184.317872,253.8,8.1,19.2,0.0,0.0,0.0,0.0,306319,0.0
4202,4952.475,8618.33379,11444.64,19846.036,0.0,122204.107424,134399.207786,126.9,8.1,19.2,0.0,0.0,0.0,0.0,301619,0.0
4203,4952.475,8618.33379,11444.64,19846.036,0.0,121022.263391,131853.051819,126.9,8.1,19.2,0.0,0.0,0.0,0.0,297891,0.0
4204,4952.475,8618.33379,11444.64,19846.036,0.0,117365.996128,131749.319082,126.9,8.1,19.2,0.0,0.0,0.0,0.0,294131,0.0
4205,4952.475,8618.33379,11444.64,19846.036,0.0,113953.695668,132505.619542,126.9,8.1,19.2,0.0,0.0,0.0,0.0,291475,0.0
4206,4952.475,8618.33379,11444.64,19846.036,0.0,111095.121137,133166.194073,126.9,8.1,19.2,0.0,0.0,0.0,0.0,289277,0.0
4207,4952.475,8618.33379,11444.64,19846.036,947.272742584,108615.769734,133323.272733,126.9,8.1,19.2,0.0,0.0,0.0,0.0,287902,0.0
4208,4952.475,8618.33379,11444.64,19846.036,5745.79541886,106988.793751,129868.72604,126.9,8.1,19.2,0.0,0.0,0.0,0.0,287619,0.0
4209,4952.475,8618.33379,11444.64,19846.036,13126.7469956,114791.52017,116772.048044,126.9,8.1,19.2,0.0,0.0,0.0,0.0,289706,0.0
4210,4952.475,8618.33379,11444.64,19846.036,20901.3003072,119969.523919,105899.790983,126.9,0.0,0.0,0.0,0.0,0.0,0.0,291759,0.0
4211,4952.475,8618.33379,11444.64,19846.036,27070.4713854,117648.722725,104446.4211,126.9,0.0,0.0,0.0,0.0,0.0,1890.0,294154,0.0
4212,4952.475,8618.33379,11444.64,19846.036,30259.6163603,116471.57775,104446.4211,126.9,0.0,0.0,0.0,0.0,0.0,1190.0,296166,0.0
4213,4952.475,8618.33379,11444.64,19846.036,33060.3942025,112008.264808,107849.9562,126.9,0.0,0.0,0.0,0.0,0.0,0.0,297907,0.0
4214,4952.475,8618.33379,11444.64,19846.036,33074.5599677,107572.20451,113566.550732,126.9,8.1,19.2,0.0,0.0,0.0,0.0,299229,0.0
4215,4952.475,8618.33379,11444.64,19846.036,30222.5562459,104143.625943,120648.133021,126.9,8.1,19.2,0.0,0.0,0.0,0.0,300030,0.0
4216,4952.475,8618.33379,11444.64,19846.036,24576.6412139,102567.365569,127624.308427,126.9,8.1,19.2,0.0,0.0,0.0,0.0,299784,0.0
4217,4952.475,8618.33379,11444.64,19846.036,17012.9515061,101981.835822,135067.627882,253.8,8.1,19.2,0.0,0.0,0.0,0.0,299205,0.0
4218,4952.475,8618.33379,11444.64,19846.036,8808.77707547,102259.300333,145336.337801,253.8,8.1,19.2,0.0,0.0,0.0,0.0,301547,0.0
4219,12691.3179054,8618.33379,11444.64,19846.036,1691.79671317,99810.3672567,149209.173,253.8,249.335334696,19.2,0.0,0.0,0.0,0.0,303834,0.0
4220,21349.4676745,8618.33379,11444.64,19846.036,0.0,96583.3495355,149209.173,253.8,252.0,19.2,0.0,0.0,0.0,0.0,307576,0.0
4221,27695.6067492,8618.33379,11444.64,19846.036,0.0,95932.8104608,149209.173,253.8,176.4,19.2,0.0,0.0,0.0,0.0,313196,0.0
4222,29924.0959517,8618.33379,11444.64,19846.036,0.0,97836.7212583,149209.173,253.8,252.0,19.2,0.0,0.0,0.0,0.0,317404,0.0
4223,26376.4477576,8618.33379,11444.64,19846.036,0.0,99444.3694524,149209.173,253.8,252.0,19.2,0.0,0.0,0.0,0.0,315464,0.0
4224,21938.3580616,8618.33379,11444.64,19846.036,0.0,100213.459148,149209.173,253.8,252.0,19.2,0.0,0.0,0.0,0.0,311795,0.0
4225,4915.79,8719.38628,11444.64,19890.684,0.0,101065.291371,158690.866349,2019.042,8.1,19.2,0.0,0.0,0.0,0.0,306773,0.0
4226,4915.79,8719.38628,11444.64,19890.684,0.0,101097.093889,153275.063831,2019.042,8.1,19.2,0.0,0.0,0.0,0.0,301389,0.0
4227,4915.79,8719.38628,11444.64,19890.684,0.0,99286.2188581,150707.938862,2019.042,8.1,19.2,0.0,0.0,0.0,0.0,297011,0.0
4228,4915.79,8719.38628,11444.64,19890.684,0.0,94342.185669,153011.972051,2019.042,8.1,19.2,0.0,0.0,0.0,0.0,294371,0.0
4229,4915.79,8719.38628,11444.64,19890.684,0.0,88732.097794,156374.059926,2019.042,8.1,19.2,0.0,0.0,0.0,0.0,292123,0.0
4230,4915.79,8719.38628,11444.64,19890.684,0.0,83230.8029961,159927.354724,2019.042,8.1,19.2,0.0,0.0,0.0,0.0,290175,0.0
4231,4915.79,8719.38628,11444.64,19890.684,902.132445671,78540.8979519,162616.127322,2019.042,8.1,19.2,0.0,0.0,0.0,0.0,289076,0.0
4232,4915.79,8719.38628,11444.64,19890.684,5683.2302994,74783.2594691,162342.667951,2019.042,8.1,19.2,0.0,0.0,0.0,0.0,289826,0.0
4233,4915.79,8719.38628,11444.64,19890.684,13078.1156186,74133.8002881,157076.241813,2019.042,8.1,19.2,0.0,0.0,0.0,0.0,291305,0.0
4234,4915.79,8719.38628,11444.64,19890.684,21007.4018756,71737.8983079,154008.857536,2019.042,8.1,19.2,0.0,0.0,0.0,0.0,293771,0.0
4235,4915.79,8719.38628,11444.64,19890.684,27458.3432271,63534.9814802,158959.833013,2019.042,8.1,19.2,0.0,0.0,0.0,0.0,296970,0.0
4236,4915.79,8719.38628,11444.64,19890.684,31012.9328697,53323.7242527,168511.600598,2145.942,8.1,19.2,0.0,0.0,0.0,0.0,299992,0.0
4237,4915.79,8719.38628,11444.64,19890.684,31853.9800764,44182.6920971,178808.585547,2145.942,8.1,19.2,0.0,0.0,0.0,0.0,301989,0.0
4238,4915.79,8719.38628,11444.64,19890.684,32177.3517679,38195.2875826,186588.41837,2468.142,8.1,19.2,0.0,0.0,0.0,0.0,304427,0.0
4239,4941.37824059,8719.38628,11444.64,19890.684,29820.6744603,35586.8690191,190114.173,4038.084,484.911,19.2,0.0,0.0,0.0,0.0,305060,0.0
4240,7491.7625162,8719.38628,11444.64,19890.684,24134.693984,38673.0010471,190114.173,4038.084,393.375172721,19.2,0.0,0.0,0.0,0.0,304919,0.0
4241,9099.94071222,8719.38628,11444.64,19890.684,16705.1453313,44098.9466765,190114.173,4038.084,370.8,19.2,0.0,0.0,0.0,0.0,304501,0.0
4242,12898.1636633,8719.38628,11444.64,19890.684,8310.37336355,49352.4956931,190114.173,4038.084,370.8,19.2,0.0,0.0,0.0,0.0,305158,0.0
4243,17049.647747,8719.38628,11444.64,19890.684,1757.62256236,52527.7624107,190114.173,4038.084,370.8,19.2,0.0,0.0,0.0,0.0,305932,0.0
4244,19258.0688128,8719.38628,11444.64,19890.684,0.0,55339.9639072,190114.173,4038.084,370.8,19.2,0.0,0.0,0.0,0.0,309195,0.0
4245,22343.1382702,8719.38628,11444.64,19890.684,0.0,56100.8944498,190114.173,4038.084,370.8,19.2,0.0,0.0,0.0,0.0,313041,0.0
4246,24366.8162409,8719.38628,11444.64,19890.684,0.0,56602.2164791,190114.173,4038.084,370.8,19.2,0.0,0.0,0.0,0.0,315566,0.0
4247,23048.3813773,8719.38628,11444.64,19890.684,0.0,56573.6513427,190114.173,4038.084,370.8,19.2,0.0,0.0,0.0,0.0,314219,0.0
4248,19801.4865196,8719.38628,11444.64,19890.684,0.0,57052.5462004,190114.173,4038.084,370.8,19.2,0.0,0.0,0.0,0.0,311451,0.0
4249,12437.9933991,8777.13056,11444.64,19890.684,0.0,57569.3950409,192778.173,4062.384,176.4,19.2,0.0,0.0,0.0,0.0,307156,0.0
4250,6753.95715137,8777.13056,11444.64,19890.684,0.0,58329.4312886,192778.173,4062.384,176.4,19.2,0.0,0.0,0.0,0.0,302232,0.0
4251,4769.05,8777.13056,11444.64,19890.684,0.0,57860.4444742,192248.973,3636.47796578,176.4,19.2,0.0,0.0,0.0,0.0,298823,0.0
4252,6020.63452975,8777.13056,11444.64,19890.684,0.0,54710.7539103,192778.173,4062.384,176.4,19.2,0.0,0.0,0.0,0.0,297880,0.0
4253,9157.70160476,8777.13056,11444.64,19890.684,0.0,50759.6868352,192778.173,4062.384,176.4,19.2,0.0,0.0,0.0,0.0,297066,0.0
4254,10330.1743169,8777.13056,11444.64,19890.684,0.0,48736.0601231,192778.173,4016.538,176.4,19.2,0.0,0.0,0.0,0.0,296169,0.0
4255,12219.7353657,8777.13056,11444.64,19890.684,825.612167362,45805.040907,192778.173,4062.384,176.4,19.2,0.0,0.0,0.0,0.0,295999,0.0
4256,9341.53689412,8777.13056,11444.64,19890.684,5664.63090011,43912.2206458,192778.173,4062.384,176.4,19.2,0.0,0.0,0.0,0.0,296067,0.0
4257,4769.05,8777.13056,11444.64,19890.684,13027.6320753,45560.3372082,189534.449156,2601.477,176.4,19.2,0.0,0.0,0.0,0.0,295801,0.0
4258,4769.05,8777.13056,11444.64,19890.684,20341.4650976,44592.9151479,184168.723194,2158.092,8.1,19.2,0.0,0.0,0.0,0.0,296170,0.0
4259,4769.05,8777.13056,11444.64,19890.684,26054.7689809,40679.7313559,183285.603103,2158.092,8.1,19.2,0.0,0.0,0.0,0.0,297087,0.0
4260,4769.05,8777.13056,11444.64,19890.684,30627.0077539,35961.8874718,183335.208214,2158.092,8.1,19.2,0.0,0.0,0.0,0.0,296991,0.0
4261,4769.05,8777.13056,11444.64,19890.684,31978.7582285,32292.5441835,186479.801028,2158.092,8.1,19.2,0.0,0.0,0.0,0.0,297818,0.0
4262,4769.05,8777.13056,11444.64,19890.684,30415.3486533,30543.9387964,189971.13099,2601.477,176.4,19.2,0.0,0.0,0.0,0.0,298609,0.0
4263,4769.05,8777.13056,11444.64,19890.684,27491.4139617,31630.5694741,192032.973,3473.93900424,176.4,19.2,0.0,0.0,0.0,0.0,299706,0.0
4264,5249.66812406,8777.13056,11444.64,19890.684,22857.7035289,34632.016787,192778.173,4062.384,176.4,19.2,0.0,0.0,0.0,0.0,299888,0.0
4265,8976.85315527,8777.13056,11444.64,19890.684,16189.9590933,38752.5761915,192778.173,4062.384,176.4,19.2,0.0,0.0,0.0,0.0,301068,0.0
4266,14329.9828515,8777.13056,11444.64,19890.684,8328.08583505,42758.3197534,192778.173,4062.384,176.4,19.2,0.0,0.0,0.0,0.0,302565,0.0
4267,18761.9690879,8777.13056,11444.64,19890.684,1799.80901379,46969.6103383,192778.173,4062.384,176.4,19.2,0.0,0.0,0.0,0.0,304680,0.0
4268,17758.3637212,8777.13056,11444.64,19890.684,0.0,52439.0247188,192778.173,4062.384,176.4,19.2,0.0,0.0,0.0,0.0,307346,0.0
4269,19048.4694202,8777.13056,11444.64,19890.684,0.0,54883.7190198,192778.173,4033.584,176.4,19.2,0.0,0.0,0.0,0.0,311052,0.0
4270,17453.1203305,8777.13056,11444.64,19890.684,0.0,57906.4466107,192778.173,4058.20549873,176.4,19.2,0.0,0.0,0.0,0.0,312504,0.0
4271,13648.7416878,8777.13056,11444.64,19890.684,0.0,59575.6927522,192778.173,4045.338,176.4,19.2,0.0,0.0,0.0,0.0,310356,0.0
4272,9478.54245981,8777.13056,11444.64,19890.684,0.0,60024.8459802,192778.173,4062.384,176.4,19.2,0.0,0.0,0.0,0.0,306652,0.0
4273,15010.9552246,8806.0027,11444.64,19756.74,0.0,60479.7190754,185752.773,1140.57,176.4,19.2,0.0,0.0,0.0,0.0,302587,0.0
4274,8896.9047974,8806.0027,11444.64,19756.74,0.0,62238.7695026,185752.773,1140.57,176.4,19.2,0.0,0.0,0.0,0.0,298232,0.0
4275,4695.68,8806.0027,11444.64,19756.74,0.0,64062.7318581,185316.035442,1140.57,176.4,19.2,0.0,0.0,0.0,0.0,295418,0.0
4276,4695.68,8806.0027,11444.64,19756.74,0.0,62297.1314684,184727.635832,1140.57,176.4,19.2,0.0,0.0,0.0,0.0,293064,0.0
4277,5964.0483314,8806.0027,11444.64,19756.74,0.0,58472.6259686,185752.773,1140.57,176.4,19.2,0.0,0.0,0.0,0.0,291533,0.0
4278,7811.07366343,8806.0027,11444.64,19756.74,0.0,55212.6006366,185752.773,1140.57,176.4,19.2,0.0,0.0,0.0,0.0,290120,0.0
4279,8979.50403287,8806.0027,11444.64,19756.74,770.674843413,52525.4954237,185752.773,1140.57,176.4,19.2,0.0,0.0,0.0,0.0,289372,0.0
4280,7478.16960191,8806.0027,11444.64,19756.74,5347.16357342,49661.3411247,185752.773,1140.57,176.4,19.2,0.0,0.0,0.0,0.0,289583,0.0
4281,4695.68,8806.0027,11444.64,19756.74,11870.8847901,49027.9185518,183942.558,1019.385,103.990958056,19.2,0.0,0.0,0.0,0.0,290687,0.0
4282,4695.68,8806.0027,11444.64,19756.74,18487.4965138,43510.7715446,184010.058,1070.01124154,176.4,19.2,0.0,0.0,0.0,0.0,291977,0.0
4283,6610.59351463,8806.0027,11444.64,19756.74,23666.8400404,36595.240745,185752.773,1140.57,176.4,19.2,0.0,0.0,0.0,0.0,293969,0.0
4284,8599.15821635,8806.0027,11444.64,19756.74,27767.3685325,32560.1475512,185752.773,1140.57,176.4,19.2,0.0,0.0,0.0,0.0,296023,0.0
4285,7978.43580892,8806.0027,11444.64,19756.74,30080.8375656,32669.4009255,185752.773,1140.57,176.4,19.2,0.0,0.0,0.0,0.0,297825,0.0
4286,6714.49870547,8806.0027,11444.64,19756.74,30076.8464386,35877.3291559,185752.773,1140.57,176.4,19.2,0.0,0.0,0.0,0.0,299765,0.0
4287,4695.68,8806.0027,11444.64,19756.74,27715.4797598,41336.8989928,184926.388547,1140.57,176.4,19.2,0.0,0.0,0.0,0.0,300018,0.0
4288,4695.68,8806.0027,11444.64,19756.74,23305.0522456,51488.4970618,179027.902993,697.185,8.1,19.2,0.0,0.0,0.0,0.0,299249,0.0
4289,4695.68,8806.0027,11444.64,19756.74,16484.8846821,61236.4369423,176103.130676,697.185,8.1,19.2,0.0,0.0,0.0,0.0,299252,0.0
4290,4695.68,8806.0027,11444.64,19756.74,8006.78594234,65811.1480461,182421.518312,697.185,8.1,19.2,0.0,0.0,0.0,0.0,301667,0.0
4291,10178.6319981,8806.0027,11444.64,19756.74,1755.24905175,66095.8249159,185783.741334,1140.57,176.4,19.2,0.0,0.0,0.0,0.0,305157,0.0
4292,17877.882365,8806.0027,11444.64,19756.74,0.0,64957.391935,185785.173,1140.57,176.4,19.2,0.0,0.0,0.0,0.0,309964,0.0
4293,23820.2614706,8806.0027,11444.64,19756.74,0.0,63701.0128294,185785.173,1140.57,176.4,19.2,0.0,0.0,0.0,0.0,314650,0.0
4294,23900.9394641,8806.0027,11444.64,19756.74,0.0,65149.3348359,185785.173,1140.57,176.4,19.2,0.0,0.0,0.0,0.0,316179,0.0
4295,18901.6229359,8806.0027,11444.64,19756.74,0.0,67641.6513641,185785.173,1140.57,176.4,19.2,0.0,0.0,0.0,0.0,313672,0.0
4296,12831.7239693,8806.0027,11444.64,19756.74,0.0,69760.5503307,185785.173,1140.57,176.4,19.2,0.0,0.0,0.0,0.0,309721,0.0
4297,26421.0551723,8834.87484,11444.64,19868.36,0.0,72754.2969877,165224.673,253.8,8.1,19.2,0.0,0.0,0.0,0.0,304829,0.0
4298,18711.4976679,8834.87484,11444.64,19868.36,0.0,75215.8544921,165224.673,253.8,8.1,19.2,0.0,0.0,0.0,0.0,299581,0.0
4299,13510.8604039,8834.87484,11444.64,19868.36,0.0,77195.4917561,165224.673,253.8,8.1,19.2,0.0,0.0,0.0,0.0,296360,0.0
4300,11935.3654557,8834.87484,11444.64,19868.36,0.0,76501.0489327,165250.610772,253.8,8.1,19.2,0.0,0.0,0.0,0.0,294116,0.0
4301,11166.2461511,8834.87484,11444.64,19868.36,0.0,74741.4060089,165281.373,253.8,8.1,19.2,0.0,0.0,0.0,0.0,291618,0.0
4302,11229.5332396,8834.87484,11444.64,19868.36,0.0,72731.1189204,165281.373,253.8,8.1,19.2,0.0,0.0,0.0,0.0,289671,0.0
4303,11361.7305625,8834.87484,11444.64,19868.36,796.929152694,70997.9924448,165281.373,253.8,8.1,19.2,0.0,0.0,0.0,0.0,288867,0.0
4304,7657.79341758,8834.87484,11444.64,19868.36,5472.89607501,70312.9626674,165281.373,253.8,8.1,19.2,0.0,0.0,0.0,0.0,289154,0.0
4305,4732.365,8834.87484,11444.64,19868.36,13104.9413721,75056.1829063,156876.535882,253.8,8.1,19.2,0.0,0.0,0.0,0.0,290199,0.0
4306,4732.365,8834.87484,11444.64,19868.36,20938.8186041,75144.9415981,150986.899958,253.8,8.1,19.2,0.0,0.0,0.0,0.0,292232,0.0
4307,4732.365,8834.87484,11444.64,19868.36,27413.3680919,71696.1016471,149680.190421,253.8,8.1,19.2,0.0,0.0,0.0,0.0,293951,0.0
4308,4732.365,8834.87484,11444.64,19868.36,31930.7777528,69238.9102177,149410.972189,253.8,8.1,19.2,0.0,0.0,0.0,0.0,295742,0.0
4309,4732.365,8834.87484,11444.64,19868.36,33420.2930759,68316.2699011,150315.097183,253.8,8.1,19.2,0.0,0.0,0.0,0.0,297213,0.0
4310,4732.365,8834.87484,11444.64,19868.36,32780.0259087,69260.2710955,151310.363156,253.8,8.1,19.2,0.0,0.0,0.0,0.0,298512,0.0
4311,4732.365,8834.87484,11444.64,19868.36,29247.9260323,71576.4552323,151728.278895,253.8,8.1,19.2,0.0,0.0,0.0,0.0,297714,0.0
4312,4732.365,8834.87484,11444.64,19868.36,24110.0109413,75882.6405738,149653.008645,253.8,8.1,19.2,0.0,0.0,0.0,0.0,294807,0.0
4313,4732.365,8834.87484,11444.64,19868.36,17489.9183274,80329.4424101,148817.299423,253.8,8.1,19.2,0.0,0.0,0.0,0.0,291798,0.0
4314,4732.365,8834.87484,11444.64,19868.36,8844.81276724,83252.120074,154165.727319,253.8,8.1,19.2,0.0,0.0,0.0,0.0,291424,0.0
4315,4732.365,8834.87484,11444.64,19868.36,1770.17566099,83997.1446077,161965.339891,253.8,8.1,19.2,0.0,0.0,0.0,0.0,292894,0.0
4316,7862.63193391,8834.87484,11444.64,19868.36,0.0,82527.0202261,165281.373,253.8,8.1,19.2,0.0,0.0,0.0,0.0,296100,0.0
4317,12260.7296965,8834.87484,11444.64,19868.36,0.0,82083.9224635,165281.373,253.8,8.1,19.2,0.0,0.0,0.0,0.0,300055,0.0
4318,13814.1382119,8834.87484,11444.64,19868.36,0.0,82837.5139481,165281.373,253.8,8.1,19.2,0.0,0.0,0.0,0.0,302362,0.0
4319,9242.89218703,8834.87484,11444.64,19868.36,0.0,85417.759973,165281.373,253.8,8.1,19.2,0.0,0.0,0.0,0.0,300371,0.0
4320,4732.365,8834.87484,11444.64,19868.36,0.0,88903.1594145,161632.500745,253.8,8.1,19.2,0.0,0.0,0.0,0.0,295697,0.0
4321,4658.995,8892.61912,11444.64,19868.36,0.0,92762.4925149,153700.793365,253.8,8.1,19.2,0.0,0.0,0.0,0.0,291609,0.0
4322,4658.995,8892.61912,11444.64,19868.36,0.0,95732.3092088,147251.976671,253.8,8.1,19.2,0.0,0.0,0.0,0.0,288130,0.0
4323,4658.995,8892.61912,11444.64,19868.36,0.0,96819.892181,143630.393699,253.8,8.1,19.2,0.0,0.0,0.0,0.0,285596,0.0
4324,4658.995,8892.61912,11444.64,19868.36,0.0,93077.7990093,145722.486871,253.8,8.1,19.2,0.0,0.0,0.0,0.0,283946,0.0
4325,4658.995,8892.61912,11444.64,19868.36,0.0,88636.5573412,149583.728539,253.8,8.1,19.2,0.0,0.0,0.0,0.0,283366,0.0
4326,4658.995,8892.61912,11444.64,19868.36,0.0,83244.6475168,154680.638363,253.8,8.1,19.2,0.0,0.0,0.0,0.0,283071,0.0
4327,5290.13989199,8892.61912,11444.64,19868.36,768.023081783,77273.4827095,160351.173,253.8,82.5621967295,19.2,0.0,0.0,0.0,0.0,284244,0.0
4328,8448.23831176,8892.61912,11444.64,19868.36,5450.53773292,72571.3318353,160351.173,253.8,8.1,19.2,0.0,0.0,0.0,0.0,287308,0.0
4329,4658.995,8892.61912,11444.64,19868.36,12954.2291741,74882.8519989,158491.204707,253.8,8.1,19.2,0.0,0.0,0.0,0.0,291474,0.0
4330,4658.995,8892.61912,11444.64,19868.36,21295.1459979,79085.551033,150369.588849,253.8,8.1,19.2,0.0,0.0,0.0,0.0,295896,0.0
4331,4658.995,8892.61912,11444.64,19868.36,27971.0434491,81167.2906124,145508.951818,253.8,8.1,19.2,0.0,0.0,0.0,0.0,299793,0.0
4332,4658.995,8892.61912,11444.64,19868.36,32188.9015272,83660.6641345,142124.620218,126.9,8.1,19.2,0.0,0.0,0.0,0.0,302993,0.0
4333,4658.995,8892.61912,11444.64,19868.36,33974.1657892,86948.1191096,139801.900981,126.9,8.1,19.2,0.0,0.0,0.0,0.0,305743,0.0
4334,4658.995,8892.61912,11444.64,19868.36,33268.5381238,90413.7550645,138700.892692,126.9,8.1,19.2,0.0,0.0,0.0,0.0,307402,0.0
4335,4658.995,8892.61912,11444.64,19868.36,29406.7662582,93193.5545465,140802.865075,126.9,8.1,19.2,0.0,0.0,0.0,0.0,308422,0.0
4336,4658.995,8892.61912,11444.64,19868.36,24574.3413395,97178.8189257,141806.025615,126.9,8.1,19.2,0.0,0.0,0.0,0.0,308578,0.0
4337,4658.995,8892.61912,11444.64,19868.36,17464.814038,99442.7760617,145980.69578,253.8,8.1,19.2,0.0,0.0,0.0,0.0,308034,0.0
4338,4658.995,8892.61912,11444.64,19868.36,8386.28920102,99091.8523711,156613.144308,253.8,8.1,19.2,0.0,0.0,0.0,0.0,309237,0.0
4339,12647.3665723,8892.61912,11444.64,19868.36,1631.27414011,96717.4671676,160351.173,253.8,8.1,19.2,0.0,0.0,0.0,0.0,311834,0.0
4340,19811.7598897,8892.61912,11444.64,19868.36,0.0,94408.3479903,160351.173,253.8,8.1,19.2,0.0,0.0,0.0,0.0,315058,0.0
4341,24145.4141252,8892.61912,11444.64,19868.36,0.0,93855.6937548,160351.173,253.8,8.1,19.2,0.0,0.0,0.0,0.0,318839,0.0
4342,25634.7390494,8892.61912,11444.64,19868.36,0.0,94366.3688306,160351.173,253.8,8.1,19.2,0.0,0.0,0.0,0.0,320839,0.0
4343,23211.7505384,8892.61912,11444.64,19868.36,0.0,94399.3573416,160351.173,253.8,8.1,19.2,0.0,0.0,0.0,0.0,318449,0.0
4344,18229.5257212,8892.61912,11444.64,19868.36,0.0,94291.5821588,160351.173,253.8,8.1,19.2,0.0,0.0,0.0,0.0,313359,0.0
4345,10351.091602,8921.49126,11444.64,19779.064,0.0,94531.9830822,162473.630056,253.8,8.1,19.2,0.0,0.0,0.0,0.0,307783,0.0
4346,4548.94,8921.49126,11444.64,19779.064,0.0,95172.3399153,161920.424825,253.8,8.1,19.2,0.0,0.0,0.0,0.0,302068,0.0
4347,4548.94,8921.49126,11444.64,19779.064,0.0,96549.4194298,155734.34531,253.8,8.1,19.2,0.0,0.0,0.0,0.0,297259,0.0
4348,4548.94,8921.49126,11444.64,19779.064,0.0,94948.8021953,153842.962545,253.8,8.1,19.2,0.0,0.0,0.0,0.0,293767,0.0
4349,4548.94,8921.49126,11444.64,19779.064,0.0,91634.0286768,154378.736063,253.8,8.1,19.2,0.0,0.0,0.0,0.0,290988,0.0
4350,4548.94,8921.49126,11444.64,19779.064,0.0,87301.6024855,157580.162254,253.8,8.1,19.2,0.0,0.0,0.0,0.0,289857,0.0
4351,4548.94,8921.49126,11444.64,19779.064,740.232736425,82220.5842808,161992.947723,253.8,8.1,19.2,0.0,0.0,0.0,0.0,289929,0.0
4352,5354.2332446,8921.49126,11444.64,19779.064,5336.01260613,78569.2858893,162889.173,253.8,8.1,19.2,0.0,0.0,0.0,0.0,292575,0.0
4353,4548.94,8921.49126,11444.64,19779.064,12613.2409504,82505.5426492,155517.98114,253.8,8.1,19.2,0.0,0.0,0.0,0.0,295612,0.0
4354,4548.94,8921.49126,11444.64,19779.064,20488.9588941,86669.175807,147109.630039,253.8,8.1,19.2,0.0,0.0,0.0,0.0,299243,0.0
4355,4548.94,8921.49126,11444.64,19779.064,26590.9344665,88136.5682043,142895.162069,126.9,8.1,19.2,0.0,0.0,0.0,0.0,302471,0.0
4356,4548.94,8921.49126,11444.64,19779.064,31239.6472062,89526.7362438,140402.28129,126.9,8.1,19.2,0.0,0.0,0.0,0.0,306017,0.0
4357,4548.94,8921.49126,11444.64,19779.064,32102.3591525,89446.6307025,141575.674885,126.9,8.1,19.2,0.0,0.0,0.0,0.0,307973,0.0
4358,4548.94,8921.49126,11444.64,19779.064,32941.6707148,89304.2716177,142518.722408,126.9,8.1,19.2,0.0,0.0,0.0,0.0,309613,0.0
4359,4548.94,8921.49126,11444.64,19779.064,29830.9510879,89943.1285593,145579.685093,253.8,8.1,19.2,0.0,0.0,0.0,0.0,310329,0.0
4360,4548.94,8921.49126,11444.64,19779.064,23933.7290839,90406.5898055,149104.445851,253.8,8.1,19.2,0.0,0.0,0.0,0.0,308420,0.0
4361,4548.94,8921.49126,11444.64,19779.064,17132.3477426,90069.9136334,152989.503364,253.8,8.1,19.2,0.0,0.0,0.0,0.0,305167,0.0
4362,5627.52175812,8921.49126,11444.64,19779.064,8616.83786528,87296.1721166,162889.173,253.8,8.1,19.2,0.0,0.0,0.0,0.0,304856,0.0
4363,16848.0410878,8921.49126,11444.64,19779.064,1678.08679741,84006.4038548,162889.173,253.8,8.1,19.2,0.0,0.0,0.0,0.0,305848,0.0
4364,22040.0783114,8921.49126,11444.64,19779.064,0.0,83312.4534286,162889.173,253.8,8.1,19.2,0.0,0.0,0.0,0.0,308668,0.0
4365,25847.8710833,8921.49126,11444.64,19779.064,0.0,84442.6606567,162889.173,253.8,8.1,19.2,0.0,0.0,0.0,0.0,313606,0.0
4366,26231.4149783,8921.49126,11444.64,19779.064,0.0,86904.1167617,162889.173,253.8,8.1,19.2,0.0,0.0,0.0,0.0,316451,0.0
4367,19776.6023809,8921.49126,11444.64,19779.064,0.0,90536.9293591,162889.173,253.8,8.1,19.2,0.0,0.0,0.0,0.0,313629,0.0
4368,11651.8996536,8921.49126,11444.64,19779.064,0.0,93867.6320864,162889.173,253.8,8.1,19.2,0.0,0.0,0.0,0.0,308835,0.0
4369,4622.31,8849.31091,11444.64,19622.796,0.0,96219.5497187,162146.293371,253.8,8.1,19.2,0.0,0.0,0.0,0.0,303186,0.0
4370,4622.31,8849.31091,11444.64,19622.796,0.0,97863.9552024,156028.887888,253.8,8.1,19.2,0.0,0.0,0.0,0.0,298713,0.0
4371,4622.31,8849.31091,11444.64,19622.796,0.0,97941.0823607,153047.760729,253.8,8.1,19.2,0.0,0.0,0.0,0.0,295809,0.0
4372,4622.31,8849.31091,11444.64,19622.796,0.0,97876.0241333,150902.818957,253.8,8.1,19.2,0.0,0.0,0.0,0.0,293599,0.0
4373,4622.31,8849.31091,11444.64,19622.796,0.0,95756.3266714,152014.516419,253.8,8.1,19.2,0.0,0.0,0.0,0.0,292591,0.0
4374,4622.31,8849.31091,11444.64,19622.796,0.0,92799.2342044,154668.608886,253.8,8.1,19.2,0.0,0.0,0.0,0.0,292288,0.0
4375,4622.31,8849.31091,11444.64,19622.796,716.846193836,89891.9719523,156369.024944,253.8,8.1,19.2,0.0,0.0,0.0,0.0,291798,0.0
4376,4622.31,8849.31091,11444.64,19622.796,5208.71371562,88625.2662058,154228.863169,253.8,8.1,19.2,0.0,0.0,0.0,0.0,292883,0.0
4377,4622.31,8849.31091,11444.64,19622.796,12118.9543819,97072.0083373,142266.780371,126.9,8.1,19.2,0.0,0.0,0.0,0.0,296151,0.0
4378,4622.31,8849.31091,11444.64,19622.796,19419.6032273,100019.196261,135870.943602,126.9,8.1,19.2,0.0,0.0,0.0,0.0,300003,0.0
4379,4622.31,8849.31091,11444.64,19622.796,25584.2845337,96236.4545219,137568.004034,126.9,8.1,19.2,0.0,0.0,0.0,0.0,304082,0.0
4380,4622.31,8849.31091,11444.64,19622.796,28405.466646,91876.2700896,142463.006354,126.9,8.1,19.2,0.0,0.0,0.0,0.0,307438,0.0
4381,4622.31,8849.31091,11444.64,19622.796,30125.8248628,88216.937444,146728.080783,253.8,8.1,19.2,0.0,0.0,0.0,0.0,309891,0.0
4382,4622.31,8849.31091,11444.64,19622.796,29034.8613981,87257.846736,150251.134956,253.8,8.1,19.2,0.0,0.0,0.0,0.0,311364,0.0
4383,4622.31,8849.31091,11444.64,19622.796,26191.5405664,87296.9406121,151973.361911,253.8,8.1,19.2,0.0,0.0,0.0,0.0,310282,0.0
4384,4622.31,8849.31091,11444.64,19622.796,22455.8120514,90499.2966746,148645.734364,253.8,8.1,19.2,0.0,0.0,0.0,0.0,306421,0.0
4385,4622.31,8849.31091,11444.64,19622.796,16167.8604027,92971.7647165,150121.217971,253.8,8.1,19.2,0.0,0.0,0.0,0.0,304081,0.0
4386,4622.31,8849.31091,11444.64,19622.796,7923.79664246,93189.5797692,159273.466678,253.8,8.1,19.2,0.0,0.0,0.0,0.0,305207,0.0
4387,10762.4167287,8849.31091,11444.64,19622.796,1428.31504118,89967.4483202,165329.973,253.8,8.1,19.2,0.0,0.0,0.0,0.0,307686,0.0
4388,19467.7764882,8849.31091,11444.64,19622.796,0.0,87166.2227607,165440.153841,253.8,8.1,19.2,0.0,0.0,0.0,0.0,312272,0.0
4389,26679.7152288,8849.31091,11444.64,19622.796,0.0,85437.2648612,165508.173,253.8,8.1,19.2,0.0,0.0,0.0,0.0,317823,0.0
4390,28653.3272486,8849.31091,11444.64,19622.796,0.0,85859.8528414,165329.973,253.8,8.1,19.2,0.0,0.0,0.0,0.0,320041,0.0
4391,24889.896607,8849.31091,11444.64,19622.796,0.0,86324.083483,165508.173,253.8,8.1,19.2,0.0,0.0,0.0,0.0,316920,0.0
4392,18308.1417988,8849.31091,11444.64,19622.796,0.0,87422.8382912,165508.173,253.8,8.1,19.2,0.0,0.0,0.0,0.0,311437,0.0
4393,14309.5375905,8849.31091,11444.64,19533.5,0.0,89831.3384995,161247.573,253.8,8.1,19.2,0.0,0.0,0.0,0.0,305497,0.0
4394,7009.20446643,8849.31091,11444.64,19533.5,0.0,92100.1776074,161313.067016,253.8,8.1,19.2,0.0,0.0,0.0,0.0,300531,0.0
4395,4658.995,8849.31091,11444.64,19533.5,0.0,94477.1534962,157377.300594,253.8,8.1,19.2,0.0,0.0,0.0,0.0,296622,0.0
4396,4658.995,8849.31091,11444.64,19533.5,0.0,93420.4106475,155000.043443,253.8,8.1,19.2,0.0,0.0,0.0,0.0,293188,0.0
4397,4658.995,8849.31091,11444.64,19533.5,0.0,91828.2077648,154104.246325,253.8,8.1,19.2,0.0,0.0,0.0,0.0,290700,0.0
4398,4658.995,8849.31091,11444.64,19533.5,0.0,90203.9842656,154419.469824,253.8,8.1,19.2,0.0,0.0,0.0,0.0,289391,0.0
4399,4658.995,8849.31091,11444.64,19533.5,659.422839582,86906.5980474,155905.433203,253.8,8.1,19.2,0.0,0.0,0.0,0.0,288239,0.0
4400,4658.995,8849.31091,11444.64,19533.5,5251.55344364,84192.4687892,154514.431857,253.8,8.1,19.2,0.0,0.0,0.0,0.0,288726,0.0
4401,4658.995,8849.31091,11444.64,19533.5,12673.8857077,87713.3790275,146162.189355,253.8,8.1,19.2,0.0,0.0,0.0,0.0,291317,0.0
4402,4658.995,8849.31091,11444.64,19533.5,19981.4316352,90201.9388773,139812.983577,126.9,8.1,19.2,0.0,0.0,0.0,0.0,294637,0.0
4403,4658.995,8849.31091,11444.64,19533.5,25110.7971861,88268.5531485,138560.003755,126.9,8.1,19.2,0.0,0.0,0.0,0.0,296580,0.0
4404,4658.995,8849.31091,11444.64,19533.5,29425.4496231,83133.7072521,141233.197215,126.9,8.1,19.2,0.0,0.0,0.0,0.0,298433,0.0
4405,4658.995,8849.31091,11444.64,19533.5,31588.7172991,79634.4386899,143819.298101,253.8,8.1,19.2,0.0,0.0,0.0,0.0,299810,0.0
4406,4658.995,8849.31091,11444.64,19533.5,32308.7231419,76455.9921907,146596.738757,253.8,8.1,19.2,0.0,0.0,0.0,0.0,300129,0.0
4407,4658.995,8849.31091,11444.64,19533.5,29302.7807048,74672.4329038,150881.240481,253.8,8.1,19.2,0.0,0.0,0.0,0.0,299624,0.0
4408,4658.995,8849.31091,11444.64,19533.5,23761.9309405,78878.7722171,151320.750932,253.8,8.1,19.2,0.0,0.0,0.0,0.0,298729,0.0
4409,4658.995,8849.31091,11444.64,19533.5,16451.2222606,84870.7045055,152383.527324,253.8,8.1,19.2,0.0,0.0,0.0,0.0,298473,0.0
4410,4658.995,8849.31091,11444.64,19533.5,8563.2241936,89213.9636348,158667.266262,253.8,8.1,19.2,0.0,0.0,0.0,0.0,301212,0.0
4411,10677.8955445,8849.31091,11444.64,19533.5,1592.57527743,91705.4052681,161247.573,253.8,8.1,19.2,0.0,0.0,0.0,0.0,305332,0.0
4412,18123.8523785,8849.31091,11444.64,19533.5,0.0,90702.4237115,161377.173,253.8,8.1,19.2,0.0,0.0,0.0,0.0,310312,0.0
4413,22693.3225503,8849.31091,11444.64,19533.5,0.0,91430.9535397,161377.173,253.8,8.1,19.2,0.0,0.0,0.0,0.0,315610,0.0
4414,24512.8192123,8849.31091,11444.64,19533.5,0.0,91354.4568777,161377.173,253.8,8.1,19.2,0.0,0.0,0.0,0.0,317353,0.0
4415,22521.0548866,8849.31091,11444.64,19533.5,0.0,90267.2212034,161377.173,253.8,8.1,19.2,0.0,0.0,0.0,0.0,314274,0.0
4416,17571.2474709,8849.31091,11444.64,19533.5,0.0,90247.0286191,161377.173,253.8,8.1,19.2,0.0,0.0,0.0,0.0,309304,0.0
4417,7923.52286151,8907.05519,11444.64,19689.768,0.0,91272.2409485,164630.673,253.8,8.1,19.2,0.0,0.0,0.0,0.0,304149,0.0
4418,4695.68,8907.05519,11444.64,19689.768,0.0,91168.235044,163017.521766,253.8,8.1,19.2,0.0,0.0,0.0,0.0,299204,0.0
4419,4695.68,8907.05519,11444.64,19689.768,0.0,89533.0660074,160979.690803,253.8,8.1,19.2,0.0,0.0,0.0,0.0,295531,0.0
4420,4695.68,8907.05519,11444.64,19689.768,0.0,85660.1188851,161479.637925,253.8,8.1,19.2,0.0,0.0,0.0,0.0,292158,0.0
4421,4695.68,8907.05519,11444.64,19689.768,0.0,81988.4278103,162761.329,253.8,8.1,19.2,0.0,0.0,0.0,0.0,289768,0.0
4422,5072.81310936,8907.05519,11444.64,19689.768,0.0,77309.9507006,164630.673,253.8,8.1,19.2,0.0,0.0,0.0,0.0,287336,0.0
4423,8396.34336286,8907.05519,11444.64,19689.768,633.818204445,72348.390112,164672.885131,253.8,8.1,19.2,0.0,0.0,0.0,0.0,286374,0.0
4424,7627.74182406,8907.05519,11444.64,19689.768,5163.7831866,69521.5387993,164687.373,253.8,8.1,19.2,0.0,0.0,0.0,0.0,287323,0.0
4425,4695.68,8907.05519,11444.64,19689.768,12145.2672656,75244.5036279,157732.985916,253.8,8.1,19.2,0.0,0.0,0.0,0.0,290141,0.0
4426,4695.68,8907.05519,11444.64,19689.768,19090.0119999,84373.2208543,144761.423956,126.9,8.1,19.2,0.0,0.0,0.0,0.0,293116,0.0
4427,4695.68,8907.05519,11444.64,19689.768,25383.890916,87300.4130924,138618.352802,126.9,8.1,19.2,0.0,0.0,0.0,0.0,296194,0.0
4428,4695.68,8907.05519,11444.64,19689.768,29588.7312759,87028.4839495,137195.441585,126.9,8.1,19.2,0.0,0.0,0.0,0.0,298704,0.0
4429,4695.68,8907.05519,11444.64,19689.768,30717.4429894,86444.7270922,138483.486728,126.9,8.1,19.2,0.0,0.0,0.0,0.0,300537,0.0
4430,4695.68,8907.05519,11444.64,19689.768,29304.733502,87916.0048673,139260.918441,126.9,8.1,19.2,0.0,0.0,0.0,0.0,301373,0.0
4431,4695.68,8907.05519,11444.64,19689.768,27004.7891608,90017.933831,139041.933818,126.9,8.1,19.2,0.0,0.0,0.0,0.0,300956,0.0
4432,4695.68,8907.05519,11444.64,19689.768,22097.1261067,92620.9387255,139800.591978,126.9,8.1,19.2,0.0,0.0,0.0,0.0,299410,0.0
4433,4695.68,8907.05519,11444.64,19689.768,15924.1685401,94770.035119,142946.453151,126.9,8.1,19.2,0.0,0.0,0.0,0.0,298532,0.0
4434,4695.68,8907.05519,11444.64,19689.768,8299.94318168,95113.7546508,151924.058978,253.8,8.1,19.2,0.0,0.0,0.0,0.0,300356,0.0
4435,5289.79862363,8907.05519,11444.64,19689.768,1626.08681917,91164.1783672,164687.373,253.8,8.1,19.2,0.0,0.0,0.0,0.0,303090,0.0
4436,18251.2157596,8907.05519,11444.64,19689.768,0.0,83692.8480504,164687.373,253.8,8.1,19.2,0.0,0.0,0.0,0.0,306954,0.0
4437,28936.3860752,8907.05519,11444.64,19689.768,0.0,77443.6777348,164687.373,253.8,8.1,19.2,0.0,0.0,0.0,0.0,311390,0.0
4438,29755.9928219,8907.05519,11444.64,19689.768,0.0,78290.0709881,164687.373,253.8,8.1,19.2,0.0,0.0,0.0,0.0,313056,0.0
4439,22587.6498354,8907.05519,11444.64,19689.768,0.0,81872.4139746,164687.373,253.8,8.1,19.2,0.0,0.0,0.0,0.0,309470,0.0
4440,12381.8698265,8907.05519,11444.64,19689.768,0.0,87424.1939835,164687.373,253.8,8.1,19.2,0.0,0.0,0.0,0.0,304816,0.0
4441,4512.255,8935.92733,11444.64,19957.656,0.0,91634.9706714,162902.790999,593.46,8.1,19.2,0.0,0.0,0.0,0.0,300009,0.0
4442,4512.255,8935.92733,11444.64,19957.656,0.0,93032.446569,156398.315101,593.46,8.1,19.2,0.0,0.0,0.0,0.0,294902,0.0
4443,4512.255,8935.92733,11444.64,19957.656,0.0,92446.4030249,153417.258645,466.56,8.1,19.2,0.0,0.0,0.0,0.0,291208,0.0
4444,4512.255,8935.92733,11444.64,19957.656,0.0,85913.9016319,157118.860038,593.46,8.1,19.2,0.0,0.0,0.0,0.0,288504,0.0
4445,4512.255,8935.92733,11444.64,19957.656,0.0,78003.0283319,163074.733338,593.46,8.1,19.2,0.0,0.0,0.0,0.0,286549,0.0
4446,4512.255,8935.92733,11444.64,19957.656,0.0,71800.5807489,168467.180921,593.46,8.1,19.2,0.0,0.0,0.0,0.0,285739,0.0
4447,4512.255,8935.92733,11444.64,19957.656,596.177335221,65917.4814373,173886.102898,593.46,8.1,19.2,0.0,0.0,0.0,0.0,285871,0.0
4448,4512.255,8935.92733,11444.64,19957.656,5175.3138052,61254.7614373,175918.686428,593.46,8.1,19.2,0.0,0.0,0.0,0.0,287820,0.0
4449,4512.255,8935.92733,11444.64,19957.656,12130.5082009,63137.3963569,170668.857112,593.46,8.1,19.2,0.0,0.0,0.0,0.0,291408,0.0
4450,4512.255,8935.92733,11444.64,19957.656,19826.4468337,64037.0230053,165818.291831,593.46,8.1,19.2,0.0,0.0,0.0,0.0,295153,0.0
4451,4512.255,8935.92733,11444.64,19957.656,25640.6153566,60399.2418363,165891.904477,593.46,8.1,19.2,0.0,0.0,0.0,0.0,297403,0.0
4452,4512.255,8935.92733,11444.64,19957.656,29589.2265548,55478.308115,169823.227,593.46,8.1,19.2,0.0,0.0,0.0,0.0,300362,0.0
4453,4512.255,8935.92733,11444.64,19957.656,31433.9739103,50230.8530635,175695.934696,593.46,8.1,19.2,0.0,0.0,0.0,0.0,302832,0.0
4454,4884.04207719,8935.92733,11444.64,19957.656,30989.4785385,48363.8730543,178311.123,915.66,176.4,19.2,0.0,0.0,0.0,0.0,303998,0.0
4455,6770.94559843,8935.92733,11444.64,19957.656,27536.9059621,49873.5421095,178311.123,915.66,176.4,19.2,0.0,0.0,0.0,0.0,303942,0.0
4456,5879.46385762,8935.92733,11444.64,19957.656,22501.3373255,54592.5924868,178311.123,915.66,176.4,19.2,0.0,0.0,0.0,0.0,302734,0.0
4457,5746.31366633,8935.92733,11444.64,19957.656,16309.8555835,59843.2244201,178311.123,915.66,176.4,19.2,0.0,0.0,0.0,0.0,301660,0.0
4458,12474.4049454,8935.92733,11444.64,19957.656,8689.69670722,61712.2920174,178311.123,915.66,176.4,19.2,0.0,0.0,0.0,0.0,302637,0.0
4459,22909.5176071,8935.92733,11444.64,19957.656,1713.63294815,60525.2431147,178311.123,915.66,176.4,19.2,0.0,0.0,0.0,0.0,304909,0.0
4460,25873.9759163,8935.92733,11444.64,19957.656,0.0,61723.4177537,178311.123,915.66,176.4,19.2,0.0,0.0,0.0,0.0,307358,0.0
4461,25661.2953169,8935.92733,11444.64,19957.656,0.0,64535.0983531,178311.123,915.66,176.4,19.2,0.0,0.0,0.0,0.0,309957,0.0
4462,22706.9958057,8935.92733,11444.64,19957.656,0.0,67746.3978643,178311.123,915.66,176.4,19.2,0.0,0.0,0.0,0.0,310214,0.0
4463,14460.588124,8935.92733,11444.64,19957.656,0.0,71728.9257592,178311.123,921.539786815,176.4,19.2,0.0,0.0,0.0,0.0,305956,0.0
4464,5935.9961851,8935.92733,11444.64,19957.656,0.0,74343.9374849,178311.123,933.12,176.4,19.2,0.0,0.0,0.0,0.0,300058,0.0
4465,4218.775,8950.3634,11444.64,19868.36,0.0,76250.9450649,173196.466535,471.15,8.1,19.2,0.0,0.0,0.0,0.0,294428,0.0
4466,4218.775,8950.3634,11444.64,19868.36,0.0,76745.7068316,167544.704768,471.15,8.1,19.2,0.0,0.0,0.0,0.0,289271,0.0
4467,4218.775,8950.3634,11444.64,19868.36,0.0,75994.7455318,164972.666068,471.15,8.1,19.2,0.0,0.0,0.0,0.0,285948,0.0
4468,4218.775,8950.3634,11444.64,19868.36,0.0,72030.8661302,166946.54547,471.15,8.1,19.2,0.0,0.0,0.0,0.0,283958,0.0
4469,4218.775,8950.3634,11444.64,19868.36,0.0,65860.954161,172317.457439,471.15,8.1,19.2,0.0,0.0,0.0,0.0,283159,0.0
4470,5614.08064078,8950.3634,11444.64,19868.36,0.0,60639.7329592,176043.123,688.5,252.0,19.2,0.0,0.0,0.0,0.0,283520,0.0
4471,11719.9335061,8950.3634,11444.64,19868.36,467.828662654,54916.6514312,176043.123,688.5,176.4,19.2,0.0,0.0,0.0,0.0,284295,0.0
4472,13785.0819334,8950.3634,11444.64,19868.36,4955.77986177,49542.5518049,176043.123,688.5,176.4,19.2,0.0,0.0,0.0,0.0,285474,0.0
4473,7140.54526876,8950.3634,11444.64,19868.36,11199.2686878,51004.0402359,176043.123,688.5,222.959407489,19.2,0.0,0.0,0.0,0.0,286581,0.0
4474,4218.775,8950.3634,11444.64,19868.36,18211.5802859,52775.5009921,171832.330322,471.15,8.1,19.2,0.0,0.0,0.0,0.0,287800,0.0
4475,4218.775,8950.3634,11444.64,19868.36,24889.7350906,54302.8626459,164186.813864,471.15,8.1,19.2,0.0,0.0,0.0,0.0,288360,0.0
4476,4218.775,8950.3634,11444.64,19868.36,28449.8171148,57024.3935617,158511.200924,471.15,8.1,19.2,0.0,0.0,0.0,0.0,288966,0.0
4477,4218.775,8950.3634,11444.64,19868.36,29960.6394794,61760.0687438,152225.603377,344.25,8.1,19.2,0.0,0.0,0.0,0.0,288800,0.0
4478,4218.775,8950.3634,11444.64,19868.36,29977.8858572,67956.0980635,145657.327679,344.25,8.1,19.2,0.0,0.0,0.0,0.0,288445,0.0
4479,4218.775,8950.3634,11444.64,19868.36,27410.952853,75386.0945173,139276.26423,344.25,8.1,19.2,0.0,0.0,0.0,0.0,286927,0.0
4480,4218.775,8950.3634,11444.64,19868.36,23865.9600286,80177.52258,135182.828991,344.25,8.1,19.2,0.0,0.0,0.0,0.0,284080,0.0
4481,4218.775,8950.3634,11444.64,19868.36,16291.7534721,81313.7834735,138821.774654,344.25,8.1,19.2,0.0,0.0,0.0,0.0,281281,0.0
4482,4218.775,8950.3634,11444.64,19868.36,7837.75447956,77045.3882156,152869.168905,344.25,8.1,19.2,0.0,0.0,0.0,0.0,282606,0.0
4483,4218.775,8950.3634,11444.64,19868.36,1699.87207381,68261.276716,171380.26281,471.15,8.1,19.2,0.0,0.0,0.0,0.0,286322,0.0
4484,11789.5627555,8950.3634,11444.64,19868.36,0.0,62510.8508445,176043.123,688.5,176.4,19.2,0.0,0.0,0.0,0.0,291491,0.0
4485,19710.3759211,8950.3634,11444.64,19868.36,0.0,59082.0376789,176043.123,688.5,176.4,19.2,0.0,0.0,0.0,0.0,295983,0.0
4486,22029.922083,8950.3634,11444.64,19868.36,0.0,59983.491517,176043.123,688.5,176.4,19.2,0.0,0.0,0.0,0.0,299204,0.0
4487,17115.7902413,8950.3634,11444.64,19868.36,0.0,62630.6233587,176043.123,688.5,176.4,19.2,0.0,0.0,0.0,0.0,296937,0.0
4488,10319.0072501,8950.3634,11444.64,19868.36,0.0,64902.4063499,176043.123,688.5,176.4,19.2,0.0,0.0,0.0,0.0,292412,0.0
4489,9360.95304924,8892.61912,11444.64,19890.684,0.0,67402.9808308,169950.123,253.8,252.0,19.2,0.0,0.0,0.0,0.0,287467,0.0
4490,4250.03722836,8892.61912,11444.64,19890.684,0.0,69080.6124243,169950.123,253.8,189.284227383,19.2,0.0,0.0,0.0,0.0,283971,0.0
4491,4145.405,8892.61912,11444.64,19890.684,0.0,69744.1911244,166794.360756,253.8,8.1,19.2,0.0,0.0,0.0,0.0,281193,0.0
4492,4145.405,8892.61912,11444.64,19890.684,0.0,67973.1506658,167491.401214,253.8,8.1,19.2,0.0,0.0,0.0,0.0,280119,0.0
4493,4145.405,8892.61912,11444.64,19890.684,0.0,66169.158096,169359.393784,253.8,8.1,19.2,0.0,0.0,0.0,0.0,280183,0.0
4494,6947.3791512,8892.61912,11444.64,19890.684,0.0,64155.1547288,169950.123,253.8,176.4,19.2,0.0,0.0,0.0,0.0,281730,0.0
4495,10367.885055,8892.61912,11444.64,19890.684,321.759949809,61894.2888752,169950.123,253.8,252.0,19.2,0.0,0.0,0.0,0.0,283287,0.0
4496,10532.400059,8892.61912,11444.64,19890.684,4983.6170577,59730.9167633,169950.123,253.8,252.0,19.2,0.0,0.0,0.0,0.0,285950,0.0
4497,4145.405,8892.61912,11444.64,19890.684,11857.9830332,64651.9936837,167343.575163,253.8,8.1,19.2,0.0,0.0,0.0,0.0,288508,0.0
4498,4145.405,8892.61912,11444.64,19890.684,19648.568003,71917.3550802,154735.628797,253.8,8.1,19.2,0.0,0.0,0.0,0.0,290956,0.0
4499,4145.405,8892.61912,11444.64,19890.684,26443.8343451,74924.0015633,146575.615972,126.9,8.1,19.2,0.0,0.0,0.0,0.0,292471,0.0
4500,4145.405,8892.61912,11444.64,19890.684,30755.2374335,76193.3254948,143137.888952,126.9,8.1,19.2,0.0,0.0,0.0,0.0,294614,0.0
4501,4145.405,8892.61912,11444.64,19890.684,31627.0949861,76971.0367413,142437.320153,126.9,8.1,19.2,0.0,0.0,0.0,0.0,295563,0.0
4502,4145.405,8892.61912,11444.64,19890.684,30750.2845721,76922.2356207,143359.931687,126.9,8.1,19.2,0.0,0.0,0.0,0.0,295560,0.0
4503,4145.405,8892.61912,11444.64,19890.684,28352.4526317,77635.8582345,144164.141014,126.9,8.1,19.2,0.0,0.0,0.0,0.0,294680,0.0
4504,4145.405,8892.61912,11444.64,19890.684,22944.5397958,78277.6421593,147438.269925,126.9,8.1,19.2,0.0,0.0,0.0,0.0,293188,0.0
4505,4145.405,8892.61912,11444.64,19890.684,15010.0867458,77815.4214062,154927.043728,253.8,8.1,19.2,0.0,0.0,0.0,0.0,292407,0.0
4506,4145.405,8892.61912,11444.64,19890.684,7304.66705159,74406.4789267,168246.405902,253.8,8.1,19.2,0.0,0.0,0.0,0.0,294612,0.0
4507,13403.7699309,8892.61912,11444.64,19890.684,1632.69509599,71974.4688532,169950.123,253.8,252.0,19.2,0.0,0.0,0.0,0.0,297714,0.0
4508,17678.9558921,8892.61912,11444.64,19890.684,0.0,73120.9779879,169950.123,253.8,252.0,19.2,0.0,0.0,0.0,0.0,301503,0.0
4509,19552.218172,8892.61912,11444.64,19890.684,0.0,75335.315708,169950.123,253.8,176.4,19.2,0.0,0.0,0.0,0.0,305515,0.0
4510,18623.331316,8892.61912,11444.64,19890.684,0.0,77438.602564,169950.123,253.8,252.0,19.2,0.0,0.0,0.0,0.0,306765,0.0
4511,12675.0486982,8892.61912,11444.64,19890.684,0.0,79810.4851818,169950.123,253.8,176.4,19.2,0.0,0.0,0.0,0.0,303113,0.0
4512,5223.68104803,8892.61912,11444.64,19890.684,0.0,82595.852832,169950.123,253.8,176.4,19.2,0.0,0.0,0.0,0.0,298447,0.0
4513,8801.55752124,8863.74698,11444.64,19957.656,0.0,85757.3138286,158785.173,253.8,25.9126701685,19.2,0.0,0.0,0.0,0.0,293909,0.0
4514,3925.295,8863.74698,11444.64,19957.656,0.0,88982.7327589,156320.829261,253.8,8.1,19.2,0.0,0.0,0.0,0.0,289776,0.0
4515,3925.295,8863.74698,11444.64,19957.656,0.0,91006.3877708,151589.174249,253.8,8.1,19.2,0.0,0.0,0.0,0.0,287068,0.0
4516,3925.295,8863.74698,11444.64,19957.656,0.0,90724.9509824,150154.611038,253.8,8.1,19.2,0.0,0.0,0.0,0.0,285352,0.0
4517,3925.295,8863.74698,11444.64,19957.656,0.0,90142.7155165,148393.846504,253.8,8.1,19.2,0.0,0.0,0.0,0.0,283009,0.0
4518,3925.295,8863.74698,11444.64,19957.656,0.0,89645.3688644,147743.193156,253.8,8.1,19.2,0.0,0.0,0.0,0.0,281861,0.0
4519,3925.295,8863.74698,11444.64,19957.656,335.095907452,87347.6813217,149022.784791,253.8,8.1,19.2,0.0,0.0,0.0,0.0,281178,0.0
4520,3925.295,8863.74698,11444.64,19957.656,5117.63222172,83475.6011943,148337.328604,253.8,8.1,19.2,0.0,0.0,0.0,0.0,281403,0.0
4521,3925.295,8863.74698,11444.64,19957.656,11898.2201117,87860.3942858,139982.847623,126.9,8.1,19.2,0.0,0.0,0.0,0.0,284087,0.0
4522,3925.295,8863.74698,11444.64,19957.656,19564.7813189,93240.8734755,131691.807226,126.9,8.1,19.2,0.0,0.0,0.0,0.0,288843,0.0
4523,3925.295,8863.74698,11444.64,19957.656,25278.3096796,92446.4935244,131201.658816,126.9,8.1,19.2,0.0,0.0,0.0,0.0,293272,0.0
4524,3925.295,8863.74698,11444.64,19957.656,29472.8223576,90674.1611733,133382.478489,126.9,8.1,19.2,0.0,0.0,0.0,0.0,297875,0.0
4525,3925.295,8863.74698,11444.64,19957.656,29783.2967884,89613.7483454,140212.416886,126.9,8.1,19.2,0.0,0.0,0.0,0.0,303955,0.0
4526,3925.295,8863.74698,11444.64,19957.656,28044.2427137,90489.9422282,143095.377078,253.8,8.1,19.2,0.0,0.0,0.0,0.0,306102,0.0
4527,3925.295,8863.74698,11444.64,19957.656,26463.1476915,92981.0237635,141320.390565,253.8,8.1,19.2,0.0,0.0,0.0,0.0,305237,0.0
4528,3925.295,8863.74698,11444.64,19957.656,22681.3241718,96716.2548745,138984.882974,126.9,8.1,19.2,0.0,0.0,0.0,0.0,302728,0.0
4529,3925.295,8863.74698,11444.64,19957.656,15625.5204116,98728.7993501,142610.242258,253.8,8.1,19.2,0.0,0.0,0.0,0.0,301437,0.0
4530,3925.295,8863.74698,11444.64,19957.656,8258.84994821,97282.1360341,152655.576038,253.8,8.1,19.2,0.0,0.0,0.0,0.0,302669,0.0
4531,10726.7271583,8863.74698,11444.64,19957.656,1703.80821092,93507.1486508,158785.173,253.8,8.1,19.2,0.0,0.0,0.0,0.0,305270,0.0
4532,18348.734251,8863.74698,11444.64,19957.656,0.0,91041.649769,158785.173,253.8,176.4,19.2,0.0,0.0,0.0,0.0,308891,0.0
4533,22463.9368854,8863.74698,11444.64,19957.656,0.0,91466.7471346,158785.173,253.8,8.1,19.2,0.0,0.0,0.0,0.0,313263,0.0
4534,22397.4909344,8863.74698,11444.64,19957.656,0.0,93204.1930856,158785.173,253.8,8.1,19.2,0.0,0.0,0.0,0.0,314934,0.0
4535,18858.1976032,8863.74698,11444.64,19957.656,0.0,93792.4864168,158785.173,253.8,8.1,19.2,0.0,0.0,0.0,0.0,311983,0.0
4536,14179.2652465,8863.74698,11444.64,19957.656,0.0,93625.4187735,158785.173,253.8,8.1,19.2,0.0,0.0,0.0,0.0,307137,0.0
4537,5059.63592063,8964.79947,11444.64,20136.248,0.0,93933.5036094,161485.173,253.8,252.0,19.2,0.0,0.0,0.0,0.0,301549,0.0
4538,3705.185,8964.79947,11444.64,20136.248,0.0,93106.669544,158892.357986,253.8,8.1,19.2,0.0,0.0,0.0,0.0,296531,0.0
4539,3705.185,8964.79947,11444.64,20136.248,0.0,90715.1129387,158032.914591,253.8,8.1,19.2,0.0,0.0,0.0,0.0,293280,0.0
4540,3705.185,8964.79947,11444.64,20136.248,0.0,89709.9320948,156044.095435,253.8,8.1,19.2,0.0,0.0,0.0,0.0,290286,0.0
4541,3705.185,8964.79947,11444.64,20136.248,0.0,89869.307782,153768.719748,253.8,8.1,19.2,0.0,0.0,0.0,0.0,288170,0.0
4542,3705.185,8964.79947,11444.64,20136.248,0.0,90101.8355506,153643.191979,253.8,8.1,19.2,0.0,0.0,0.0,0.0,288277,0.0
4543,3705.185,8964.79947,11444.64,20136.248,327.993185477,90468.8020493,153377.232295,253.8,8.1,19.2,0.0,0.0,0.0,0.0,288706,0.0
4544,3705.185,8964.79947,11444.64,20136.248,5102.38616562,90020.4259167,150163.215448,253.8,8.1,19.2,0.0,0.0,0.0,0.0,289818,0.0
4545,3705.185,8964.79947,11444.64,20136.248,11476.2007985,95518.4552334,141111.271498,126.9,8.1,19.2,0.0,0.0,0.0,0.0,292511,0.0
4546,3705.185,8964.79947,11444.64,20136.248,18676.231225,99104.9167963,133525.779509,126.9,8.1,19.2,0.0,0.0,0.0,0.0,295712,0.0
4547,3705.185,8964.79947,11444.64,20136.248,25266.4362927,98680.4810268,129771.01021,126.9,8.1,19.2,0.0,0.0,0.0,0.0,298123,0.0
4548,3705.185,8964.79947,11444.64,20136.248,29712.3162326,97053.1719451,129920.439352,126.9,8.1,19.2,0.0,0.0,0.0,0.0,301091,0.0
4549,3705.185,8964.79947,11444.64,20136.248,30344.7702904,95469.4853139,134507.671926,126.9,8.1,19.2,0.0,0.0,0.0,0.0,304727,0.0
4550,3705.185,8964.79947,11444.64,20136.248,29091.5934142,94039.9602997,139081.373816,126.9,8.1,19.2,0.0,0.0,0.0,0.0,306618,0.0
4551,3705.185,8964.79947,11444.64,20136.248,27011.5689828,92440.5100586,142425.848489,126.9,8.1,19.2,0.0,0.0,0.0,0.0,306283,0.0
4552,3705.185,8964.79947,11444.64,20136.248,21348.6515311,92743.8552215,146848.520777,253.8,8.1,19.2,0.0,0.0,0.0,0.0,305473,0.0
4553,3705.185,8964.79947,11444.64,20136.248,14303.523214,91362.9715289,155070.532787,253.8,8.1,19.2,0.0,0.0,0.0,0.0,305269,0.0
4554,8785.15746693,8964.79947,11444.64,20136.248,7367.2099897,88081.8611175,161485.173,253.8,203.910955846,19.2,0.0,0.0,0.0,0.0,306742,0.0
4555,20783.5419412,8964.79947,11444.64,20136.248,1556.9923977,83930.2051911,161485.173,253.8,176.4,19.2,0.0,0.0,0.0,0.0,308751,0.0
4556,26129.0220973,8964.79947,11444.64,20136.248,0.0,83311.7174327,161485.173,253.8,176.4,19.2,0.0,0.0,0.0,0.0,311921,0.0
4557,26047.3229095,8964.79947,11444.64,20136.248,0.0,85671.4166205,161485.173,253.8,176.4,19.2,0.0,0.0,0.0,0.0,314199,0.0
4558,20547.240444,8964.79947,11444.64,20136.248,0.0,91597.499086,161485.173,253.8,176.4,19.2,0.0,0.0,0.0,0.0,314625,0.0
4559,12165.8588205,8964.79947,11444.64,20136.248,0.0,96640.2807095,161485.173,253.8,252.0,19.2,0.0,0.0,0.0,0.0,311362,0.0
4560,3705.185,8964.79947,11444.64,20136.248,0.0,101270.827794,161084.199736,253.8,8.1,19.2,0.0,0.0,0.0,0.0,306887,0.0
4561,12438.8121279,8979.23554,11444.64,20292.516,0.0,104634.523332,144079.173,253.8,8.1,19.2,0.0,0.0,0.0,0.0,302150,0.0
4562,7480.21893386,8979.23554,11444.64,20292.516,0.0,106277.116526,144079.173,253.8,8.1,19.2,0.0,0.0,0.0,0.0,298834,0.0
4563,4549.09596578,8979.23554,11444.64,20292.516,0.0,107208.239494,144079.173,253.8,8.1,19.2,0.0,0.0,0.0,0.0,296834,0.0
4564,3558.445,8979.23554,11444.64,20292.516,0.0,106912.945985,144079.173,253.8,48.0444748546,19.2,0.0,0.0,0.0,0.0,295588,0.0
4565,4364.60020952,8979.23554,11444.64,20292.516,0.0,105626.73525,144079.173,253.8,8.1,19.2,0.0,0.0,0.0,0.0,295068,0.0
4566,6935.24256276,8979.23554,11444.64,20292.516,0.0,104081.792897,144079.173,253.8,176.4,19.2,0.0,0.0,0.0,0.0,296262,0.0
4567,9411.55157044,8979.23554,11444.64,20292.516,338.87283897,103146.911051,144079.173,253.8,8.1,19.2,0.0,0.0,0.0,0.0,297974,0.0
4568,7220.97049543,8979.23554,11444.64,20292.516,5098.29772546,102363.067239,144079.173,253.8,8.1,19.2,0.0,0.0,0.0,0.0,299759,0.0
4569,3558.445,8979.23554,11444.64,20292.516,11975.31702,105588.512669,139810.233771,253.8,8.1,19.2,0.0,0.0,0.0,0.0,301930,0.0
4570,3558.445,8979.23554,11444.64,20292.516,19622.8423592,107292.616611,131578.60449,253.8,8.1,19.2,0.0,0.0,0.0,0.0,303050,0.0
4571,3558.445,8979.23554,11444.64,20292.516,24875.0495358,106818.567326,126461.346599,126.9,8.1,19.2,0.0,0.0,0.0,0.0,302584,0.0
4572,3558.445,8979.23554,11444.64,20292.516,27861.9119269,105606.873264,123429.178269,126.9,8.1,19.2,0.0,0.0,0.0,0.0,301327,0.0
4573,3558.445,8979.23554,11444.64,20292.516,28168.3949332,104239.088597,123834.47993,126.9,8.1,19.2,0.0,0.0,0.0,0.0,300671,0.0
4574,3558.445,8979.23554,11444.64,20292.516,25694.4596686,103072.617276,126548.886515,126.9,8.1,19.2,0.0,0.0,0.0,0.0,299745,0.0
4575,3558.445,8979.23554,11444.64,20292.516,24327.9109273,101887.177764,128578.874769,126.9,8.1,19.2,0.0,0.0,0.0,0.0,299223,0.0
4576,3558.445,8979.23554,11444.64,20292.516,19540.1347311,101028.69048,133067.238249,253.8,8.1,19.2,0.0,0.0,0.0,0.0,298192,0.0
4577,3558.445,8979.23554,11444.64,20292.516,14218.121229,99840.6421833,139250.300048,253.8,8.1,19.2,0.0,0.0,0.0,0.0,297865,0.0
4578,7259.33044632,8979.23554,11444.64,20292.516,7109.7958025,99626.2092112,144079.173,253.8,8.1,19.2,0.0,0.0,0.0,0.0,299072,0.0
4579,15984.0499768,8979.23554,11444.64,20292.516,1587.84280889,98445.1426743,144079.173,253.8,176.4,19.2,0.0,0.0,0.0,0.0,301262,0.0
4580,19794.0942513,8979.23554,11444.64,20292.516,0.0,97827.9412087,144079.173,253.8,176.4,19.2,0.0,0.0,0.0,0.0,302867,0.0
4581,21133.2509737,8979.23554,11444.64,20292.516,0.0,98093.7844863,144079.173,253.8,176.4,19.2,0.0,0.0,0.0,0.0,304472,0.0
4582,17172.914458,8979.23554,11444.64,20292.516,0.0,101820.909944,144079.173,253.8,17.6110583604,19.2,0.0,0.0,0.0,0.0,304080,0.0
4583,9618.8976282,8979.23554,11444.64,20292.516,0.0,106276.137832,144079.173,253.8,176.4,19.2,0.0,0.0,0.0,0.0,301140,0.0
4584,3558.445,8979.23554,11444.64,20292.516,0.0,110922.498825,142069.564635,253.8,8.1,19.2,0.0,0.0,0.0,0.0,297548,0.0
4585,12042.2794465,8993.67161,11444.64,20314.84,0.0,114883.495944,125486.973,253.8,8.1,19.2,0.0,0.0,0.0,0.0,293447,0.0
4586,5946.20613926,8993.67161,11444.64,20314.84,0.0,117344.569251,125486.973,253.8,8.1,19.2,0.0,0.0,0.0,0.0,289812,0.0
4587,3529.097,8993.67161,11444.64,20314.84,0.0,118038.718776,125122.932614,253.8,8.1,19.2,0.0,0.0,0.0,0.0,287725,0.0
4588,3529.097,8993.67161,11444.64,20314.84,0.0,119083.164295,122576.487095,253.8,8.1,19.2,0.0,0.0,0.0,0.0,286223,0.0
4589,3529.097,8993.67161,11444.64,20314.84,0.0,119183.309922,122666.341468,253.8,8.1,19.2,0.0,0.0,0.0,0.0,286413,0.0
4590,4353.29738495,8993.67161,11444.64,20314.84,0.0,117614.478005,125486.973,253.8,8.1,19.2,0.0,0.0,0.0,0.0,288489,0.0
4591,10357.5297258,8993.67161,11444.64,20314.84,280.699870979,114525.545793,125486.973,253.8,8.1,19.2,0.0,0.0,0.0,0.0,291685,0.0
4592,11616.31054,8993.67161,11444.64,20314.84,4991.2702521,111451.194598,125486.973,253.8,8.1,19.2,0.0,0.0,0.0,0.0,294580,0.0
4593,8490.89333371,8993.67161,11444.64,20314.84,11761.4044434,110540.477613,125486.973,253.8,8.1,19.2,0.0,0.0,0.0,0.0,297314,0.0
4594,3908.92233725,8993.67161,11444.64,20314.84,18452.7486712,109760.104382,125486.973,253.8,8.1,19.2,0.0,0.0,0.0,0.0,298643,0.0
4595,3529.097,8993.67161,11444.64,20314.84,24386.4311195,108837.481465,120085.738806,253.8,8.1,19.2,0.0,0.0,0.0,0.0,297873,0.0
4596,3529.097,8993.67161,11444.64,20314.84,28632.2869889,108972.607491,114368.65691,126.9,8.1,19.2,0.0,0.0,0.0,0.0,296410,0.0
4597,3529.097,8993.67161,11444.64,20314.84,29177.4353654,110052.165009,111216.951015,126.9,8.1,19.2,0.0,0.0,0.0,0.0,294883,0.0
4598,3529.097,8993.67161,11444.64,20314.84,27578.5941639,112614.036039,108819.921187,126.9,8.1,19.2,0.0,0.0,0.0,0.0,293449,0.0
4599,3529.097,8993.67161,11444.64,20314.84,25079.1605081,115503.441994,106510.948888,126.9,8.1,19.2,0.0,0.0,0.0,0.0,291530,0.0
4600,3529.097,8993.67161,11444.64,20314.84,19469.5533589,117365.866029,108438.132002,126.9,8.1,19.2,0.0,0.0,0.0,0.0,289710,0.0
4601,3529.097,8993.67161,11444.64,20314.84,13586.9639123,118264.364384,113410.223094,126.9,8.1,19.2,0.0,0.0,0.0,0.0,289698,0.0
4602,3529.097,8993.67161,11444.64,20314.84,7273.32794483,118033.902503,123247.420942,253.8,8.1,19.2,0.0,0.0,0.0,0.0,293118,0.0
4603,11574.5288792,8993.67161,11444.64,20314.84,1638.35753985,116694.888971,125486.973,253.8,8.1,19.2,0.0,0.0,0.0,0.0,296429,0.0
4604,18412.4787081,8993.67161,11444.64,20314.84,0.0,115637.727925,125560.541757,253.8,8.1,19.2,0.0,0.0,0.0,0.0,300645,0.0
4605,21919.120306,8993.67161,11444.64,20314.84,0.0,115103.455084,125665.173,253.8,8.1,19.2,0.0,0.0,0.0,0.0,303722,0.0
4606,18823.9794831,8993.67161,11444.64,20314.84,0.0,117404.595907,125665.173,253.8,8.1,19.2,0.0,0.0,0.0,0.0,302928,0.0
4607,11401.4590899,8993.67161,11444.64,20314.84,0.0,119868.1163,125665.173,253.8,8.1,19.2,0.0,0.0,0.0,0.0,297969,0.0
4608,4838.85222626,8993.67161,11444.64,20314.84,0.0,121655.723164,125665.173,253.8,8.1,19.2,0.0,0.0,0.0,0.0,293194,0.0
4609,3408.0365,8950.3634,11444.64,20270.192,0.0,122754.170374,121634.497726,253.8,8.1,19.2,0.0,0.0,0.0,0.0,288743,0.0
4610,3408.0365,8950.3634,11444.64,20270.192,0.0,123287.566019,117604.102081,253.8,8.1,19.2,0.0,0.0,0.0,0.0,285246,0.0
4611,3408.0365,8950.3634,11444.64,20270.192,0.0,123033.769873,116373.898227,253.8,8.1,19.2,0.0,0.0,0.0,0.0,283762,0.0
4612,3408.0365,8950.3634,11444.64,20270.192,0.0,124040.824206,115195.743894,126.9,8.1,19.2,0.0,0.0,0.0,0.0,283464,0.0
4613,3408.0365,8950.3634,11444.64,20270.192,0.0,124788.713123,114570.854977,126.9,8.1,19.2,0.0,0.0,0.0,0.0,283587,0.0
4614,3408.0365,8950.3634,11444.64,20270.192,0.0,124321.387099,116416.281001,253.8,8.1,19.2,0.0,0.0,0.0,0.0,285092,0.0
4615,3408.0365,8950.3634,11444.64,20270.192,221.693900442,122745.482023,119989.492176,253.8,8.1,19.2,0.0,0.0,0.0,0.0,287311,0.0
4616,3408.0365,8950.3634,11444.64,20270.192,4939.86471929,119739.721535,120265.081845,253.8,8.1,19.2,0.0,0.0,0.0,0.0,289299,0.0
4617,3408.0365,8950.3634,11444.64,20270.192,12068.040844,119437.080668,114518.446588,126.9,8.1,19.2,0.0,0.0,0.0,0.0,290251,0.0
4618,3408.0365,8950.3634,11444.64,20270.192,19622.8945065,117741.999275,110559.674319,126.9,8.1,19.2,0.0,0.0,0.0,0.0,292152,0.0
4619,3408.0365,8950.3634,11444.64,20270.192,25232.2527132,114814.359039,108686.956347,126.9,8.1,19.2,0.0,0.0,0.0,0.0,292961,0.0
4620,3408.0365,8950.3634,11444.64,20270.192,28837.4686667,111986.796831,107854.302603,126.9,8.1,19.2,0.0,0.0,0.0,0.0,292906,0.0
4621,3408.0365,8950.3634,11444.64,20270.192,30532.1792418,110283.357585,107871.031273,126.9,8.1,19.2,0.0,0.0,0.0,0.0,292914,0.0
4622,3408.0365,8950.3634,11444.64,20270.192,30925.4406699,109632.801911,108909.32552,126.9,8.1,19.2,0.0,0.0,0.0,0.0,293695,0.0
4623,3408.0365,8950.3634,11444.64,20270.192,27263.9910614,109158.207228,112867.36981,126.9,8.1,19.2,0.0,0.0,0.0,0.0,293517,0.0
4624,3408.0365,8950.3634,11444.64,20270.192,22653.4339683,109799.675955,114410.458177,126.9,8.1,19.2,0.0,0.0,0.0,0.0,291091,0.0
4625,3408.0365,8950.3634,11444.64,20270.192,14008.5680922,110759.453059,120795.646949,253.8,8.1,19.2,0.0,0.0,0.0,0.0,289918,0.0
4626,8829.10316724,8950.3634,11444.64,20270.192,7494.34457093,112749.783862,122101.173,253.8,176.4,19.2,0.0,0.0,0.0,0.0,292289,0.0
4627,14911.0933716,8950.3634,11444.64,20270.192,1736.56688011,115633.571348,122101.173,253.8,176.4,19.2,0.0,0.0,0.0,0.0,295497,0.0
4628,18429.5258354,8950.3634,11444.64,20270.192,0.0,117481.923264,122101.173,253.8,97.1825003432,19.2,0.0,0.0,0.0,0.0,299048,0.0
4629,21651.9772606,8950.3634,11444.64,20270.192,0.0,119005.554339,122101.173,253.8,8.1,19.2,0.0,0.0,0.0,0.0,303705,0.0
4630,23209.8855812,8950.3634,11444.64,20270.192,0.0,118677.346019,122101.173,253.8,176.4,19.2,0.0,0.0,0.0,0.0,305103,0.0
4631,20997.8691111,8950.3634,11444.64,20270.192,0.0,117215.662489,122101.173,253.8,8.1,19.2,0.0,0.0,0.0,0.0,301261,0.0
4632,16539.8497729,8950.3634,11444.64,20270.192,0.0,116632.681827,122101.173,253.8,8.1,19.2,0.0,0.0,0.0,0.0,296220,0.0
4633,5380.37941042,8863.74698,11444.64,20225.544,0.0,117316.81661,127684.773,253.8,8.1,19.2,0.0,0.0,0.0,0.0,291197,0.0
4634,3422.7105,8863.74698,11444.64,20225.544,0.0,117566.52928,125659.72924,253.8,8.1,19.2,0.0,0.0,0.0,0.0,287464,0.0
4635,3422.7105,8863.74698,11444.64,20225.544,0.0,116514.097206,124577.161314,253.8,8.1,19.2,0.0,0.0,0.0,0.0,285329,0.0
4636,3422.7105,8863.74698,11444.64,20225.544,0.0,115341.212622,123966.045898,253.8,8.1,19.2,0.0,0.0,0.0,0.0,283545,0.0
4637,3422.7105,8863.74698,11444.64,20225.544,0.0,112401.913054,125257.345466,253.8,8.1,19.2,0.0,0.0,0.0,0.0,281897,0.0
4638,4343.25654465,8863.74698,11444.64,20225.544,0.0,107979.939475,127684.773,253.8,8.1,19.2,0.0,0.0,0.0,0.0,280823,0.0
4639,7740.06509425,8863.74698,11444.64,20225.544,295.951255049,103579.979671,127862.973,253.8,8.1,19.2,0.0,0.0,0.0,0.0,280294,0.0
4640,6893.8953003,8863.74698,11444.64,20225.544,4983.93087407,99777.3698456,127684.773,253.8,8.1,19.2,0.0,0.0,0.0,0.0,280155,0.0
4641,3422.7105,8863.74698,11444.64,20225.544,11820.7063207,99881.1470514,124414.405148,253.8,8.1,19.2,0.0,0.0,0.0,0.0,280354,0.0
4642,3422.7105,8863.74698,11444.64,20225.544,18730.4780783,100729.977591,117342.702851,126.9,8.1,19.2,0.0,0.0,0.0,0.0,280914,0.0
4643,3422.7105,8863.74698,11444.64,20225.544,24114.1997783,100231.747144,112758.211598,126.9,8.1,19.2,0.0,0.0,0.0,0.0,281215,0.0
4644,3422.7105,8863.74698,11444.64,20225.544,26717.1772326,99861.8634618,110187.117826,126.9,8.1,19.2,0.0,0.0,0.0,0.0,280877,0.0
4645,3422.7105,8863.74698,11444.64,20225.544,28879.5370261,99517.4321341,107390.18936,126.9,8.1,19.2,0.0,0.0,0.0,0.0,279898,0.0
4646,3422.7105,8863.74698,11444.64,20225.544,28335.2710977,99721.4626657,105431.424757,126.9,8.1,19.2,0.0,0.0,0.0,0.0,277599,0.0
4647,3422.7105,8863.74698,11444.64,20225.544,25545.263358,100015.387783,105179.507379,126.9,8.1,19.2,0.0,0.0,0.0,0.0,274851,0.0
4648,3422.7105,8863.74698,11444.64,20225.544,21467.4952752,99973.3264235,106548.336821,126.9,8.1,19.2,0.0,0.0,0.0,0.0,272100,0.0
4649,3422.7105,8863.74698,11444.64,20225.544,14486.3716465,99387.2612795,112681.525594,126.9,8.1,19.2,0.0,0.0,0.0,0.0,270666,0.0
4650,3422.7105,8863.74698,11444.64,20225.544,7270.04798139,97928.2773341,124167.933204,253.8,8.1,19.2,0.0,0.0,0.0,0.0,273604,0.0
4651,13338.5962098,8863.74698,11444.64,20225.544,1464.36538115,95746.2344291,127684.773,253.8,8.1,19.2,0.0,0.0,0.0,0.0,279049,0.0
4652,20121.5394051,8863.74698,11444.64,20225.544,0.0,96010.6566149,127684.773,253.8,8.1,19.2,0.0,0.0,0.0,0.0,284632,0.0
4653,24113.4701021,8863.74698,11444.64,20225.544,0.0,97162.7259179,127684.773,253.8,8.1,19.2,0.0,0.0,0.0,0.0,289776,0.0
4654,25630.9369689,8863.74698,11444.64,20225.544,0.0,98414.2590511,127684.773,253.8,8.1,19.2,0.0,0.0,0.0,0.0,292545,0.0
4655,20753.016966,8863.74698,11444.64,20225.544,0.0,101134.511174,127817.44088,253.8,8.1,19.2,0.0,0.0,0.0,0.0,290520,0.0
4656,13427.3118986,8863.74698,11444.64,20225.544,0.0,104880.884121,127684.773,253.8,8.1,19.2,0.0,0.0,0.0,0.0,286808,0.0
4657,3452.0585,8863.74698,11444.64,20180.896,0.0,107927.452676,130634.105844,253.8,8.1,19.2,0.0,0.0,0.0,0.0,282784,0.0
4658,3452.0585,8863.74698,11444.64,20180.896,0.0,110610.616611,124911.841909,126.9,8.1,19.2,0.0,0.0,0.0,0.0,279618,0.0
4659,3452.0585,8863.74698,11444.64,20180.896,0.0,112600.402717,120402.055803,126.9,8.1,19.2,0.0,0.0,0.0,0.0,277098,0.0
4660,3452.0585,8863.74698,11444.64,20180.896,0.0,114976.048914,116128.409606,126.9,8.1,19.2,0.0,0.0,0.0,0.0,275200,0.0
4661,3452.0585,8863.74698,11444.64,20180.896,0.0,115538.485893,114398.972627,126.9,8.1,19.2,0.0,0.0,0.0,0.0,274033,0.0
4662,3452.0585,8863.74698,11444.64,20180.896,0.0,115005.145847,114862.312673,126.9,8.1,19.2,0.0,0.0,0.0,0.0,273963,0.0
4663,3452.0585,8863.74698,11444.64,20180.896,249.253512794,113018.906321,117480.298686,126.9,8.1,19.2,0.0,0.0,0.0,0.0,274844,0.0
4664,3452.0585,8863.74698,11444.64,20180.896,4878.00607108,110955.266838,117292.185611,126.9,8.1,19.2,0.0,0.0,0.0,0.0,277221,0.0
4665,3452.0585,8863.74698,11444.64,20180.896,11503.1185455,110481.58005,113614.759924,126.9,8.1,19.2,0.0,0.0,0.0,0.0,279695,0.0
4666,3452.0585,8863.74698,11444.64,20180.896,18379.5542406,110954.269443,109250.634836,126.9,8.1,19.2,0.0,0.0,0.0,0.0,282680,0.0
4667,3452.0585,8863.74698,11444.64,20180.896,24166.9579834,110524.340305,106340.160231,126.9,8.1,19.2,0.0,0.0,0.0,0.0,285127,0.0
4668,3452.0585,8863.74698,11444.64,20180.896,28213.7926368,109489.382832,105205.283051,126.9,8.1,19.2,0.0,0.0,0.0,0.0,287004,0.0
4669,3452.0585,8863.74698,11444.64,20180.896,29618.1389359,107590.532705,106831.786879,126.9,8.1,19.2,0.0,0.0,0.0,0.0,288136,0.0
4670,3452.0585,8863.74698,11444.64,20180.896,29284.2525491,105291.837068,110537.368903,126.9,8.1,19.2,0.0,0.0,0.0,0.0,289209,0.0
4671,3452.0585,8863.74698,11444.64,20180.896,26239.4460823,103267.751959,116057.260479,126.9,8.1,19.2,0.0,0.0,0.0,0.0,289660,0.0
4672,3452.0585,8863.74698,11444.64,20180.896,21839.0777789,104108.323845,120000.056896,126.9,8.1,19.2,0.0,0.0,0.0,0.0,290043,0.0
4673,3452.0585,8863.74698,11444.64,20180.896,14892.8198349,104290.755701,128048.982984,253.8,8.1,19.2,0.0,0.0,0.0,0.0,291455,0.0
4674,7457.38412545,8863.74698,11444.64,20180.896,7701.73346264,104512.326432,135763.173,253.8,8.1,19.2,0.0,0.0,0.0,0.0,296205,0.0
4675,18725.9534955,8863.74698,11444.64,20180.896,1488.03057522,104666.459949,135763.173,253.8,8.1,19.2,0.0,0.0,0.0,0.0,301414,0.0
4676,23701.2724178,8863.74698,11444.64,20180.896,0.0,105607.725259,135763.173,253.8,133.546342879,19.2,0.0,0.0,0.0,0.0,305968,0.0
4677,25296.492408,8863.74698,11444.64,20180.896,0.0,106733.651612,135763.173,253.8,176.4,19.2,0.0,0.0,0.0,0.0,308732,0.0
4678,24999.9375972,8863.74698,11444.64,20180.896,0.0,106749.206423,135763.173,253.8,176.4,19.2,0.0,0.0,0.0,0.0,308451,0.0
4679,19252.6104862,8863.74698,11444.64,20180.896,0.0,106729.833534,135763.173,253.8,8.1,19.2,0.0,0.0,0.0,0.0,302516,0.0
4680,11541.7698698,8863.74698,11444.64,20180.896,0.0,107006.37415,135763.173,253.8,176.4,19.2,0.0,0.0,0.0,0.0,295250,0.0
4681,16289.344381,8791.56663,11444.64,20203.22,0.0,108230.698539,123289.173,253.8,94.3574496608,19.2,0.0,0.0,0.0,0.0,288616,0.0
4682,9154.71095789,8791.56663,11444.64,20203.22,0.0,110453.289412,123289.173,253.8,176.4,19.2,0.0,0.0,0.0,0.0,283786,0.0
4683,5420.0329849,8791.56663,11444.64,20203.22,0.0,111435.967385,123289.173,253.8,176.4,19.2,0.0,0.0,0.0,0.0,281034,0.0
4684,5075.07687772,8791.56663,11444.64,20203.22,0.0,111329.923492,123289.173,253.8,176.4,19.2,0.0,0.0,0.0,0.0,280583,0.0
4685,4124.28199533,8791.56663,11444.64,20203.22,0.0,111560.018375,123289.173,253.8,8.1,19.2,0.0,0.0,0.0,0.0,279694,0.0
4686,4575.08801687,8791.56663,11444.64,20203.22,0.0,112070.212353,123289.173,253.8,8.1,19.2,0.0,0.0,0.0,0.0,280655,0.0
4687,5272.28648735,8791.56663,11444.64,20203.22,253.934224728,112837.779658,123289.173,253.8,176.4,19.2,0.0,0.0,0.0,0.0,282542,0.0
4688,3646.489,8791.56663,11444.64,20203.22,4891.34796683,113091.044108,122287.592296,253.8,8.1,19.2,0.0,0.0,0.0,0.0,284637,0.0
4689,3646.489,8791.56663,11444.64,20203.22,11415.0165156,114953.234444,116409.33341,142.2,8.1,19.2,0.0,0.0,0.0,0.0,287033,0.0
4690,3646.489,8791.56663,11444.64,20203.22,17694.1879622,114714.323512,112372.372896,126.9,8.1,19.2,0.0,0.0,0.0,0.0,289021,0.0
4691,3646.489,8791.56663,11444.64,20203.22,21938.777795,112564.832921,110875.273654,126.9,8.1,19.2,0.0,0.0,0.0,0.0,289619,0.0
4692,3646.489,8791.56663,11444.64,20203.22,24568.780646,110660.833224,110963.2705,126.9,8.1,19.2,0.0,0.0,0.0,0.0,290433,0.0
4693,3646.489,8791.56663,11444.64,20203.22,26481.6970914,108986.024814,111039.162464,126.9,8.1,19.2,0.0,0.0,0.0,0.0,290747,0.0
4694,3646.489,8791.56663,11444.64,20203.22,26798.1905501,107706.76004,110404.93378,126.9,8.1,19.2,0.0,0.0,0.0,0.0,289150,0.0
4695,3646.489,8791.56663,11444.64,20203.22,23716.6939325,106318.196491,113152.993947,126.9,8.1,19.2,0.0,0.0,0.0,0.0,287428,0.0
4696,3646.489,8791.56663,11444.64,20203.22,18909.025703,108050.63587,114337.222797,126.9,8.1,19.2,0.0,0.0,0.0,0.0,285537,0.0
4697,3646.489,8791.56663,11444.64,20203.22,12712.9528223,109778.299277,118234.73227,253.8,8.1,19.2,0.0,0.0,0.0,0.0,285093,0.0
4698,8639.80114972,8791.56663,11444.64,20203.22,6655.14250987,109755.05671,123289.173,253.8,176.4,19.2,0.0,0.0,0.0,0.0,289228,0.0
4699,19252.2569217,8791.56663,11444.64,20203.22,1099.38234391,109738.661104,123289.173,253.8,8.1,19.2,0.0,0.0,0.0,0.0,294100,0.0
4700,21688.1993555,8791.56663,11444.64,20203.22,0.0,112635.801015,123289.173,253.8,176.4,19.2,0.0,0.0,0.0,0.0,298502,0.0
4701,21495.3280942,8791.56663,11444.64,20203.22,0.0,116152.672276,123289.173,253.8,176.4,19.2,0.0,0.0,0.0,0.0,301826,0.0
4702,18168.8761291,8791.56663,11444.64,20203.22,0.0,119424.424241,123289.173,253.8,8.1,19.2,0.0,0.0,0.0,0.0,301603,0.0
4703,10393.7525487,8791.56663,11444.64,20203.22,0.0,120999.547821,123289.173,253.8,8.1,19.2,0.0,0.0,0.0,0.0,295403,0.0
4704,3646.489,8791.56663,11444.64,20203.22,0.0,121440.380897,122610.603473,253.8,8.1,19.2,0.0,0.0,0.0,0.0,288418,0.0
4705,3668.5,8676.07807,11444.64,20247.868,0.0,121130.420672,116735.293258,126.9,8.1,19.2,0.0,0.0,0.0,0.0,282057,0.0
4706,3668.5,8676.07807,11444.64,20247.868,0.0,119817.125692,113697.588238,126.9,8.1,19.2,0.0,0.0,0.0,0.0,277706,0.0
4707,3668.5,8676.07807,11444.64,20247.868,0.0,117099.319155,113944.394775,126.9,8.1,19.2,0.0,0.0,0.0,0.0,275235,0.0
4708,3668.5,8676.07807,11444.64,20247.868,0.0,114400.732608,115643.981322,126.9,8.1,19.2,0.0,0.0,0.0,0.0,274236,0.0
4709,3668.5,8676.07807,11444.64,20247.868,0.0,114192.372701,116095.341229,126.9,8.1,19.2,0.0,0.0,0.0,0.0,274479,0.0
4710,3668.5,8676.07807,11444.64,20247.868,0.0,114700.070394,116700.643536,126.9,8.1,19.2,0.0,0.0,0.0,0.0,275592,0.0
4711,3668.5,8676.07807,11444.64,20247.868,187.325103126,114836.556912,117925.831915,126.9,8.1,19.2,0.0,0.0,0.0,0.0,277141,0.0
4712,3668.5,8676.07807,11444.64,20247.868,4839.26206871,114375.187154,115993.264707,126.9,8.1,19.2,0.0,0.0,0.0,0.0,279399,0.0
4713,3668.5,8676.07807,11444.64,20247.868,11368.6785376,117387.248906,108215.786486,126.9,8.1,19.2,0.0,0.0,0.0,0.0,281163,0.0
4714,3668.5,8676.07807,11444.64,20247.868,18029.3625858,120478.146007,99219.2053373,126.9,8.1,19.2,0.0,0.0,0.0,0.0,281918,0.0
4715,3668.5,8676.07807,11444.64,20247.868,22870.3750301,121219.512062,93703.9268382,126.9,0.0,19.2,0.0,0.0,0.0,0.0,281977,0.0
4716,3668.5,8676.07807,11444.64,20247.868,26555.4809178,121658.384749,88857.1482636,126.9,0.0,0.0,0.0,0.0,0.0,0.0,281235,0.0
4717,3668.5,8676.07807,11444.64,20247.868,25459.021514,121736.632801,88381.3596155,126.9,0.0,0.0,0.0,0.0,0.0,0.0,279741,0.0
4718,3668.5,8676.07807,11444.64,20247.868,24544.2411277,122295.151702,87965.6211,126.9,0.0,0.0,0.0,0.0,0.0,2677.0,278969,0.0
4719,3668.5,8676.07807,11444.64,20247.868,23196.4219162,122851.970914,87965.6211,126.9,0.0,0.0,0.0,0.0,0.0,1033.0,278178,0.0
4720,3668.5,8676.07807,11444.64,20247.868,19219.1657037,122417.892499,91931.955727,126.9,0.0,0.0,0.0,0.0,0.0,0.0,277733,0.0
4721,3668.5,8676.07807,11444.64,20247.868,12332.065239,121726.097661,101854.55103,126.9,8.1,19.2,0.0,0.0,0.0,0.0,280104,0.0
4722,3668.5,8676.07807,11444.64,20247.868,6677.86919943,119698.301173,115981.543558,126.9,8.1,19.2,0.0,0.0,0.0,0.0,286549,0.0
4723,8806.35729692,8676.07807,11444.64,20247.868,1111.55665085,116692.915982,125665.173,253.8,570.411,19.2,0.0,0.0,0.0,0.0,293488,0.0
4724,19244.8193927,8676.07807,11444.64,20247.868,0.0,113016.010537,125665.173,253.8,570.411,19.2,0.0,0.0,0.0,0.0,299138,0.0
4725,26680.5720942,8676.07807,11444.64,20247.868,0.0,109209.257836,125665.173,253.8,570.411,19.2,0.0,0.0,0.0,0.0,302767,0.0
4726,28931.1085585,8676.07807,11444.64,20247.868,0.0,106208.975616,125665.173,253.8,520.15675516,19.2,0.0,0.0,0.0,0.0,301967,0.0
4727,23768.1167683,8676.07807,11444.64,20247.868,0.0,105415.213162,125665.173,253.8,484.911,19.2,0.0,0.0,0.0,0.0,295975,0.0
4728,16196.4407894,8676.07807,11444.64,20247.868,0.0,105663.389141,125665.173,253.8,570.411,19.2,0.0,0.0,0.0,0.0,288737,0.0
4729,6677.09425531,8502.84523,11444.64,20113.924,0.0,105755.223515,129823.173,253.8,8.1,19.2,0.0,0.0,0.0,0.0,282598,0.0
4730,3778.555,8502.84523,11444.64,20113.924,0.0,106141.141905,128354.793865,253.8,8.1,19.2,0.0,0.0,0.0,0.0,278617,0.0
4731,3778.555,8502.84523,11444.64,20113.924,0.0,107130.133842,124476.801928,253.8,8.1,19.2,0.0,0.0,0.0,0.0,275728,0.0
4732,3778.555,8502.84523,11444.64,20113.924,0.0,108194.505947,121517.429823,253.8,8.1,19.2,0.0,0.0,0.0,0.0,273833,0.0
4733,3778.555,8502.84523,11444.64,20113.924,0.0,108866.873396,120634.962374,126.9,8.1,19.2,0.0,0.0,0.0,0.0,273496,0.0
4734,3778.555,8502.84523,11444.64,20113.924,0.0,108771.251944,121410.683826,253.8,8.1,19.2,0.0,0.0,0.0,0.0,274303,0.0
4735,3778.555,8502.84523,11444.64,20113.924,201.286286353,108559.349657,122105.299826,253.8,8.1,19.2,0.0,0.0,0.0,0.0,274987,0.0
4736,3778.555,8502.84523,11444.64,20113.924,4778.92398171,106437.08871,121482.923078,253.8,8.1,19.2,0.0,0.0,0.0,0.0,276820,0.0
4737,3778.555,8502.84523,11444.64,20113.924,11509.9157187,108441.81283,115548.107221,126.9,8.1,19.2,0.0,0.0,0.0,0.0,279494,0.0
4738,3778.555,8502.84523,11444.64,20113.924,16651.8539853,111384.163382,110000.818403,126.9,8.1,19.2,0.0,0.0,0.0,0.0,282031,0.0
4739,3778.555,8502.84523,11444.64,20113.924,20536.4708075,111807.231659,108043.133303,126.9,8.1,19.2,0.0,0.0,0.0,0.0,284381,0.0
4740,3778.555,8502.84523,11444.64,20113.924,22303.9874677,111241.951796,109040.896506,126.9,8.1,19.2,0.0,0.0,0.0,0.0,286581,0.0
4741,3778.555,8502.84523,11444.64,20113.924,24924.1992205,109643.153351,110266.483198,126.9,8.1,19.2,0.0,0.0,0.0,0.0,288828,0.0
4742,3778.555,8502.84523,11444.64,20113.924,26526.435132,108091.645236,110734.755402,126.9,8.1,19.2,0.0,0.0,0.0,0.0,289347,0.0
4743,3778.555,8502.84523,11444.64,20113.924,24813.4656459,106816.234739,112621.135385,126.9,8.1,19.2,0.0,0.0,0.0,0.0,288245,0.0
4744,3778.555,8502.84523,11444.64,20113.924,19945.2824357,107925.878685,114440.674649,126.9,8.1,19.2,0.0,0.0,0.0,0.0,286306,0.0
4745,3778.555,8502.84523,11444.64,20113.924,14187.79828,109163.067,119610.97049,126.9,8.1,19.2,0.0,0.0,0.0,0.0,286956,0.0
4746,4259.05730436,8502.84523,11444.64,20113.924,7770.46613701,108127.794329,129823.173,253.8,8.1,19.2,0.0,0.0,0.0,0.0,290323,0.0
4747,17180.7804658,8502.84523,11444.64,20113.924,1166.81785382,105763.250769,129749.641682,253.8,8.1,19.2,0.0,0.0,0.0,0.0,294203,0.0
4748,23632.2730568,8502.84523,11444.64,20113.924,0.0,104533.044713,129823.173,253.8,8.1,19.2,0.0,0.0,0.0,0.0,298331,0.0
4749,26443.5504963,8502.84523,11444.64,20113.924,0.0,105098.767274,129823.173,253.8,8.1,19.2,0.0,0.0,0.0,0.0,301708,0.0
4750,25900.380222,8502.84523,11444.64,20113.924,0.0,105731.937548,129823.173,253.8,8.1,19.2,0.0,0.0,0.0,0.0,301798,0.0
4751,18115.9893482,8502.84523,11444.64,20113.924,0.0,107727.328422,129823.173,253.8,8.1,19.2,0.0,0.0,0.0,0.0,296009,0.0
4752,6994.40975132,8502.84523,11444.64,20113.924,0.0,111045.908019,129823.173,253.8,8.1,19.2,0.0,0.0,0.0,0.0,288206,0.0
4753,11919.7261792,8344.04846,11444.64,20046.952,0.0,114129.560361,114200.973,253.8,8.1,19.2,0.0,0.0,0.0,0.0,280367,0.0
4754,4798.78182337,8344.04846,11444.64,20046.952,0.0,115691.504717,114200.973,253.8,8.1,19.2,0.0,0.0,0.0,0.0,274808,0.0
4755,3705.185,8344.04846,11444.64,20046.952,0.0,116840.978834,110462.095706,253.8,8.1,19.2,0.0,0.0,0.0,0.0,271125,0.0
4756,3705.185,8344.04846,11444.64,20046.952,0.0,117670.036387,107935.938153,126.9,8.1,19.2,0.0,0.0,0.0,0.0,269301,0.0
4757,3705.185,8344.04846,11444.64,20046.952,0.0,118084.602113,107639.372427,126.9,8.1,19.2,0.0,0.0,0.0,0.0,269419,0.0
4758,3705.185,8344.04846,11444.64,20046.952,0.0,117496.361382,109792.613158,126.9,8.1,19.2,0.0,0.0,0.0,0.0,270984,0.0
4759,3705.185,8344.04846,11444.64,20046.952,129.812609061,116111.280113,112971.981818,253.8,8.1,19.2,0.0,0.0,0.0,0.0,273035,0.0
4760,3705.185,8344.04846,11444.64,20046.952,4686.82538745,113416.433144,113466.816008,253.8,8.1,19.2,0.0,0.0,0.0,0.0,275392,0.0
4761,3705.185,8344.04846,11444.64,20046.952,11903.088587,114129.264362,108158.621591,126.9,8.1,19.2,0.0,0.0,0.0,0.0,277886,0.0
4762,3705.185,8344.04846,11444.64,20046.952,18522.6912931,115365.909881,101708.373366,126.9,8.1,19.2,0.0,0.0,0.0,0.0,279292,0.0
4763,3705.185,8344.04846,11444.64,20046.952,23331.8755255,115393.832021,97594.2669933,126.9,8.1,19.2,0.0,0.0,0.0,0.0,280015,0.0
4764,3705.185,8344.04846,11444.64,20046.952,27787.4257208,114942.860404,94238.6884156,126.9,8.1,19.2,0.0,0.0,0.0,0.0,280664,0.0
4765,3705.185,8344.04846,11444.64,20046.952,27648.5872439,114191.292107,95310.0951888,126.9,8.1,19.2,0.0,0.0,0.0,0.0,280845,0.0
4766,3705.185,8344.04846,11444.64,20046.952,27923.5066521,113560.36712,95229.1007677,126.9,8.1,19.2,0.0,0.0,0.0,0.0,280408,0.0
4767,3705.185,8344.04846,11444.64,20046.952,23955.9807308,113398.623046,98360.3707628,126.9,8.1,19.2,0.0,0.0,0.0,0.0,279410,0.0
4768,3705.185,8344.04846,11444.64,20046.952,19665.2787745,112588.644285,102419.051481,126.9,8.1,19.2,0.0,0.0,0.0,0.0,278368,0.0
4769,3705.185,8344.04846,11444.64,20046.952,11893.8880024,111818.126797,112037.059741,253.8,8.1,19.2,0.0,0.0,0.0,0.0,279571,0.0
4770,12071.0569966,8344.04846,11444.64,20046.952,6150.75107127,111560.478472,114200.973,253.8,8.1,19.2,0.0,0.0,0.0,0.0,284100,0.0
4771,21737.8492103,8344.04846,11444.64,20046.952,817.373596883,112650.063733,114200.973,253.8,8.1,19.2,0.0,0.0,0.0,0.0,289523,0.0
4772,23417.6533139,8344.04846,11444.64,20046.952,0.0,117226.633226,114200.973,253.8,8.1,19.2,0.0,0.0,0.0,0.0,294962,0.0
4773,24148.3810833,8344.04846,11444.64,20046.952,0.0,120786.813539,114216.064917,253.8,8.1,19.2,0.0,0.0,0.0,0.0,299268,0.0
4774,20593.4670383,8344.04846,11444.64,20046.952,0.0,123779.619502,114379.173,253.8,8.1,19.2,0.0,0.0,0.0,0.0,298869,0.0
4775,11690.539255,8344.04846,11444.64,20046.952,0.0,126541.747285,114200.973,253.8,8.1,19.2,0.0,0.0,0.0,0.0,292550,0.0
4776,3705.185,8344.04846,11444.64,20046.952,0.0,129590.694026,110464.380514,253.8,8.1,19.2,0.0,0.0,0.0,0.0,283877,0.0
4777,7246.07879725,8300.74025,11444.64,19935.332,0.0,131995.935953,95949.873,253.8,176.4,19.2,0.0,0.0,0.0,0.0,275322,0.0
4778,3778.555,8300.74025,11444.64,19935.332,0.0,133948.694271,91485.8384794,126.9,8.1,19.2,0.0,0.0,0.0,0.0,269048,0.0
4779,3778.555,8300.74025,11444.64,19935.332,0.0,134758.086436,86667.4463142,126.9,8.1,19.2,0.0,0.0,0.0,0.0,265039,0.0
4780,3778.555,8300.74025,11444.64,19935.332,0.0,136482.919959,82907.612791,126.9,8.1,19.2,0.0,0.0,0.0,0.0,263004,0.0
4781,3778.555,8300.74025,11444.64,19935.332,0.0,137674.354236,81670.1785136,126.9,8.1,19.2,0.0,0.0,0.0,0.0,262958,0.0
4782,3778.555,8300.74025,11444.64,19935.332,0.0,137688.617155,83293.9155953,126.9,8.1,19.2,0.0,0.0,0.0,0.0,264596,0.0
4783,3778.555,8300.74025,11444.64,19935.332,130.993071235,137053.133194,85186.406485,126.9,8.1,19.2,0.0,0.0,0.0,0.0,265984,0.0
4784,3778.555,8300.74025,11444.64,19935.332,4797.68140265,137196.025175,82291.8261719,126.9,8.1,19.2,0.0,0.0,0.0,0.0,267899,0.0
4785,3778.555,8300.74025,11444.64,19935.332,11271.8173547,138541.818669,76493.8967263,126.9,8.1,19.2,0.0,0.0,0.0,0.0,269921,0.0
4786,3778.555,8300.74025,11444.64,19935.332,18413.5298065,139037.437631,70481.8653125,126.9,0.0,0.0,0.0,0.0,0.0,0.0,271519,0.0
4787,3778.555,8300.74025,11444.64,19935.332,24106.4011669,136594.520483,67164.9111,126.9,0.0,0.0,0.0,0.0,0.0,912.0,271452,0.0
4788,3778.555,8300.74025,11444.64,19935.332,25305.7917047,135612.129945,67164.9111,126.9,0.0,0.0,0.0,0.0,0.0,2791.0,271669,0.0
4789,3778.555,8300.74025,11444.64,19935.332,29270.9787907,131868.942859,67164.9111,126.9,0.0,0.0,0.0,0.0,0.0,1756.0,271891,0.0
4790,3778.555,8300.74025,11444.64,19935.332,28081.6379829,131954.856388,68588.3383792,126.9,0.0,0.0,0.0,0.0,0.0,0.0,272211,0.0
4791,3778.555,8300.74025,11444.64,19935.332,25225.419534,130413.083017,72671.1301995,126.9,0.0,19.2,0.0,0.0,0.0,0.0,271915,0.0
4792,3778.555,8300.74025,11444.64,19935.332,21749.4832085,129430.415344,77340.6341978,126.9,8.1,19.2,0.0,0.0,0.0,0.0,272134,0.0
4793,3778.555,8300.74025,11444.64,19935.332,15287.6520017,128863.160592,86529.7201565,126.9,8.1,19.2,0.0,0.0,0.0,0.0,274294,0.0
4794,7524.78064455,8300.74025,11444.64,19935.332,7626.69387932,128682.540226,95949.873,253.8,176.4,19.2,0.0,0.0,0.0,0.0,279914,0.0
4795,19319.2266034,8300.74025,11444.64,19935.332,1324.62606827,129040.162078,95949.873,253.8,176.4,19.2,0.0,0.0,0.0,0.0,285764,0.0
4796,23682.0524844,8300.74025,11444.64,19935.332,0.0,130910.962266,95949.873,253.8,176.4,19.2,0.0,0.0,0.0,0.0,290673,0.0
4797,23802.5064594,8300.74025,11444.64,19935.332,0.0,134158.639968,95949.873,253.8,207.268322209,19.2,0.0,0.0,0.0,0.0,294072,0.0
4798,21378.3016508,8300.74025,11444.64,19935.332,0.0,135655.113099,95949.873,253.8,252.0,19.2,0.0,0.0,0.0,0.0,293189,0.0
4799,16033.8751367,8300.74025,11444.64,19935.332,0.0,135460.539613,95949.873,253.8,252.0,19.2,0.0,0.0,0.0,0.0,287650,0.0
4800,10216.7131235,8300.74025,11444.64,19935.332,0.0,134480.301626,95949.873,253.8,176.4,19.2,0.0,0.0,0.0,0.0,280777,0.0
4801,7837.58079236,8286.30418,11444.64,19957.656,0.0,133170.346028,93965.373,253.8,8.1,19.2,0.0,0.0,0.0,0.0,274943,0.0
4802,5592.02150971,8286.30418,11444.64,19957.656,0.0,130843.724551,93965.373,253.8,8.2807597092,19.2,0.0,0.0,0.0,0.0,270371,0.0
4803,5691.71159863,8286.30418,11444.64,19957.656,0.0,127949.915221,93965.373,253.8,176.4,19.2,0.0,0.0,0.0,0.0,267745,0.0
4804,5619.13096598,8286.30418,11444.64,19957.656,0.0,126861.495854,93965.373,253.8,176.4,19.2,0.0,0.0,0.0,0.0,266584,0.0
4805,5532.61223058,8286.30418,11444.64,19957.656,0.0,126995.014589,93965.373,253.8,176.4,19.2,0.0,0.0,0.0,0.0,266631,0.0
4806,7303.9492745,8286.30418,11444.64,19957.656,0.0,126286.677546,93965.373,253.8,176.4,19.2,0.0,0.0,0.0,0.0,267694,0.0
4807,8694.33325734,8286.30418,11444.64,19957.656,140.315130876,126096.978432,93965.373,253.8,176.4,19.2,0.0,0.0,0.0,0.0,269035,0.0
4808,5389.04327638,8286.30418,11444.64,19957.656,4501.58507669,125881.298467,93965.373,253.8,8.1,19.2,0.0,0.0,0.0,0.0,269707,0.0
4809,4218.775,8286.30418,11444.64,19957.656,10617.2714918,126911.707966,88056.4453618,126.9,8.1,19.2,0.0,0.0,0.0,0.0,269647,0.0
4810,4218.775,8286.30418,11444.64,19957.656,16871.1669499,128410.755782,80127.5020876,126.9,8.1,19.2,0.0,0.0,0.0,0.0,269471,0.0
4811,4218.775,8286.30418,11444.64,19957.656,22111.567076,128403.769423,73516.0883215,126.9,8.1,19.2,0.0,0.0,0.0,0.0,268093,0.0
4812,4218.775,8286.30418,11444.64,19957.656,26925.1546452,127439.274745,67799.2954293,126.9,0.0,0.0,0.0,0.0,0.0,0.0,266198,0.0
4813,4218.775,8286.30418,11444.64,19957.656,29836.8452863,124940.118434,65775.7611,126.9,0.0,0.0,0.0,0.0,0.0,1799.0,264587,0.0
4814,4218.775,8286.30418,11444.64,19957.656,27073.2533006,126308.710419,65775.7611,126.9,0.0,0.0,0.0,0.0,0.0,1804.0,263192,0.0
4815,4218.775,8286.30418,11444.64,19957.656,25599.0388571,126143.924863,65775.7611,126.9,0.0,0.0,0.0,0.0,0.0,881.0,261553,0.0
4816,4218.775,8286.30418,11444.64,19957.656,21251.5058423,125239.348343,69774.8706347,126.9,0.0,0.0,0.0,0.0,0.0,0.0,260300,0.0
4817,4218.775,8286.30418,11444.64,19957.656,14605.9280582,123395.537901,79353.9588607,126.9,8.1,19.2,0.0,0.0,0.0,0.0,261417,0.0
4818,4218.775,8286.30418,11444.64,19957.656,7384.72817433,121006.77278,93378.9238658,126.9,8.1,19.2,0.0,0.0,0.0,0.0,265832,0.0
4819,16754.0745678,8286.30418,11444.64,19957.656,1364.53154465,119535.020708,93965.373,253.8,176.4,19.2,0.0,0.0,0.0,0.0,271757,0.0
4820,25281.7481192,8286.30418,11444.64,19957.656,0.0,118505.878701,93965.373,253.8,176.4,19.2,0.0,0.0,0.0,0.0,277891,0.0
4821,30023.6298654,8286.30418,11444.64,19957.656,0.0,119194.996955,93965.373,253.8,176.4,19.2,0.0,0.0,0.0,0.0,283322,0.0
4822,28578.3912953,8286.30418,11444.64,19957.656,0.0,122291.235525,93965.373,253.8,176.4,19.2,0.0,0.0,0.0,0.0,284973,0.0
4823,21154.6888638,8286.30418,11444.64,19957.656,0.0,125760.937956,93965.373,253.8,176.4,19.2,0.0,0.0,0.0,0.0,281019,0.0
4824,13024.222783,8286.30418,11444.64,19957.656,0.0,128558.404037,93965.373,253.8,176.4,19.2,0.0,0.0,0.0,0.0,275686,0.0
4825,4328.83,8242.99597,11444.64,20002.304,0.0,130468.661498,95746.3685317,126.9,8.1,19.2,0.0,0.0,0.0,0.0,270388,0.0
4826,4328.83,8242.99597,11444.64,20002.304,0.0,132011.790462,89944.239568,126.9,8.1,19.2,0.0,0.0,0.0,0.0,266129,0.0
4827,4328.83,8242.99597,11444.64,20002.304,0.0,132234.682586,87024.3474445,126.9,8.1,19.2,0.0,0.0,0.0,0.0,263432,0.0
4828,4328.83,8242.99597,11444.64,20002.304,0.0,132014.522846,86457.5071838,126.9,8.1,19.2,0.0,0.0,0.0,0.0,262645,0.0
4829,4328.83,8242.99597,11444.64,20002.304,0.0,131022.663726,87839.3663041,126.9,8.1,19.2,0.0,0.0,0.0,0.0,263035,0.0
4830,4328.83,8242.99597,11444.64,20002.304,0.0,129091.374985,91852.655045,126.9,8.1,19.2,0.0,0.0,0.0,0.0,265117,0.0
4831,4328.83,8242.99597,11444.64,20002.304,133.856620123,126165.635039,97852.5383711,126.9,8.1,19.2,0.0,0.0,0.0,0.0,268325,0.0
4832,5422.25472984,8242.99597,11444.64,20002.304,4580.16081235,123240.671488,98325.873,253.8,8.1,19.2,0.0,0.0,0.0,0.0,271540,0.0
4833,4328.83,8242.99597,11444.64,20002.304,10453.4315947,122387.920371,97507.6780643,126.9,8.1,19.2,0.0,0.0,0.0,0.0,274522,0.0
4834,4328.83,8242.99597,11444.64,20002.304,16108.2048502,124938.995063,91947.8301171,126.9,8.1,19.2,0.0,0.0,0.0,0.0,277168,0.0
4835,4328.83,8242.99597,11444.64,20002.304,21807.9187715,127277.79587,85329.3153884,126.9,8.1,19.2,0.0,0.0,0.0,0.0,278588,0.0
4836,4328.83,8242.99597,11444.64,20002.304,26124.8542213,128608.782748,79542.3930603,126.9,8.1,19.2,0.0,0.0,0.0,0.0,278449,0.0
4837,4328.83,8242.99597,11444.64,20002.304,27737.9683406,129963.835689,76288.2260003,126.9,8.1,19.2,0.0,0.0,0.0,0.0,278163,0.0
4838,4328.83,8242.99597,11444.64,20002.304,27000.2205016,131026.329405,76108.4801236,126.9,8.1,19.2,0.0,0.0,0.0,0.0,278308,0.0
4839,4328.83,8242.99597,11444.64,20002.304,24671.0347119,131377.831092,77645.164226,126.9,8.1,19.2,0.0,0.0,0.0,0.0,277867,0.0
4840,4328.83,8242.99597,11444.64,20002.304,20260.3920717,130631.990563,81920.6473952,126.9,8.1,19.2,0.0,0.0,0.0,0.0,276986,0.0
4841,4328.83,8242.99597,11444.64,20002.304,14422.0636354,129348.456713,89951.5096817,126.9,8.1,19.2,0.0,0.0,0.0,0.0,277895,0.0
4842,9435.74041122,8242.99597,11444.64,20002.304,6768.30017944,127580.046439,98325.873,253.8,8.1,19.2,0.0,0.0,0.0,0.0,282081,0.0
4843,22493.5005442,8242.99597,11444.64,20002.304,1358.88570199,124287.067496,98325.873,253.8,79.7332880111,19.2,0.0,0.0,0.0,0.0,286508,0.0
4844,29569.2744904,8242.99597,11444.64,20002.304,0.0,122812.51254,98325.873,253.8,176.4,19.2,0.0,0.0,0.0,0.0,290847,0.0
4845,32923.7973851,8242.99597,11444.64,20002.304,0.0,123579.989645,98325.873,253.8,176.4,19.2,0.0,0.0,0.0,0.0,294969,0.0
4846,30013.1366094,8242.99597,11444.64,20002.304,0.0,127670.650421,98325.873,253.8,176.4,19.2,0.0,0.0,0.0,0.0,296149,0.0
4847,20147.9343995,8242.99597,11444.64,20002.304,0.0,132453.852631,98325.873,253.8,176.4,19.2,0.0,0.0,0.0,0.0,291067,0.0
4848,9397.96983041,8242.99597,11444.64,20002.304,0.0,135759.8172,98325.873,253.8,176.4,19.2,0.0,0.0,0.0,0.0,283623,0.0
4849,4292.145,8315.17632,11444.64,19979.98,0.0,137889.084607,95330.7740732,126.9,8.1,19.2,0.0,0.0,0.0,0.0,277406,0.0
4850,4292.145,8315.17632,11444.64,19979.98,0.0,138773.610142,89708.2485383,126.9,8.1,19.2,0.0,0.0,0.0,0.0,272668,0.0
4851,4292.145,8315.17632,11444.64,19979.98,0.0,138344.142901,86767.715779,126.9,8.1,19.2,0.0,0.0,0.0,0.0,269298,0.0
4852,4292.145,8315.17632,11444.64,19979.98,0.0,137519.440823,86720.4178566,126.9,8.1,19.2,0.0,0.0,0.0,0.0,268426,0.0
4853,4292.145,8315.17632,11444.64,19979.98,0.0,136219.336368,88744.5223118,126.9,8.1,19.2,0.0,0.0,0.0,0.0,269150,0.0
4854,4292.145,8315.17632,11444.64,19979.98,0.0,134470.110985,92123.7476951,126.9,8.1,19.2,0.0,0.0,0.0,0.0,270780,0.0
4855,4292.145,8315.17632,11444.64,19979.98,133.874422962,131924.384062,96054.6001947,126.9,8.1,19.2,0.0,0.0,0.0,0.0,272299,0.0
4856,4292.145,8315.17632,11444.64,19979.98,4606.28080332,128754.459314,96428.1185624,126.9,8.1,19.2,0.0,0.0,0.0,0.0,273975,0.0
4857,4292.145,8315.17632,11444.64,19979.98,10377.6315267,128446.364879,91204.8622747,126.9,8.1,19.2,0.0,0.0,0.0,0.0,274215,0.0
4858,4292.145,8315.17632,11444.64,19979.98,16767.9039789,129627.607114,83665.3475867,126.9,8.1,19.2,0.0,0.0,0.0,0.0,274247,0.0
4859,4292.145,8315.17632,11444.64,19979.98,21568.9770909,130024.202543,77429.6790457,126.9,8.1,19.2,0.0,0.0,0.0,0.0,273209,0.0
4860,4292.145,8315.17632,11444.64,19979.98,24181.722347,129749.177318,73932.2590148,126.9,0.0,0.0,0.0,0.0,0.0,0.0,272022,0.0
4861,4292.145,8315.17632,11444.64,19979.98,26898.4647371,128690.842679,71614.8512642,126.9,0.0,0.0,0.0,0.0,0.0,0.0,271363,0.0
4862,4292.145,8315.17632,11444.64,19979.98,27424.9618017,127467.369685,72591.8271937,126.9,0.0,0.0,0.0,0.0,0.0,0.0,271643,0.0
4863,4292.145,8315.17632,11444.64,19979.98,25255.7735724,126156.59989,76831.5852172,126.9,0.0,19.2,0.0,0.0,0.0,0.0,272422,0.0
4864,4292.145,8315.17632,11444.64,19979.98,19814.7552327,124973.277967,84405.8254808,126.9,8.1,19.2,0.0,0.0,0.0,0.0,273380,0.0
4865,4292.145,8315.17632,11444.64,19979.98,14494.8333605,122992.761707,94552.263612,126.9,8.1,19.2,0.0,0.0,0.0,0.0,276226,0.0
4866,12040.1407968,8315.17632,11444.64,19979.98,7147.52957259,121071.260311,101889.873,253.8,176.4,19.2,0.0,0.0,0.0,0.0,282338,0.0
4867,25188.1520346,8315.17632,11444.64,19979.98,1278.83138699,120170.33377,101889.873,253.8,96.0134888598,19.2,0.0,0.0,0.0,0.0,288636,0.0
4868,30470.8527811,8315.17632,11444.64,19979.98,0.0,120462.077899,101889.873,253.8,176.4,19.2,0.0,0.0,0.0,0.0,293012,0.0
4869,31294.7748959,8315.17632,11444.64,19979.98,0.0,123084.155784,101889.873,253.8,176.4,19.2,0.0,0.0,0.0,0.0,296458,0.0
4870,27447.5185108,8315.17632,11444.64,19979.98,0.0,127295.412169,101889.873,253.8,176.4,19.2,0.0,0.0,0.0,0.0,296822,0.0
4871,18830.2657215,8315.17632,11444.64,19979.98,0.0,131645.664959,101889.873,253.8,176.4,19.2,0.0,0.0,0.0,0.0,292555,0.0
4872,10426.7186594,8315.17632,11444.64,19979.98,0.0,134062.212021,101889.873,253.8,176.4,19.2,0.0,0.0,0.0,0.0,286568,0.0
4873,6469.42314209,8488.40916,11444.64,19890.684,0.0,135034.199255,99297.873,253.8,132.771443274,19.2,0.0,0.0,0.0,0.0,281031,0.0
4874,4402.2,8488.40916,11444.64,19890.684,0.0,134322.57373,97965.2931103,126.9,8.1,19.2,0.0,0.0,0.0,0.0,276668,0.0
4875,4402.2,8488.40916,11444.64,19890.684,0.0,133268.178467,96276.6883726,126.9,8.1,19.2,0.0,0.0,0.0,0.0,273925,0.0
4876,4402.2,8488.40916,11444.64,19890.684,0.0,131734.888547,96672.9782925,126.9,8.1,19.2,0.0,0.0,0.0,0.0,272788,0.0
4877,4402.2,8488.40916,11444.64,19890.684,0.0,129913.939175,98388.9276651,126.9,8.1,19.2,0.0,0.0,0.0,0.0,272683,0.0
4878,5593.48475621,8488.40916,11444.64,19890.684,0.0,128043.809084,99297.873,253.8,8.1,19.2,0.0,0.0,0.0,0.0,273040,0.0
4879,7490.83878217,8488.40916,11444.64,19890.684,139.635156737,126119.819901,99297.873,253.8,8.1,19.2,0.0,0.0,0.0,0.0,273153,0.0
4880,5767.021356,8488.40916,11444.64,19890.684,4684.53331457,124169.439169,99297.873,253.8,176.4,19.2,0.0,0.0,0.0,0.0,274192,0.0
4881,4402.2,8488.40916,11444.64,19890.684,10913.9418182,123894.156646,95212.7683759,126.9,8.1,19.2,0.0,0.0,0.0,0.0,274401,0.0
4882,4402.2,8488.40916,11444.64,19890.684,16436.5308778,124038.681518,88837.6544439,126.9,8.1,19.2,0.0,0.0,0.0,0.0,273693,0.0
4883,4402.2,8488.40916,11444.64,19890.684,20545.5910967,122976.514,84527.7617428,126.9,8.1,19.2,0.0,0.0,0.0,0.0,272430,0.0
4884,4402.2,8488.40916,11444.64,19890.684,22186.5003848,120949.715507,83582.6509486,126.9,8.1,19.2,0.0,0.0,0.0,0.0,271099,0.0
4885,4402.2,8488.40916,11444.64,19890.684,24450.5632801,119566.772126,81628.5314342,126.9,8.1,19.2,0.0,0.0,0.0,0.0,270026,0.0
4886,4402.2,8488.40916,11444.64,19890.684,21959.2155992,119559.881265,83626.7699757,126.9,8.1,19.2,0.0,0.0,0.0,0.0,269526,0.0
4887,4402.2,8488.40916,11444.64,19890.684,19843.0195257,120510.079324,84318.7679903,126.9,8.1,19.2,0.0,0.0,0.0,0.0,269052,0.0
4888,4402.2,8488.40916,11444.64,19890.684,16849.8439715,121897.480279,85489.5425891,126.9,8.1,19.2,0.0,0.0,0.0,0.0,268617,0.0
4889,4402.2,8488.40916,11444.64,19890.684,12028.3809788,123175.382262,90876.1035995,126.9,8.1,19.2,0.0,0.0,0.0,0.0,270460,0.0
4890,7546.05316861,8488.40916,11444.64,19890.684,5864.97023238,123214.270439,99297.873,253.8,8.1,19.2,0.0,0.0,0.0,0.0,276028,0.0
4891,18070.2493157,8488.40916,11444.64,19890.684,665.394884153,123650.64964,99297.873,253.8,8.1,19.2,0.0,0.0,0.0,0.0,281789,0.0
4892,23475.5990464,8488.40916,11444.64,19890.684,0.0,124182.694794,99297.873,253.8,8.1,19.2,0.0,0.0,0.0,0.0,287061,0.0
4893,27953.3637393,8488.40916,11444.64,19890.684,0.0,124198.930101,99297.873,253.8,8.1,19.2,0.0,0.0,0.0,0.0,291555,0.0
4894,28317.1191031,8488.40916,11444.64,19890.684,0.0,124629.174737,99297.873,253.8,8.1,19.2,0.0,0.0,0.0,0.0,292349,0.0
4895,23457.3250006,8488.40916,11444.64,19890.684,0.0,124523.968839,99297.873,253.8,8.1,19.2,0.0,0.0,0.0,0.0,287384,0.0
4896,17295.8109899,8488.40916,11444.64,19890.684,0.0,124574.48285,99297.873,253.8,8.1,19.2,0.0,0.0,0.0,0.0,281273,0.0
4897,4512.255,8676.07807,11444.64,19890.684,0.0,124371.301514,106205.841416,126.9,8.1,19.2,0.0,0.0,0.0,0.0,275255,0.0
4898,4512.255,8676.07807,11444.64,19890.684,0.0,124354.251111,101222.891819,126.9,8.1,19.2,0.0,0.0,0.0,0.0,270255,0.0
4899,4512.255,8676.07807,11444.64,19890.684,0.0,124943.584837,97866.5580935,126.9,8.1,19.2,0.0,0.0,0.0,0.0,267488,0.0
4900,4512.255,8676.07807,11444.64,19890.684,0.0,124713.183456,97042.9594742,126.9,8.1,19.2,0.0,0.0,0.0,0.0,266434,0.0
4901,4512.255,8676.07807,11444.64,19890.684,0.0,123300.689844,98104.4530858,126.9,8.1,19.2,0.0,0.0,0.0,0.0,266083,0.0
4902,4512.255,8676.07807,11444.64,19890.684,0.0,121234.406876,102193.736054,126.9,8.1,19.2,0.0,0.0,0.0,0.0,268106,0.0
4903,4512.255,8676.07807,11444.64,19890.684,109.703676488,118689.730548,107620.708706,126.9,8.1,19.2,0.0,0.0,0.0,0.0,271098,0.0
4904,4512.255,8676.07807,11444.64,19890.684,4707.10573008,115655.418923,108754.718277,253.8,8.1,19.2,0.0,0.0,0.0,0.0,273922,0.0
4905,4512.255,8676.07807,11444.64,19890.684,11661.9265219,116748.254265,102129.962143,126.9,8.1,19.2,0.0,0.0,0.0,0.0,275218,0.0
4906,4512.255,8676.07807,11444.64,19890.684,18362.854326,118131.947342,95054.3412621,126.9,8.1,19.2,0.0,0.0,0.0,0.0,276227,0.0
4907,4512.255,8676.07807,11444.64,19890.684,24042.9002862,117816.985946,89904.2566982,126.9,8.1,19.2,0.0,0.0,0.0,0.0,276442,0.0
4908,4512.255,8676.07807,11444.64,19890.684,26429.1718313,117229.118612,87478.8524868,126.9,8.1,19.2,0.0,0.0,0.0,0.0,275815,0.0
4909,4512.255,8676.07807,11444.64,19890.684,27663.1003803,116524.726045,86759.3165044,126.9,8.1,19.2,0.0,0.0,0.0,0.0,275625,0.0
4910,4512.255,8676.07807,11444.64,19890.684,27369.7507597,115703.11605,88491.2761201,126.9,8.1,19.2,0.0,0.0,0.0,0.0,276242,0.0
4911,4512.255,8676.07807,11444.64,19890.684,24151.2166425,115146.982935,92718.9433528,126.9,8.1,19.2,0.0,0.0,0.0,0.0,276695,0.0
4912,4512.255,8676.07807,11444.64,19890.684,20913.3409865,115647.21137,95501.5905733,126.9,8.1,19.2,0.0,0.0,0.0,0.0,276740,0.0
4913,4512.255,8676.07807,11444.64,19890.684,13643.9128266,115881.574628,104280.655475,126.9,8.1,19.2,0.0,0.0,0.0,0.0,278484,0.0
4914,10261.1394775,8676.07807,11444.64,19890.684,6492.46595934,114442.153371,111733.173,253.8,147.666122375,19.2,0.0,0.0,0.0,0.0,283361,0.0
4915,22010.1792292,8676.07807,11444.64,19890.684,876.57092545,113760.274775,111733.173,253.8,176.4,19.2,0.0,0.0,0.0,0.0,288841,0.0
4916,26862.2273713,8676.07807,11444.64,19890.684,0.0,115142.797559,111733.173,253.8,176.4,19.2,0.0,0.0,0.0,0.0,294199,0.0
4917,28190.4306928,8676.07807,11444.64,19890.684,0.0,117748.594237,111733.173,253.8,176.4,19.2,0.0,0.0,0.0,0.0,298133,0.0
4918,27073.1077883,8676.07807,11444.64,19890.684,0.0,119598.917142,111733.173,253.8,176.4,19.2,0.0,0.0,0.0,0.0,298866,0.0
4919,22135.2299921,8676.07807,11444.64,19890.684,0.0,120437.794938,111733.173,253.8,176.4,19.2,0.0,0.0,0.0,0.0,294767,0.0
4920,15424.2388488,8676.07807,11444.64,19890.684,0.0,121128.786081,111733.173,253.8,176.4,19.2,0.0,0.0,0.0,0.0,288747,0.0
4921,4512.255,8690.51414,11444.64,20002.304,0.0,121460.83258,116105.25428,126.9,8.1,19.2,0.0,0.0,0.0,0.0,282370,0.0
4922,4512.255,8690.51414,11444.64,20002.304,0.0,121408.33428,110922.75258,126.9,8.1,19.2,0.0,0.0,0.0,0.0,277135,0.0
4923,4512.255,8690.51414,11444.64,20002.304,0.0,120822.386036,108859.700824,126.9,8.1,19.2,0.0,0.0,0.0,0.0,274486,0.0
4924,4512.255,8690.51414,11444.64,20002.304,0.0,117698.686223,110430.400637,126.9,8.1,19.2,0.0,0.0,0.0,0.0,272933,0.0
4925,4512.255,8690.51414,11444.64,20002.304,0.0,113628.055633,113105.031227,126.9,8.1,19.2,0.0,0.0,0.0,0.0,271537,0.0
4926,4512.255,8690.51414,11444.64,20002.304,0.0,109496.080293,117294.006567,126.9,8.1,19.2,0.0,0.0,0.0,0.0,271594,0.0
4927,4512.255,8690.51414,11444.64,20002.304,112.458692272,105198.464903,122250.163265,126.9,8.1,19.2,0.0,0.0,0.0,0.0,272365,0.0
4928,4512.255,8690.51414,11444.64,20002.304,4437.61206824,98235.9654721,126511.60932,253.8,8.1,19.2,0.0,0.0,0.0,0.0,274116,0.0
4929,4512.255,8690.51414,11444.64,20002.304,11061.0484405,100412.764807,120380.273612,126.9,8.1,19.2,0.0,0.0,0.0,0.0,276658,0.0
4930,4512.255,8690.51414,11444.64,20002.304,18056.6584084,106009.667158,110639.761294,126.9,8.1,19.2,0.0,0.0,0.0,0.0,279510,0.0
4931,4512.255,8690.51414,11444.64,20002.304,22984.6911481,109825.087609,103807.308102,126.9,8.1,19.2,0.0,0.0,0.0,0.0,281421,0.0
4932,4512.255,8690.51414,11444.64,20002.304,28209.8271764,111537.862702,98895.496982,126.9,0.0,19.2,0.0,0.0,0.0,0.0,283439,0.0
4933,4512.255,8690.51414,11444.64,20002.304,28856.5991861,112341.4654,98735.122274,126.9,0.0,19.2,0.0,0.0,0.0,0.0,284729,0.0
4934,4512.255,8690.51414,11444.64,20002.304,26638.0094051,112180.74002,100439.337435,126.9,8.1,19.2,0.0,0.0,0.0,0.0,284062,0.0
4935,4512.255,8690.51414,11444.64,20002.304,26063.462187,111880.319641,100125.305032,126.9,8.1,19.2,0.0,0.0,0.0,0.0,282873,0.0
4936,4512.255,8690.51414,11444.64,20002.304,22452.2716182,112863.870408,101773.944833,126.9,8.1,19.2,0.0,0.0,0.0,0.0,281894,0.0
4937,4512.255,8690.51414,11444.64,20002.304,14394.7924113,112986.738405,110308.556044,126.9,8.1,19.2,0.0,0.0,0.0,0.0,282494,0.0
4938,4512.255,8690.51414,11444.64,20002.304,6968.64852382,110296.102112,124795.436224,253.8,8.1,19.2,0.0,0.0,0.0,0.0,286991,0.0
4939,13352.9528939,8690.51414,11444.64,20002.304,1522.65424346,105084.334756,132793.173,253.8,325.426966226,19.2,0.0,0.0,0.0,0.0,293489,0.0
4940,25896.8552616,8690.51414,11444.64,20002.304,0.0,100309.513598,132793.173,253.8,252.0,19.2,0.0,0.0,0.0,0.0,299662,0.0
4941,30715.8007268,8690.51414,11444.64,20002.304,0.0,100233.568133,132793.173,253.8,252.0,19.2,0.0,0.0,0.0,0.0,304405,0.0
4942,31268.2982799,8690.51414,11444.64,20002.304,0.0,100854.07058,132793.173,253.8,252.0,19.2,0.0,0.0,0.0,0.0,305578,0.0
4943,26264.671791,8690.51414,11444.64,20002.304,0.0,101711.697069,132793.173,253.8,252.0,19.2,0.0,0.0,0.0,0.0,301432,0.0
4944,19945.7194469,8690.51414,11444.64,20002.304,0.0,101878.649413,132793.173,253.8,252.0,19.2,0.0,0.0,0.0,0.0,295280,0.0
4945,4438.885,8661.642,11444.64,20180.896,0.0,101729.348168,142561.488832,253.8,8.1,19.2,0.0,0.0,0.0,0.0,289298,0.0
4946,4438.885,8661.642,11444.64,20180.896,0.0,101018.036841,138872.800159,253.8,8.1,19.2,0.0,0.0,0.0,0.0,284898,0.0
4947,4438.885,8661.642,11444.64,20180.896,0.0,99920.7097248,137622.127275,253.8,8.1,19.2,0.0,0.0,0.0,0.0,282550,0.0
4948,4438.885,8661.642,11444.64,20180.896,0.0,95821.4030987,140092.433901,253.8,8.1,19.2,0.0,0.0,0.0,0.0,280921,0.0
4949,4438.885,8661.642,11444.64,20180.896,0.0,90419.585731,144022.251269,253.8,8.1,19.2,0.0,0.0,0.0,0.0,279449,0.0
4950,4740.55646721,8661.642,11444.64,20180.896,0.0,84743.6925328,149209.173,253.8,176.4,19.2,0.0,0.0,0.0,0.0,279430,0.0
4951,12192.6762003,8661.642,11444.64,20180.896,121.598431423,78083.9743683,149209.173,253.8,176.4,19.2,0.0,0.0,0.0,0.0,280344,0.0
4952,16128.1615662,8661.642,11444.64,20180.896,4619.97179292,71505.1156408,149209.173,253.8,176.4,19.2,0.0,0.0,0.0,0.0,282199,0.0
4953,6516.21646131,8661.642,11444.64,20180.896,11197.9710302,76173.4615084,149209.173,253.8,252.0,19.2,0.0,0.0,0.0,0.0,283909,0.0
4954,4438.885,8661.642,11444.64,20180.896,18014.0179323,80948.3313661,142327.487702,253.8,8.1,19.2,0.0,0.0,0.0,0.0,286297,0.0
4955,4438.885,8661.642,11444.64,20180.896,22203.0913682,82438.4795332,139273.266099,253.8,8.1,19.2,0.0,0.0,0.0,0.0,288922,0.0
4956,4438.885,8661.642,11444.64,20180.896,25108.9012576,83791.9854826,136610.95026,253.8,8.1,19.2,0.0,0.0,0.0,0.0,290519,0.0
4957,4438.885,8661.642,11444.64,20180.896,27090.2018673,85727.4628995,133320.072233,126.9,8.1,19.2,0.0,0.0,0.0,0.0,291018,0.0
4958,4438.885,8661.642,11444.64,20180.896,28435.355448,88371.1021613,130062.279391,126.9,8.1,19.2,0.0,0.0,0.0,0.0,291749,0.0
4959,4438.885,8661.642,11444.64,20180.896,25324.6003474,90313.2933397,130406.843313,126.9,8.1,19.2,0.0,0.0,0.0,0.0,290925,0.0
4960,4438.885,8661.642,11444.64,20180.896,21468.182579,93548.7101127,128775.844308,126.9,8.1,19.2,0.0,0.0,0.0,0.0,288673,0.0
4961,4438.885,8661.642,11444.64,20180.896,15323.9556417,94874.3708216,133175.410537,126.9,8.1,19.2,0.0,0.0,0.0,0.0,288254,0.0
4962,4438.885,8661.642,11444.64,20180.896,7139.91720716,91843.740476,147143.179317,253.8,8.1,19.2,0.0,0.0,0.0,0.0,291134,0.0
4963,18614.0995819,8661.642,11444.64,20180.896,1019.42315531,85122.5539634,149209.173,253.8,184.572299371,19.2,0.0,0.0,0.0,0.0,294710,0.0
4964,27136.1394506,8661.642,11444.64,20180.896,0.0,81789.5095494,149209.173,253.8,252.0,19.2,0.0,0.0,0.0,0.0,298947,0.0
4965,28558.3233352,8661.642,11444.64,20180.896,0.0,84633.3256648,149209.173,253.8,252.0,19.2,0.0,0.0,0.0,0.0,303213,0.0
4966,25792.5831169,8661.642,11444.64,20180.896,0.0,88472.0658831,149209.173,253.8,252.0,19.2,0.0,0.0,0.0,0.0,304286,0.0
4967,18170.3832119,8661.642,11444.64,20180.896,0.0,92906.8657881,149209.173,253.8,176.4,19.2,0.0,0.0,0.0,0.0,301023,0.0
4968,8671.35900842,8661.642,11444.64,20180.896,0.0,97656.2899916,149209.173,253.8,252.0,19.2,0.0,0.0,0.0,0.0,296349,0.0
4969,35370.9498696,8719.38628,11444.64,20247.868,0.0,101522.88285,113101.173,253.8,8.1,19.2,0.0,0.0,0.0,0.0,290688,0.0
4970,28831.4020062,8719.38628,11444.64,20247.868,0.0,103118.430714,113101.173,253.8,8.1,19.2,0.0,0.0,0.0,0.0,285744,0.0
4971,25671.3349781,8719.38628,11444.64,20247.868,0.0,102886.497742,113101.173,253.8,8.1,19.2,0.0,0.0,0.0,0.0,282352,0.0
4972,22479.3522669,8719.38628,11444.64,20247.868,0.0,103862.480453,113101.173,253.8,8.1,19.2,0.0,0.0,0.0,0.0,280136,0.0
4973,19254.3250948,8719.38628,11444.64,20247.868,0.0,104740.507625,113101.173,253.8,8.1,19.2,0.0,0.0,0.0,0.0,277789,0.0
4974,18388.1409197,8719.38628,11444.64,20247.868,0.0,104587.6918,113101.173,253.8,8.1,19.2,0.0,0.0,0.0,0.0,276770,0.0
4975,18096.2855969,8719.38628,11444.64,20247.868,120.483381888,104336.063741,113101.173,253.8,8.1,19.2,0.0,0.0,0.0,0.0,276347,0.0
4976,14300.8272227,8719.38628,11444.64,20247.868,4620.79749548,104040.531133,113101.173,253.8,76.7768683978,19.2,0.0,0.0,0.0,0.0,276825,0.0
4977,4769.05,8719.38628,11444.64,20247.868,11367.5981056,111432.715804,107918.541811,126.9,8.1,19.2,0.0,0.0,0.0,0.0,276054,0.0
4978,4769.05,8719.38628,11444.64,20247.868,17556.8474702,114693.031434,98853.9768155,126.9,8.1,19.2,0.0,0.0,0.0,0.0,276439,0.0
4979,4769.05,8719.38628,11444.64,20247.868,23005.1675127,113703.050603,94745.6376041,126.9,8.1,19.2,0.0,0.0,0.0,0.0,276789,0.0
4980,4769.05,8719.38628,11444.64,20247.868,25811.3772504,112883.429796,90777.0486731,126.9,8.1,19.2,0.0,0.0,0.0,0.0,274807,0.0
4981,4769.05,8719.38628,11444.64,20247.868,28307.4150641,112871.397965,86041.0426905,126.9,8.1,19.2,0.0,0.0,0.0,0.0,272555,0.0
4982,4769.05,8719.38628,11444.64,20247.868,28011.6145253,113688.211988,84598.1292066,126.9,0.0,19.2,0.0,0.0,0.0,0.0,271625,0.0
4983,4769.05,8719.38628,11444.64,20247.868,26379.8966681,113349.442428,84589.6166239,126.9,0.0,19.2,0.0,0.0,0.0,0.0,269646,0.0
4984,4769.05,8719.38628,11444.64,20247.868,20948.2788525,115056.383554,85705.193314,126.9,8.1,19.2,0.0,0.0,0.0,0.0,267045,0.0
4985,4769.05,8719.38628,11444.64,20247.868,14693.3583672,115920.597005,91592.9003481,126.9,8.1,19.2,0.0,0.0,0.0,0.0,267542,0.0
4986,4769.05,8719.38628,11444.64,20247.868,6903.36197423,112736.680337,104658.813409,126.9,8.1,19.2,0.0,0.0,0.0,0.0,269634,0.0
4987,8085.39647045,8719.38628,11444.64,20247.868,1199.30584546,108586.130404,113101.173,253.8,8.1,19.2,0.0,0.0,0.0,0.0,271665,0.0
4988,13956.124114,8719.38628,11444.64,20247.868,0.0,106961.708606,113101.173,253.8,8.1,19.2,0.0,0.0,0.0,0.0,274712,0.0
4989,18226.9063594,8719.38628,11444.64,20247.868,0.0,107545.926361,113101.173,253.8,8.1,19.2,0.0,0.0,0.0,0.0,279567,0.0
4990,17217.8729529,8719.38628,11444.64,20247.868,0.0,109849.959767,113101.173,253.8,8.1,19.2,0.0,0.0,0.0,0.0,280862,0.0
4991,13361.2794774,8719.38628,11444.64,20247.868,0.0,112316.553243,113101.173,253.8,8.1,19.2,0.0,0.0,0.0,0.0,279472,0.0
4992,8489.3417709,8719.38628,11444.64,20247.868,0.0,115371.490949,113101.173,253.8,8.1,19.2,0.0,0.0,0.0,0.0,277655,0.0
4993,11316.4446797,8777.13056,11444.64,20270.192,0.0,118006.50976,105145.983,253.8,8.1,19.2,0.0,0.0,0.0,0.0,275242,0.0
4994,7051.98871712,8777.13056,11444.64,20270.192,0.0,118990.965723,105145.983,253.8,8.1,19.2,0.0,0.0,0.0,0.0,271962,0.0
4995,5172.585,8777.13056,11444.64,20270.192,0.0,118987.457043,105141.795397,126.9,8.1,19.2,0.0,0.0,0.0,0.0,269948,0.0
4996,5172.585,8777.13056,11444.64,20270.192,0.0,118561.89358,104175.35886,126.9,8.1,19.2,0.0,0.0,0.0,0.0,268556,0.0
4997,5317.049602,8777.13056,11444.64,20270.192,0.0,117049.904838,105145.983,253.8,8.1,19.2,0.0,0.0,0.0,0.0,268286,0.0
4998,8509.97268301,8777.13056,11444.64,20270.192,0.0,114974.730021,105331.234736,253.8,8.1,19.2,0.0,0.0,0.0,0.0,269589,0.0
4999,11576.3761047,8777.13056,11444.64,20270.192,90.200527061,112881.387808,105344.973,253.8,8.1,19.2,0.0,0.0,0.0,0.0,270666,0.0
5000,12561.9132448,8777.13056,11444.64,20270.192,4420.0175674,110363.233628,105166.773,253.8,8.1,19.2,0.0,0.0,0.0,0.0,273285,0.0
5001,8918.04390274,8777.13056,11444.64,20270.192,9425.5773128,112162.543224,105166.773,253.8,8.1,19.2,0.0,0.0,0.0,0.0,276446,0.0
5002,5172.585,8777.13056,11444.64,20270.192,15891.187438,114541.567201,102974.497801,126.9,8.1,19.2,0.0,0.0,0.0,0.0,279226,0.0
5003,5172.585,8777.13056,11444.64,20270.192,18747.9588427,116039.732323,99783.5612748,126.9,8.1,19.2,0.0,0.0,0.0,0.0,280390,0.0
5004,5172.585,8777.13056,11444.64,20270.192,22548.9719528,117144.440297,95103.8401905,126.9,8.1,19.2,0.0,0.0,0.0,0.0,280616,0.0
5005,5172.585,8777.13056,11444.64,20270.192,24382.9893553,118451.84011,91542.4229745,126.9,8.1,19.2,0.0,0.0,0.0,0.0,280196,0.0
5006,5172.585,8777.13056,11444.64,20270.192,23804.6644297,119293.450991,90636.1370195,126.9,8.1,19.2,0.0,0.0,0.0,0.0,279553,0.0
5007,5172.585,8777.13056,11444.64,20270.192,22125.0773539,119002.564657,91792.6104295,126.9,8.1,19.2,0.0,0.0,0.0,0.0,278739,0.0
5008,5172.585,8777.13056,11444.64,20270.192,18075.9054104,118252.988349,95808.3586807,126.9,8.1,19.2,0.0,0.0,0.0,0.0,277956,0.0
5009,5172.585,8777.13056,11444.64,20270.192,12758.8149673,116897.209812,104558.22766,126.9,8.1,19.2,0.0,0.0,0.0,0.0,280033,0.0
5010,16971.4098217,8777.13056,11444.64,20270.192,6719.70835792,115125.04626,105166.773,253.8,8.1,19.2,0.0,0.0,0.0,0.0,284756,0.0
5011,30259.0591489,8777.13056,11444.64,20270.192,1123.4716704,112669.633621,105166.773,253.8,8.1,19.2,0.0,0.0,0.0,0.0,289992,0.0
5012,36685.0,8777.13056,11444.64,20270.192,0.0,111619.205936,105340.731504,253.8,8.1,19.2,0.0,0.0,0.0,0.0,294418,0.0
5013,36685.0,8777.13056,11444.64,20270.192,0.0,112965.282828,107305.173,253.8,87.5816122293,19.2,0.0,0.0,0.0,0.0,297808,0.0
5014,33466.2385916,8777.13056,11444.64,20270.192,0.0,117606.925848,105166.773,253.8,8.1,19.2,0.0,0.0,0.0,0.0,297013,0.0
5015,23714.40671,8777.13056,11444.64,20270.192,0.0,121364.75773,105166.773,253.8,8.1,19.2,0.0,0.0,0.0,0.0,291019,0.0
5016,14661.2858936,8777.13056,11444.64,20270.192,0.0,123509.878546,105166.773,253.8,8.1,19.2,0.0,0.0,0.0,0.0,284111,0.0
5017,6624.97157866,8676.07807,11444.64,20314.84,0.0,125325.197351,105190.173,253.8,8.1,19.2,0.0,0.0,0.0,0.0,277857,0.0
5018,5796.23,8676.07807,11444.64,20314.84,0.0,126185.480325,100285.531605,126.9,8.1,19.2,0.0,0.0,0.0,0.0,272857,0.0
5019,5796.23,8676.07807,11444.64,20314.84,0.0,126144.37556,96944.6363695,126.9,8.1,19.2,0.0,0.0,0.0,0.0,269475,0.0
5020,5796.23,8676.07807,11444.64,20314.84,0.0,123385.129061,98022.8828693,126.9,8.1,19.2,0.0,0.0,0.0,0.0,267794,0.0
5021,5796.23,8676.07807,11444.64,20314.84,0.0,118902.288831,102619.723099,126.9,8.1,19.2,0.0,0.0,0.0,0.0,267908,0.0
5022,10200.7103781,8676.07807,11444.64,20314.84,0.0,113956.458552,105190.173,253.8,8.1,19.2,0.0,0.0,0.0,0.0,270064,0.0
5023,17386.8999555,8676.07807,11444.64,20314.84,81.5849102106,109256.684064,105190.173,253.8,8.1,19.2,0.0,0.0,0.0,0.0,272632,0.0
5024,21096.2328285,8676.07807,11444.64,20314.84,4640.08062932,104714.855472,105190.173,253.8,8.1,19.2,0.0,0.0,0.0,0.0,276358,0.0
5025,14695.9340723,8676.07807,11444.64,20314.84,11613.9360606,106759.628663,105241.843134,253.8,8.1,19.2,0.0,0.0,0.0,0.0,279028,0.0
5026,6864.58733084,8676.07807,11444.64,20314.84,17566.4495119,109986.132087,105244.173,253.8,8.1,19.2,0.0,0.0,0.0,0.0,280378,0.0
5027,5796.23,8676.07807,11444.64,20314.84,21484.7352634,111468.598598,100090.678068,126.9,8.1,19.2,0.0,0.0,0.0,0.0,279430,0.0
5028,5796.23,8676.07807,11444.64,20314.84,24799.688685,112928.625038,93722.6982073,126.9,8.1,19.2,0.0,0.0,0.0,0.0,277837,0.0
5029,5796.23,8676.07807,11444.64,20314.84,24540.7511671,114692.732636,89424.5281269,126.9,8.1,19.2,0.0,0.0,0.0,0.0,275044,0.0
5030,5796.23,8676.07807,11444.64,20314.84,24571.4337307,115964.592253,86381.9859464,126.9,8.1,19.2,0.0,0.0,0.0,0.0,273304,0.0
5031,5796.23,8676.07807,11444.64,20314.84,20347.4301131,117121.23463,87858.3471873,126.9,8.1,19.2,0.0,0.0,0.0,0.0,271713,0.0
5032,5796.23,8676.07807,11444.64,20314.84,14906.9168001,119837.031078,89114.0640517,126.9,8.1,19.2,0.0,0.0,0.0,0.0,270244,0.0
5033,5796.23,8676.07807,11444.64,20314.84,10363.1317938,121979.660409,92058.2197274,126.9,8.1,19.2,0.0,0.0,0.0,0.0,270787,0.0
5034,5796.23,8676.07807,11444.64,20314.84,5463.62121904,121578.955503,102760.435208,126.9,8.1,19.2,0.0,0.0,0.0,0.0,276189,0.0
5035,15933.0388093,8676.07807,11444.64,20314.84,727.506749479,119663.623371,105244.173,253.8,8.1,19.2,0.0,0.0,0.0,0.0,282285,0.0
5036,24541.056336,8676.07807,11444.64,20314.84,0.0,117529.112594,105244.173,253.8,8.1,19.2,0.0,0.0,0.0,0.0,288031,0.0
5037,31686.4544307,8676.07807,11444.64,20314.84,0.0,115851.714499,105244.173,253.8,8.1,19.2,0.0,0.0,0.0,0.0,293499,0.0
5038,35823.1584873,8676.07807,11444.64,20314.84,0.0,113277.010443,105244.173,253.8,8.1,19.2,0.0,0.0,0.0,0.0,295061,0.0
5039,31622.5004923,8676.07807,11444.64,20314.84,0.0,111950.668438,105244.173,253.8,8.1,19.2,0.0,0.0,0.0,0.0,289534,0.0
5040,23389.7344005,8676.07807,11444.64,20314.84,0.0,112982.43453,105244.173,253.8,8.1,19.2,0.0,0.0,0.0,0.0,282333,0.0
5041,6309.82,8603.89772,11444.64,20381.812,0.0,116571.12498,111925.6053,253.8,8.1,19.2,0.0,0.0,0.0,0.0,275518,0.0
5042,6309.82,8603.89772,11444.64,20381.812,0.0,118632.230177,104525.400103,126.9,8.1,19.2,0.0,0.0,0.0,0.0,270052,0.0
5043,6309.82,8603.89772,11444.64,20381.812,0.0,119285.913534,100143.716746,126.9,8.1,19.2,0.0,0.0,0.0,0.0,266324,0.0
5044,6309.82,8603.89772,11444.64,20381.812,0.0,117828.986777,100891.643503,126.9,8.1,19.2,0.0,0.0,0.0,0.0,265615,0.0
5045,6309.82,8603.89772,11444.64,20381.812,0.0,114509.405086,105403.225194,126.9,8.1,19.2,0.0,0.0,0.0,0.0,266807,0.0
5046,6309.82,8603.89772,11444.64,20381.812,0.0,110318.868082,111735.862198,253.8,8.1,19.2,0.0,0.0,0.0,0.0,269076,0.0
5047,8507.86546578,8603.89772,11444.64,20381.812,112.444628443,106004.767186,116161.173,253.8,176.4,19.2,0.0,0.0,0.0,0.0,271666,0.0
5048,12503.2970673,8603.89772,11444.64,20381.812,4457.18086024,100998.599352,116161.173,253.8,176.4,19.2,0.0,0.0,0.0,0.0,275000,0.0
5049,9729.97481662,8603.89772,11444.64,20381.812,10283.0626918,100434.469983,116161.173,253.8,98.9697886877,19.2,0.0,0.0,0.0,0.0,277411,0.0
5050,6309.82,8603.89772,11444.64,20381.812,15466.8797587,102947.766191,113696.08433,253.8,8.1,19.2,0.0,0.0,0.0,0.0,279132,0.0
5051,6309.82,8603.89772,11444.64,20381.812,20577.7568918,105375.455789,106672.417599,126.9,8.1,19.2,0.0,0.0,0.0,0.0,279520,0.0
5052,6309.82,8603.89772,11444.64,20381.812,24087.3252739,106248.824288,102083.480718,126.9,8.1,19.2,0.0,0.0,0.0,0.0,279314,0.0
5053,6309.82,8603.89772,11444.64,20381.812,25250.5912419,107153.437108,99510.6019301,126.9,8.1,19.2,0.0,0.0,0.0,0.0,278809,0.0
5054,6309.82,8603.89772,11444.64,20381.812,25161.5617051,106913.021085,98827.0474901,126.9,8.1,19.2,0.0,0.0,0.0,0.0,277796,0.0
5055,6309.82,8603.89772,11444.64,20381.812,23973.3904841,105771.078824,99883.160972,126.9,8.1,19.2,0.0,0.0,0.0,0.0,276522,0.0
5056,6309.82,8603.89772,11444.64,20381.812,18031.3791428,107503.822602,103967.428536,126.9,8.1,19.2,0.0,0.0,0.0,0.0,276397,0.0
5057,6309.82,8603.89772,11444.64,20381.812,12617.5290582,109162.642903,109288.458319,126.9,8.1,19.2,0.0,0.0,0.0,0.0,277963,0.0
5058,9069.81184931,8603.89772,11444.64,20381.812,6980.51303,110333.052401,116161.173,253.8,8.1,19.2,0.0,0.0,0.0,0.0,283256,0.0
5059,22202.4573744,8603.89772,11444.64,20381.812,1016.2806988,109790.639207,116161.173,253.8,8.1,19.2,0.0,0.0,0.0,0.0,289882,0.0
5060,29996.5386827,8603.89772,11444.64,20381.812,0.0,109058.838597,116161.173,253.8,8.1,19.2,0.0,0.0,0.0,0.0,295928,0.0
5061,34460.0213729,8603.89772,11444.64,20381.812,0.0,108603.055907,116161.173,253.8,176.4,19.2,0.0,0.0,0.0,0.0,300104,0.0
5062,36685.0,8603.89772,11444.64,20381.812,0.0,106746.13044,116161.173,253.8,460.34683955,19.2,0.0,0.0,0.0,0.0,300756,0.0
5063,32743.6488326,8603.89772,11444.64,20381.812,0.0,105644.728447,116161.173,253.8,8.1,19.2,0.0,0.0,0.0,0.0,295261,0.0
5064,25183.9436384,8603.89772,11444.64,20381.812,0.0,105558.433642,116161.173,253.8,8.1,19.2,0.0,0.0,0.0,0.0,287615,0.0
5065,11548.8092154,8560.58951,11444.64,20448.784,0.0,105814.604275,122101.173,253.8,176.4,19.2,0.0,0.0,0.0,0.0,280368,0.0
5066,6456.56,8560.58951,11444.64,20448.784,0.0,106482.826648,121402.499842,253.8,8.1,19.2,0.0,0.0,0.0,0.0,275077,0.0
5067,6456.56,8560.58951,11444.64,20448.784,0.0,107017.192488,117268.134002,253.8,8.1,19.2,0.0,0.0,0.0,0.0,271477,0.0
5068,6456.56,8560.58951,11444.64,20448.784,0.0,106923.450625,116531.875865,253.8,8.1,19.2,0.0,0.0,0.0,0.0,270647,0.0
5069,6456.56,8560.58951,11444.64,20448.784,0.0,106629.863606,118410.462884,253.8,8.1,19.2,0.0,0.0,0.0,0.0,272232,0.0
5070,6456.56,8560.58951,11444.64,20448.784,0.0,106076.279576,121841.046914,253.8,8.1,19.2,0.0,0.0,0.0,0.0,275109,0.0
5071,9584.32686596,8560.58951,11444.64,20448.784,68.4065231467,105355.980101,122101.173,253.8,8.1,19.2,0.0,0.0,0.0,0.0,277845,0.0
5072,10714.9188876,8560.58951,11444.64,20448.784,4720.26920181,102876.225401,122101.173,253.8,176.4,19.2,0.0,0.0,0.0,0.0,281316,0.0
5073,6456.56,8560.58951,11444.64,20448.784,10895.7350798,103518.196325,121872.395086,253.8,8.1,19.2,0.0,0.0,0.0,0.0,283478,0.0
5074,6456.56,8560.58951,11444.64,20448.784,16238.0013463,106026.926959,115038.298185,126.9,8.1,19.2,0.0,0.0,0.0,0.0,284368,0.0
5075,6456.56,8560.58951,11444.64,20448.784,20804.9993701,105986.672089,111644.555031,126.9,8.1,19.2,0.0,0.0,0.0,0.0,285501,0.0
5076,6456.56,8560.58951,11444.64,20448.784,24938.9436896,105462.425791,108123.857009,126.9,8.1,19.2,0.0,0.0,0.0,0.0,285590,0.0
5077,6456.56,8560.58951,11444.64,20448.784,25294.31012,105113.068892,107472.847478,126.9,8.1,19.2,0.0,0.0,0.0,0.0,284945,0.0
5078,6456.56,8560.58951,11444.64,20448.784,25733.3924286,105623.463169,105181.370892,126.9,8.1,19.2,0.0,0.0,0.0,0.0,283603,0.0
5079,6456.56,8560.58951,11444.64,20448.784,22607.942531,106266.609986,105783.673973,126.9,8.1,19.2,0.0,0.0,0.0,0.0,281723,0.0
5080,6456.56,8560.58951,11444.64,20448.784,15738.6151547,107843.829255,108844.782081,126.9,8.1,19.2,0.0,0.0,0.0,0.0,279492,0.0
5081,6456.56,8560.58951,11444.64,20448.784,11283.6123948,108715.279565,113731.334531,126.9,8.1,19.2,0.0,0.0,0.0,0.0,280795,0.0
5082,7787.48724424,8560.58951,11444.64,20448.784,7018.14893724,108336.128636,122101.173,253.8,143.048672911,19.2,0.0,0.0,0.0,0.0,286113,0.0
5083,21460.6642855,8560.58951,11444.64,20448.784,727.525213231,107086.523991,122101.173,253.8,8.1,19.2,0.0,0.0,0.0,0.0,292111,0.0
5084,28258.7329211,8560.58951,11444.64,20448.784,0.0,107072.980569,122101.173,253.8,8.1,19.2,0.0,0.0,0.0,0.0,298168,0.0
5085,33830.8328104,8560.58951,11444.64,20448.784,0.0,107175.88068,122101.173,253.8,8.1,19.2,0.0,0.0,0.0,0.0,303843,0.0
5086,36685.0,8560.58951,11444.64,20448.784,0.0,106505.570818,122101.173,253.8,312.242671989,19.2,0.0,0.0,0.0,0.0,306331,0.0
5087,33105.8559951,8560.58951,11444.64,20448.784,0.0,105915.857495,122101.173,253.8,8.1,19.2,0.0,0.0,0.0,0.0,301858,0.0
5088,26051.5708747,8560.58951,11444.64,20448.784,0.0,105982.142615,122101.173,253.8,8.1,19.2,0.0,0.0,0.0,0.0,294870,0.0
5089,14679.1753834,8690.51414,11444.64,20448.784,0.0,106023.813477,126080.973,253.8,8.1,19.2,0.0,0.0,0.0,0.0,287649,0.0
5090,9231.811213,8690.51414,11444.64,20448.784,0.0,105470.177647,126080.973,253.8,8.1,19.2,0.0,0.0,0.0,0.0,281648,0.0
5091,6900.50251907,8690.51414,11444.64,20448.784,0.0,104877.486341,126080.973,253.8,8.1,19.2,0.0,0.0,0.0,0.0,278724,0.0
5092,6493.245,8690.51414,11444.64,20448.784,0.0,105520.397459,125551.319401,253.8,8.1,19.2,0.0,0.0,0.0,0.0,278430,0.0
5093,6493.245,8690.51414,11444.64,20448.784,0.0,106332.817707,124492.899153,253.8,8.1,19.2,0.0,0.0,0.0,0.0,278184,0.0
5094,6493.245,8690.51414,11444.64,20448.784,0.0,107061.186836,124011.530024,253.8,8.1,19.2,0.0,0.0,0.0,0.0,278431,0.0
5095,6493.245,8690.51414,11444.64,20448.784,52.4901253709,107716.494984,124115.731751,253.8,8.1,19.2,0.0,0.0,0.0,0.0,279243,0.0
5096,6493.245,8690.51414,11444.64,20448.784,4611.78128169,107816.537111,120438.398467,253.8,8.1,19.2,0.0,0.0,0.0,0.0,280225,0.0
5097,6493.245,8690.51414,11444.64,20448.784,11543.9681247,110732.656512,111640.992223,126.9,8.1,19.2,0.0,0.0,0.0,0.0,281149,0.0
5098,6493.245,8690.51414,11444.64,20448.784,17627.8106778,112704.490921,105382.315261,126.9,8.1,19.2,0.0,0.0,0.0,0.0,282946,0.0
5099,6493.245,8690.51414,11444.64,20448.784,22458.7124552,112607.051579,101962.852826,126.9,8.1,19.2,0.0,0.0,0.0,0.0,284260,0.0
5100,6493.245,8690.51414,11444.64,20448.784,25586.3190428,111590.5727,100385.725117,126.9,8.1,19.2,0.0,0.0,0.0,0.0,284794,0.0
5101,6493.245,8690.51414,11444.64,20448.784,28008.8022163,110137.000223,99254.8144203,126.9,8.1,19.2,0.0,0.0,0.0,0.0,284632,0.0
5102,6493.245,8690.51414,11444.64,20448.784,28929.5763679,108274.383189,99541.6573029,126.9,8.1,19.2,0.0,0.0,0.0,0.0,283977,0.0
5103,6493.245,8690.51414,11444.64,20448.784,25580.6690574,106291.679143,104276.26866,126.9,8.1,19.2,0.0,0.0,0.0,0.0,283380,0.0
5104,6493.245,8690.51414,11444.64,20448.784,20813.6545434,106177.611096,108193.351221,126.9,8.1,19.2,0.0,0.0,0.0,0.0,282416,0.0
5105,6493.245,8690.51414,11444.64,20448.784,14214.1102518,105360.726474,116393.780135,126.9,8.1,19.2,0.0,0.0,0.0,0.0,283200,0.0
5106,11056.8236366,8690.51414,11444.64,20448.784,7311.9102431,102408.25498,126080.973,253.8,8.1,19.2,0.0,0.0,0.0,0.0,287723,0.0
5107,24757.8436562,8690.51414,11444.64,20448.784,1116.81628745,99852.3289163,126080.973,253.8,8.1,19.2,0.0,0.0,0.0,0.0,292673,0.0
5108,30794.7136755,8690.51414,11444.64,20448.784,0.0,98478.2751845,126080.973,253.8,8.1,19.2,0.0,0.0,0.0,0.0,296219,0.0
5109,34767.4977365,8690.51414,11444.64,20448.784,0.0,97755.4911235,126080.973,253.8,8.1,19.2,0.0,0.0,0.0,0.0,299469,0.0
5110,35663.0575714,8690.51414,11444.64,20448.784,0.0,98075.9312886,126080.973,253.8,8.1,19.2,0.0,0.0,0.0,0.0,300685,0.0
5111,29335.6724433,8690.51414,11444.64,20448.784,0.0,100440.925546,126240.363871,253.8,8.1,19.2,0.0,0.0,0.0,0.0,296882,0.0
5112,21327.5112652,8690.51414,11444.64,20448.784,0.0,104047.277595,126259.173,253.8,8.1,19.2,0.0,0.0,0.0,0.0,292499,0.0
5113,18003.5931748,8791.56663,11444.64,20515.756,0.0,107400.171195,122380.173,253.8,8.1,19.2,0.0,0.0,0.0,0.0,288817,0.0
5114,13158.0843687,8791.56663,11444.64,20515.756,0.0,109267.680001,122380.173,253.8,8.1,19.2,0.0,0.0,0.0,0.0,285839,0.0
5115,10665.0231292,8791.56663,11444.64,20515.756,0.0,109522.741241,122380.173,253.8,8.1,19.2,0.0,0.0,0.0,0.0,283601,0.0
5116,10995.4603011,8791.56663,11444.64,20515.756,0.0,108049.03708,122358.439989,253.8,8.1,19.2,0.0,0.0,0.0,0.0,282436,0.0
5117,11653.966676,8791.56663,11444.64,20515.756,0.0,106963.797694,122380.173,253.8,8.1,19.2,0.0,0.0,0.0,0.0,282031,0.0
5118,13227.5026792,8791.56663,11444.64,20515.756,0.0,105340.261691,122380.173,253.8,8.1,19.2,0.0,0.0,0.0,0.0,281981,0.0
5119,15165.3669626,8791.56663,11444.64,20515.756,59.2278405093,103336.169567,122380.173,253.8,8.1,19.2,0.0,0.0,0.0,0.0,281974,0.0
5120,12874.5986009,8791.56663,11444.64,20515.756,4575.59011193,101102.575657,122380.173,253.8,8.1,19.2,0.0,0.0,0.0,0.0,281966,0.0
5121,6456.56,8791.56663,11444.64,20515.756,11114.9746003,103417.278002,120585.124767,253.8,8.1,19.2,0.0,0.0,0.0,0.0,282607,0.0
5122,6456.56,8791.56663,11444.64,20515.756,17376.3009041,105919.597273,111849.379193,126.9,8.1,19.2,0.0,0.0,0.0,0.0,282508,0.0
5123,6456.56,8791.56663,11444.64,20515.756,23630.2056835,106378.722644,104947.349042,126.9,8.1,19.2,0.0,0.0,0.0,0.0,282319,0.0
5124,6456.56,8791.56663,11444.64,20515.756,28039.4322599,106498.347259,100007.497851,126.9,8.1,19.2,0.0,0.0,0.0,0.0,281908,0.0
5125,6456.56,8791.56663,11444.64,20515.756,30443.9085015,106478.181975,97927.1868937,126.9,8.1,19.2,0.0,0.0,0.0,0.0,282212,0.0
5126,6456.56,8791.56663,11444.64,20515.756,29204.2398541,106229.437299,98363.6002168,126.9,8.1,19.2,0.0,0.0,0.0,0.0,281160,0.0
5127,6456.56,8791.56663,11444.64,20515.756,26889.9764824,106008.409765,99920.8911227,126.9,8.1,19.2,0.0,0.0,0.0,0.0,280182,0.0
5128,6456.56,8791.56663,11444.64,20515.756,21685.7768417,107289.475429,103160.025099,126.9,8.1,19.2,0.0,0.0,0.0,0.0,279498,0.0
5129,6456.56,8791.56663,11444.64,20515.756,13950.6602876,108158.049455,111652.567627,126.9,8.1,19.2,0.0,0.0,0.0,0.0,281124,0.0
5130,8129.70122782,8791.56663,11444.64,20515.756,7275.64823201,107467.41491,122380.173,253.8,8.1,19.2,0.0,0.0,0.0,0.0,286286,0.0
5131,21311.1526693,8791.56663,11444.64,20515.756,1153.47812989,105885.133571,122380.173,253.8,8.1,19.2,0.0,0.0,0.0,0.0,291763,0.0
5132,25565.6907796,8791.56663,11444.64,20515.756,0.0,107855.07359,122380.173,253.8,8.1,19.2,0.0,0.0,0.0,0.0,296834,0.0
5133,27157.4901108,8791.56663,11444.64,20515.756,0.0,110829.274259,122380.173,253.8,8.1,19.2,0.0,0.0,0.0,0.0,301400,0.0
5134,26859.4294063,8791.56663,11444.64,20515.756,0.0,112330.334964,122380.173,253.8,8.1,19.2,0.0,0.0,0.0,0.0,302603,0.0
5135,21902.9135948,8791.56663,11444.64,20515.756,0.0,114354.050775,122201.973,253.8,8.1,19.2,0.0,0.0,0.0,0.0,299492,0.0
5136,14641.025419,8791.56663,11444.64,20515.756,0.0,116523.738951,122380.173,253.8,8.1,19.2,0.0,0.0,0.0,0.0,294578,0.0
5137,29770.3104267,8820.43877,11444.64,20605.052,0.0,119518.285803,98325.873,253.8,176.4,19.2,0.0,0.0,0.0,0.0,288934,0.0
5138,22252.1946981,8820.43877,11444.64,20605.052,0.0,122080.401532,98325.873,253.8,176.4,19.2,0.0,0.0,0.0,0.0,283978,0.0
5139,17084.6448397,8820.43877,11444.64,20605.052,0.0,123868.95139,98325.873,253.8,176.4,19.2,0.0,0.0,0.0,0.0,280599,0.0
5140,15407.747689,8820.43877,11444.64,20605.052,0.0,123964.848541,98325.873,253.8,176.4,19.2,0.0,0.0,0.0,0.0,279018,0.0
5141,14897.2234544,8820.43877,11444.64,20605.052,0.0,123225.372776,98325.873,253.8,176.4,19.2,0.0,0.0,0.0,0.0,277768,0.0
5142,15377.9470287,8820.43877,11444.64,20605.052,0.0,121887.565736,98325.873,253.8,122.483465143,19.2,0.0,0.0,0.0,0.0,276857,0.0
5143,15345.2490029,8820.43877,11444.64,20605.052,72.1827412854,120656.464486,98325.873,253.8,8.1,19.2,0.0,0.0,0.0,0.0,275551,0.0
5144,11483.5654477,8820.43877,11444.64,20605.052,4792.41153462,118759.619248,98325.873,253.8,176.4,19.2,0.0,0.0,0.0,0.0,274681,0.0
5145,6383.19,8820.43877,11444.64,20605.052,12217.823522,120199.266904,93530.3888041,126.9,8.1,19.2,0.0,0.0,0.0,0.0,273355,0.0
5146,6383.19,8820.43877,11444.64,20605.052,19339.5789346,123478.964023,82109.936272,126.9,8.1,19.2,0.0,0.0,0.0,0.0,272336,0.0
5147,6383.19,8820.43877,11444.64,20605.052,24076.4820478,124833.244968,75600.7522138,126.9,8.1,19.2,0.0,0.0,0.0,0.0,271918,0.0
5148,6383.19,8820.43877,11444.64,20605.052,27586.6703665,124446.093085,71372.0157782,126.9,0.0,0.0,0.0,0.0,0.0,0.0,270785,0.0
5149,6383.19,8820.43877,11444.64,20605.052,29506.1422883,123365.246875,69243.3900672,126.9,0.0,0.0,0.0,0.0,0.0,0.0,269495,0.0
5150,6383.19,8820.43877,11444.64,20605.052,27111.0057909,122132.124336,71443.6491033,126.9,0.0,0.0,0.0,0.0,0.0,0.0,268067,0.0
5151,6383.19,8820.43877,11444.64,20605.052,23852.5946615,121560.477509,74051.5070593,126.9,0.0,19.2,0.0,0.0,0.0,0.0,266864,0.0
5152,6383.19,8820.43877,11444.64,20605.052,20556.4400696,121602.17397,75778.86519,126.9,8.1,19.2,0.0,0.0,0.0,0.0,265345,0.0
5153,6383.19,8820.43877,11444.64,20605.052,14439.0328073,121322.549572,84176.8968511,126.9,8.1,19.2,0.0,0.0,0.0,0.0,267346,0.0
5154,6383.19,8820.43877,11444.64,20605.052,7600.06980364,120241.85706,97963.5523664,126.9,8.1,19.2,0.0,0.0,0.0,0.0,273213,0.0
5155,19523.4544226,8820.43877,11444.64,20605.052,911.764577369,119391.37723,98325.873,253.8,176.4,19.2,0.0,0.0,0.0,0.0,279472,0.0
5156,25283.9715668,8820.43877,11444.64,20605.052,0.0,120328.624663,98325.873,253.8,176.4,19.2,0.0,0.0,0.0,0.0,285258,0.0
5157,28755.3547682,8820.43877,11444.64,20605.052,0.0,122529.241462,98325.873,253.8,176.4,19.2,0.0,0.0,0.0,0.0,290930,0.0
5158,27483.5658001,8820.43877,11444.64,20605.052,0.0,125521.03043,98325.873,253.8,176.4,19.2,0.0,0.0,0.0,0.0,292650,0.0
5159,20131.0896394,8820.43877,11444.64,20605.052,0.0,129282.506591,98325.873,253.8,176.4,19.2,0.0,0.0,0.0,0.0,289059,0.0
5160,11502.4141156,8820.43877,11444.64,20605.052,0.0,132928.182114,98325.873,253.8,176.4,19.2,0.0,0.0,0.0,0.0,284076,0.0
5161,9415.89166641,8820.43877,11444.64,20627.376,0.0,135879.239616,92517.2139478,126.9,8.1,19.2,0.0,0.0,0.0,0.0,278859,0.0
5162,6566.615,8820.43877,11444.64,20627.376,0.0,137727.341633,88732.388597,126.9,8.1,19.2,0.0,0.0,0.0,0.0,274073,0.0
5163,6566.615,8820.43877,11444.64,20627.376,0.0,138559.933465,84599.7967647,126.9,8.1,19.2,0.0,0.0,0.0,0.0,270773,0.0
5164,6566.615,8820.43877,11444.64,20627.376,0.0,138727.464706,82607.265524,126.9,8.1,19.2,0.0,0.0,0.0,0.0,268948,0.0
5165,6566.615,8820.43877,11444.64,20627.376,0.0,138156.517375,82190.2128546,126.9,8.1,19.2,0.0,0.0,0.0,0.0,267960,0.0
5166,6566.615,8820.43877,11444.64,20627.376,0.0,136324.883064,84852.8471662,126.9,8.1,19.2,0.0,0.0,0.0,0.0,268791,0.0
5167,6566.615,8820.43877,11444.64,20627.376,73.1815270628,133430.720637,88765.8280662,126.9,8.1,19.2,0.0,0.0,0.0,0.0,269883,0.0
5168,6566.615,8820.43877,11444.64,20627.376,4680.67449691,130691.087925,88721.9678084,126.9,8.1,19.2,0.0,0.0,0.0,0.0,271707,0.0
5169,6566.615,8820.43877,11444.64,20627.376,11409.7813192,129764.776929,84630.1719818,126.9,8.1,19.2,0.0,0.0,0.0,0.0,273418,0.0
5170,6566.615,8820.43877,11444.64,20627.376,18374.7421787,128316.418823,81565.5692287,126.9,8.1,19.2,0.0,0.0,0.0,0.0,275870,0.0
5171,6566.615,8820.43877,11444.64,20627.376,23102.3146897,127038.433641,79541.9818995,126.9,8.1,19.2,0.0,0.0,0.0,0.0,277296,0.0
5172,6566.615,8820.43877,11444.64,20627.376,27583.672297,126009.671832,76588.3861013,126.9,8.1,19.2,0.0,0.0,0.0,0.0,277795,0.0
5173,6566.615,8820.43877,11444.64,20627.376,30012.7550758,124834.088264,74850.8868906,126.9,8.1,19.2,0.0,0.0,0.0,0.0,277311,0.0
5174,6566.615,8820.43877,11444.64,20627.376,28769.2029488,123504.471377,77222.055904,126.9,8.1,19.2,0.0,0.0,0.0,0.0,277109,0.0
5175,6566.615,8820.43877,11444.64,20627.376,25660.5558656,121993.49443,80659.6799349,126.9,8.1,19.2,0.0,0.0,0.0,0.0,275927,0.0
5176,6566.615,8820.43877,11444.64,20627.376,21745.3251449,122960.221394,82373.1836913,126.9,8.1,19.2,0.0,0.0,0.0,0.0,274692,0.0
5177,6566.615,8820.43877,11444.64,20627.376,15252.9839458,122941.648,90363.098284,126.9,8.1,19.2,0.0,0.0,0.0,0.0,276171,0.0
5178,18507.7331729,8820.43877,11444.64,20627.376,7561.93101684,122096.40804,92499.273,126.9,8.1,19.2,0.0,0.0,0.0,0.0,281712,0.0
5179,30165.7129577,8820.43877,11444.64,20627.376,1163.15561101,122110.203661,92499.273,126.9,8.1,19.2,0.0,0.0,0.0,0.0,286985,0.0
5180,34876.6215306,8820.43877,11444.64,20627.376,0.0,123343.450699,92499.273,126.9,8.1,19.2,0.0,0.0,0.0,0.0,291766,0.0
5181,36685.0,8820.43877,11444.64,20627.376,0.0,125104.042618,93639.3026124,126.9,8.1,19.2,0.0,0.0,0.0,0.0,296475,0.0
5182,36685.0,8820.43877,11444.64,20627.376,0.0,125254.472456,94289.373,253.8,736.911,27.9887736857,0.0,0.0,0.0,0.0,298140,0.0
5183,36249.5892393,8820.43877,11444.64,20627.376,0.0,124375.282991,92677.473,126.9,8.1,19.2,0.0,0.0,0.0,0.0,294349,0.0
5184,30479.2443331,8820.43877,11444.64,20627.376,0.0,124653.627897,92677.473,126.9,8.1,19.2,0.0,0.0,0.0,0.0,288857,0.0
5185,13962.2166257,8907.05519,11444.64,20783.644,0.0,126210.061184,101166.183,126.9,8.1,19.2,0.0,0.0,0.0,0.0,282628,0.0
5186,6493.245,8907.05519,11444.64,20783.644,0.0,128523.451637,100538.764173,126.9,8.1,19.2,0.0,0.0,0.0,0.0,276845,0.0
5187,6493.245,8907.05519,11444.64,20783.644,0.0,131090.849136,92787.3666745,126.9,8.1,19.2,0.0,0.0,0.0,0.0,271661,0.0
5188,6493.245,8907.05519,11444.64,20783.644,0.0,132146.793289,88411.4225211,126.9,8.1,19.2,0.0,0.0,0.0,0.0,268341,0.0
5189,6493.245,8907.05519,11444.64,20783.644,0.0,132430.657263,87298.5585467,126.9,8.1,19.2,0.0,0.0,0.0,0.0,267512,0.0
5190,6493.245,8907.05519,11444.64,20783.644,0.0,131131.300704,89610.9151062,126.9,8.1,19.2,0.0,0.0,0.0,0.0,268525,0.0
5191,6493.245,8907.05519,11444.64,20783.644,0.0,129091.571184,92991.644626,126.9,8.1,19.2,0.0,0.0,0.0,0.0,269866,0.0
5192,6493.245,8907.05519,11444.64,20783.644,4536.92278271,125869.688833,94137.604194,126.9,8.1,19.2,0.0,0.0,0.0,0.0,272327,0.0
5193,6493.245,8907.05519,11444.64,20783.644,10653.0554401,124933.062597,90864.0977732,126.9,8.1,19.2,0.0,0.0,0.0,0.0,274233,0.0
5194,6493.245,8907.05519,11444.64,20783.644,17035.1580567,125932.276775,84173.7809784,126.9,8.1,19.2,0.0,0.0,0.0,0.0,274924,0.0
5195,6493.245,8907.05519,11444.64,20783.644,22062.9327381,125362.400938,79852.8821336,126.9,8.1,19.2,0.0,0.0,0.0,0.0,275061,0.0
5196,6493.245,8907.05519,11444.64,20783.644,24799.4100223,123513.156228,79608.6495602,126.9,8.1,19.2,0.0,0.0,0.0,0.0,275704,0.0
5197,6493.245,8907.05519,11444.64,20783.644,25743.6437541,121434.705029,82012.8670264,126.9,8.1,19.2,0.0,0.0,0.0,0.0,276974,0.0
5198,6493.245,8907.05519,11444.64,20783.644,26639.276649,119321.111632,84956.8275285,126.9,8.1,19.2,0.0,0.0,0.0,0.0,278700,0.0
5199,6493.245,8907.05519,11444.64,20783.644,25809.8110132,117139.396026,89527.0087712,126.9,8.1,19.2,0.0,0.0,0.0,0.0,280259,0.0
5200,6493.245,8907.05519,11444.64,20783.644,19579.6878116,117440.151603,95803.3763951,126.9,8.1,19.2,0.0,0.0,0.0,0.0,280606,0.0
5201,6493.245,8907.05519,11444.64,20783.644,14257.6419993,118263.18419,101162.38962,126.9,8.1,19.2,0.0,0.0,0.0,0.0,281466,0.0
5202,18938.6192169,8907.05519,11444.64,20783.644,6654.86948489,116967.789108,101166.183,126.9,8.1,19.2,0.0,0.0,0.0,0.0,285017,0.0
5203,28450.646018,8907.05519,11444.64,20783.644,960.890938022,116278.740854,101166.183,126.9,8.1,19.2,0.0,0.0,0.0,0.0,288146,0.0
5204,31603.9597816,8907.05519,11444.64,20783.644,0.0,116807.090029,101095.411,126.9,8.1,19.2,0.0,0.0,0.0,0.0,290796,0.0
5205,35502.093907,8907.05519,11444.64,20783.644,0.0,116881.383903,100987.983,126.9,8.1,19.2,0.0,0.0,0.0,0.0,294661,0.0
5206,36685.0,8907.05519,11444.64,20783.644,0.0,115974.513096,101365.173,253.8,736.911,246.263714002,0.0,0.0,0.0,0.0,296397,0.0
5207,36419.6250594,8907.05519,11444.64,20783.644,0.0,114829.852751,100987.983,126.9,8.1,19.2,0.0,0.0,0.0,0.0,293527,0.0
5208,32676.5522915,8907.05519,11444.64,20783.644,0.0,113525.725519,101166.183,126.9,8.1,19.2,0.0,0.0,0.0,0.0,288658,0.0
5209,13544.5268543,8935.92733,11444.64,20738.996,0.0,112426.036816,116101.773,253.8,8.1,19.2,0.0,0.0,0.0,0.0,283473,0.0
5210,8885.41542787,8935.92733,11444.64,20738.996,0.0,111356.148242,116101.773,253.8,8.1,19.2,0.0,0.0,0.0,0.0,277744,0.0
5211,6529.93,8935.92733,11444.64,20738.996,0.0,110513.987065,116090.419605,253.8,8.1,19.2,0.0,0.0,0.0,0.0,274535,0.0
5212,6529.93,8935.92733,11444.64,20738.996,0.0,109496.066594,116010.340076,253.8,8.1,19.2,0.0,0.0,0.0,0.0,273437,0.0
5213,7293.15324035,8935.92733,11444.64,20738.996,0.0,109175.41043,116101.773,253.8,8.1,19.2,0.0,0.0,0.0,0.0,273971,0.0
5214,9606.6125866,8935.92733,11444.64,20738.996,0.0,108484.951083,116101.773,253.8,8.1,19.2,0.0,0.0,0.0,0.0,275594,0.0
5215,11507.290925,8935.92733,11444.64,20738.996,0.0,107816.172013,116203.873732,253.8,8.1,19.2,0.0,0.0,0.0,0.0,276928,0.0
5216,9907.39515957,8935.92733,11444.64,20738.996,4683.655289,106819.313221,116279.973,253.8,8.1,19.2,0.0,0.0,0.0,0.0,279091,0.0
5217,6529.93,8935.92733,11444.64,20738.996,11701.2006199,109102.430348,112314.775703,253.8,8.1,19.2,0.0,0.0,0.0,0.0,281049,0.0
5218,6529.93,8935.92733,11444.64,20738.996,17319.6613472,112642.344577,104593.300746,126.9,8.1,19.2,0.0,0.0,0.0,0.0,282359,0.0
5219,6529.93,8935.92733,11444.64,20738.996,22302.5363599,113883.219371,99560.5509387,126.9,8.1,19.2,0.0,0.0,0.0,0.0,283550,0.0
5220,6529.93,8935.92733,11444.64,20738.996,25065.3477565,114935.070048,96774.8888653,126.9,8.1,19.2,0.0,0.0,0.0,0.0,284579,0.0
5221,6529.93,8935.92733,11444.64,20738.996,24402.0198448,115955.992702,96366.2941231,126.9,8.1,19.2,0.0,0.0,0.0,0.0,284528,0.0
5222,6529.93,8935.92733,11444.64,20738.996,25560.0003461,115612.833267,95382.4730567,126.9,8.1,19.2,0.0,0.0,0.0,0.0,284359,0.0
5223,6529.93,8935.92733,11444.64,20738.996,23089.9032059,115119.128594,97426.2748699,126.9,8.1,19.2,0.0,0.0,0.0,0.0,283439,0.0
5224,6529.93,8935.92733,11444.64,20738.996,18053.3557923,115017.198278,100835.7526,126.9,8.1,19.2,0.0,0.0,0.0,0.0,281710,0.0
5225,6529.93,8935.92733,11444.64,20738.996,13992.1674507,113752.211222,105534.927998,126.9,8.1,19.2,0.0,0.0,0.0,0.0,281083,0.0
5226,11564.0899783,8935.92733,11444.64,20738.996,6496.40974152,109625.86395,116279.973,253.8,8.1,19.2,0.0,0.0,0.0,0.0,285367,0.0
5227,25264.9365867,8935.92733,11444.64,20738.996,995.969973547,105581.45711,116279.973,253.8,8.1,19.2,0.0,0.0,0.0,0.0,289523,0.0
5228,30936.0001436,8935.92733,11444.64,20738.996,0.0,105421.363526,116279.973,253.8,8.1,19.2,0.0,0.0,0.0,0.0,294038,0.0
5229,35468.1001804,8935.92733,11444.64,20738.996,0.0,106161.26349,116279.973,253.8,8.1,19.2,0.0,0.0,0.0,0.0,299310,0.0
5230,36685.0,8935.92733,11444.64,20738.996,0.0,106671.705367,117349.173,253.8,322.55830334,19.2,0.0,0.0,0.0,0.0,302421,0.0
5231,35317.0582062,8935.92733,11444.64,20738.996,0.0,106864.305464,116279.973,253.8,8.1,19.2,0.0,0.0,0.0,0.0,299862,0.0
5232,30321.8236111,8935.92733,11444.64,20738.996,0.0,107633.540059,116279.973,253.8,8.1,19.2,0.0,0.0,0.0,0.0,295636,0.0
5233,6676.67,8950.3634,11444.64,20895.264,0.0,109437.23743,132377.72517,253.8,8.1,19.2,0.0,0.0,0.0,0.0,290063,0.0
5234,6676.67,8950.3634,11444.64,20895.264,0.0,110997.368797,125306.593803,253.8,8.1,19.2,0.0,0.0,0.0,0.0,284552,0.0
5235,6676.67,8950.3634,11444.64,20895.264,0.0,112235.186909,120793.675691,126.9,8.1,19.2,0.0,0.0,0.0,0.0,281150,0.0
5236,6676.67,8950.3634,11444.64,20895.264,0.0,110158.5467,121217.3159,126.9,8.1,19.2,0.0,0.0,0.0,0.0,279497,0.0
5237,6676.67,8950.3634,11444.64,20895.264,0.0,106643.372029,124064.590571,253.8,8.1,19.2,0.0,0.0,0.0,0.0,278956,0.0
5238,6676.67,8950.3634,11444.64,20895.264,0.0,103671.935344,127172.027256,253.8,8.1,19.2,0.0,0.0,0.0,0.0,279092,0.0
5239,6776.3789032,8950.3634,11444.64,20895.264,0.0,99562.9810732,132390.272624,253.8,8.1,19.2,0.0,0.0,0.0,0.0,280301,0.0
5240,11253.7136413,8950.3634,11444.64,20895.264,4561.8504569,93515.6955018,132377.373,253.8,8.1,19.2,0.0,0.0,0.0,0.0,283280,0.0
5241,6676.67,8950.3634,11444.64,20895.264,12016.7071292,97689.3115025,127128.943968,253.8,8.1,19.2,0.0,0.0,0.0,0.0,285083,0.0
5242,6676.67,8950.3634,11444.64,20895.264,18367.012653,105429.642079,114682.207868,126.9,8.1,19.2,0.0,0.0,0.0,0.0,286600,0.0
5243,6676.67,8950.3634,11444.64,20895.264,23472.1481361,108214.426133,107613.288331,126.9,8.1,19.2,0.0,0.0,0.0,0.0,287421,0.0
5244,6676.67,8950.3634,11444.64,20895.264,26793.2008879,108486.671774,103698.989939,126.9,8.1,19.2,0.0,0.0,0.0,0.0,287100,0.0
5245,6676.67,8950.3634,11444.64,20895.264,27025.7511718,108147.223917,102389.887511,126.9,8.1,19.2,0.0,0.0,0.0,0.0,285684,0.0
5246,6676.67,8950.3634,11444.64,20895.264,25227.7501904,107466.338816,105582.773593,126.9,8.1,19.2,0.0,0.0,0.0,0.0,286398,0.0
5247,6676.67,8950.3634,11444.64,20895.264,23514.2598794,106474.158398,108592.444323,126.9,8.1,19.2,0.0,0.0,0.0,0.0,286702,0.0
5248,6676.67,8950.3634,11444.64,20895.264,19533.4212914,104186.190599,114437.250709,126.9,8.1,19.2,0.0,0.0,0.0,0.0,286278,0.0
5249,6676.67,8950.3634,11444.64,20895.264,9431.11833976,100107.163157,130304.681103,253.8,8.1,19.2,0.0,0.0,0.0,0.0,288091,0.0
5250,19234.6981427,8950.3634,11444.64,20895.264,5932.8910032,94414.6704541,132377.373,253.8,8.1,19.2,0.0,0.0,0.0,0.0,293531,0.0
5251,31259.9346891,8950.3634,11444.64,20895.264,881.814372427,91256.5105385,132377.373,253.8,8.1,19.2,0.0,0.0,0.0,0.0,297347,0.0
5252,35249.5675404,8950.3634,11444.64,20895.264,0.0,92038.6920596,132377.373,253.8,8.1,19.2,0.0,0.0,0.0,0.0,301237,0.0
5253,36685.0,8950.3634,11444.64,20895.264,0.0,93451.4291698,133892.20343,253.8,8.1,19.2,0.0,0.0,0.0,0.0,305600,0.0
5254,36685.0,8950.3634,11444.64,20895.264,0.0,93526.834838,133981.173,253.8,736.911,82.0137620246,0.0,0.0,0.0,0.0,306556,0.0
5255,34077.3127453,8950.3634,11444.64,20895.264,0.0,93750.9468547,132377.373,253.8,8.1,19.2,0.0,0.0,0.0,0.0,301777,0.0
5256,26758.977238,8950.3634,11444.64,20895.264,0.0,95129.282362,132377.373,253.8,8.1,19.2,0.0,0.0,0.0,0.0,295837,0.0
5257,13734.324769,8935.92733,11444.64,20984.56,0.0,96589.374901,136951.173,253.8,252.0,19.2,0.0,0.0,0.0,0.0,289165,0.0
5258,7656.72924709,8935.92733,11444.64,20984.56,0.0,96864.9704229,136951.173,253.8,252.0,19.2,0.0,0.0,0.0,0.0,283363,0.0
5259,6529.93,8935.92733,11444.64,20984.56,0.0,95904.8192209,136164.023449,253.8,8.1,19.2,0.0,0.0,0.0,0.0,280245,0.0
5260,6704.57356205,8935.92733,11444.64,20984.56,0.0,94915.7416848,136951.173,253.8,206.384423157,19.2,0.0,0.0,0.0,0.0,280416,0.0
5261,9789.6671598,8935.92733,11444.64,20984.56,0.0,93130.0325102,136951.173,253.8,252.0,19.2,0.0,0.0,0.0,0.0,281761,0.0
5262,14652.7488387,8935.92733,11444.64,20984.56,0.0,90698.9508313,136951.173,253.8,252.0,19.2,0.0,0.0,0.0,0.0,284193,0.0
5263,18530.1877926,8935.92733,11444.64,20984.56,0.0,88490.5118774,136951.173,253.8,252.0,19.2,0.0,0.0,0.0,0.0,285862,0.0
5264,20102.1666278,8935.92733,11444.64,20984.56,4492.66145525,84681.8715869,136951.173,253.8,252.0,19.2,0.0,0.0,0.0,0.0,288118,0.0
5265,10265.4723919,8935.92733,11444.64,20984.56,10993.0756456,88830.1516325,136951.173,253.8,252.0,19.2,0.0,0.0,0.0,0.0,288930,0.0
5266,6529.93,8935.92733,11444.64,20984.56,17574.055817,95914.5173654,127468.269488,253.8,8.1,19.2,0.0,0.0,0.0,0.0,289133,0.0
5267,6529.93,8935.92733,11444.64,20984.56,23680.808961,99246.6917845,118048.241925,126.9,8.1,19.2,0.0,0.0,0.0,0.0,289025,0.0
5268,6529.93,8935.92733,11444.64,20984.56,26031.7380465,100014.882086,114113.122538,126.9,8.1,19.2,0.0,0.0,0.0,0.0,288209,0.0
5269,6529.93,8935.92733,11444.64,20984.56,29107.364339,100031.047393,109250.330938,126.9,8.1,19.2,0.0,0.0,0.0,0.0,286438,0.0
5270,6529.93,8935.92733,11444.64,20984.56,28852.4739696,99896.7928618,108380.475839,126.9,8.1,19.2,0.0,0.0,0.0,0.0,285179,0.0
5271,6529.93,8935.92733,11444.64,20984.56,27450.5376862,98937.7675534,109292.43743,126.9,8.1,19.2,0.0,0.0,0.0,0.0,283730,0.0
5272,6529.93,8935.92733,11444.64,20984.56,21016.9162948,98632.6733005,114638.153075,126.9,8.1,19.2,0.0,0.0,0.0,0.0,282337,0.0
5273,6529.93,8935.92733,11444.64,20984.56,15155.5979361,96846.3853292,123382.759405,126.9,8.1,19.2,0.0,0.0,0.0,0.0,283434,0.0
5274,10111.0629,8935.92733,11444.64,20984.56,7053.60889949,92159.0278705,136951.173,253.8,252.0,19.2,0.0,0.0,0.0,0.0,288165,0.0
5275,24621.2306917,8935.92733,11444.64,20984.56,1078.6351485,88498.8338298,136951.173,253.8,252.0,19.2,0.0,0.0,0.0,0.0,293040,0.0
5276,31580.7048584,8935.92733,11444.64,20984.56,0.0,87506.5948116,136951.173,253.8,176.4,19.2,0.0,0.0,0.0,0.0,297853,0.0
5277,33852.7051459,8935.92733,11444.64,20984.56,0.0,89372.9945241,136951.173,253.8,252.0,19.2,0.0,0.0,0.0,0.0,302067,0.0
5278,32628.7225412,8935.92733,11444.64,20984.56,0.0,91083.5771288,136951.173,253.8,176.4,19.2,0.0,0.0,0.0,0.0,302478,0.0
5279,26884.9801786,8935.92733,11444.64,20984.56,0.0,92417.3194914,136951.173,253.8,176.4,19.2,0.0,0.0,0.0,0.0,298068,0.0
5280,18245.9861952,8935.92733,11444.64,20984.56,0.0,95039.7134748,136951.173,253.8,252.0,19.2,0.0,0.0,0.0,0.0,292127,0.0
5281,7840.17679831,8892.61912,11444.64,20917.588,0.0,97797.7030817,138733.173,253.8,8.1,19.2,0.0,0.0,0.0,0.0,285907,0.0
5282,6383.19,8892.61912,11444.64,20917.588,0.0,99708.1959418,132339.666938,253.8,8.1,19.2,0.0,0.0,0.0,0.0,279967,0.0
5283,6383.19,8892.61912,11444.64,20917.588,0.0,100488.305575,128013.557305,253.8,8.1,19.2,0.0,0.0,0.0,0.0,276421,0.0
5284,6383.19,8892.61912,11444.64,20917.588,0.0,96877.0884535,130855.774427,253.8,8.1,19.2,0.0,0.0,0.0,0.0,275652,0.0
5285,6383.19,8892.61912,11444.64,20917.588,0.0,91001.6782977,136474.184582,253.8,8.1,19.2,0.0,0.0,0.0,0.0,275395,0.0
5286,11240.5378055,8892.61912,11444.64,20917.588,0.0,84055.3420745,138733.173,253.8,8.1,19.2,0.0,0.0,0.0,0.0,275565,0.0
5287,18530.8330594,8892.61912,11444.64,20917.588,0.0,76084.0468206,138733.173,253.8,8.1,19.2,0.0,0.0,0.0,0.0,274884,0.0
5288,22540.3175167,8892.61912,11444.64,20917.588,4829.28744906,66747.7827827,138733.173,253.8,85.5921315288,19.2,0.0,0.0,0.0,0.0,274464,0.0
5289,15799.3060747,8892.61912,11444.64,20917.588,12114.3177237,65892.2560816,138733.173,253.8,8.1,19.2,0.0,0.0,0.0,0.0,274075,0.0
5290,6383.19,8892.61912,11444.64,20917.588,19891.8554159,74630.0677464,133130.939718,253.8,8.1,19.2,0.0,0.0,0.0,0.0,275572,0.0
5291,6383.19,8892.61912,11444.64,20917.588,25716.5079598,81635.7148301,122491.54009,126.9,8.1,19.2,0.0,0.0,0.0,0.0,277636,0.0
5292,6383.19,8892.61912,11444.64,20917.588,27557.3084766,87182.8893652,117565.565038,126.9,8.1,19.2,0.0,0.0,0.0,0.0,280098,0.0
5293,6383.19,8892.61912,11444.64,20917.588,30226.3692501,91880.5519651,112490.841665,126.9,8.1,19.2,0.0,0.0,0.0,0.0,282390,0.0
5294,6383.19,8892.61912,11444.64,20917.588,30938.6166246,95730.8402172,110141.306038,126.9,8.1,19.2,0.0,0.0,0.0,0.0,284603,0.0
5295,6383.19,8892.61912,11444.64,20917.588,25621.7536239,98036.2955154,113422.713741,126.9,8.1,19.2,0.0,0.0,0.0,0.0,284873,0.0
5296,6383.19,8892.61912,11444.64,20917.588,23394.2916432,99283.2909748,113418.180262,126.9,8.1,19.2,0.0,0.0,0.0,0.0,283888,0.0
5297,6383.19,8892.61912,11444.64,20917.588,17604.5908561,98705.1982852,119355.973739,126.9,8.1,19.2,0.0,0.0,0.0,0.0,283458,0.0
5298,6383.19,8892.61912,11444.64,20917.588,8481.87831135,93594.3986512,136334.585917,253.8,8.1,19.2,0.0,0.0,0.0,0.0,286330,0.0
5299,20605.0039206,8892.61912,11444.64,20917.588,1238.38887861,87756.4870808,138733.173,253.8,8.1,19.2,0.0,0.0,0.0,0.0,289869,0.0
5300,29495.3394353,8892.61912,11444.64,20917.588,0.0,84549.5404447,138733.173,253.8,8.1,19.2,0.0,0.0,0.0,0.0,294314,0.0
5301,32999.2837309,8892.61912,11444.64,20917.588,0.0,85334.5961491,138733.173,253.8,8.1,19.2,0.0,0.0,0.0,0.0,298603,0.0
5302,34850.9702765,8892.61912,11444.64,20917.588,0.0,84940.9096035,138733.173,253.8,8.1,19.2,0.0,0.0,0.0,0.0,300061,0.0
5303,32590.412357,8892.61912,11444.64,20917.588,0.0,83767.467523,138733.173,253.8,8.1,19.2,0.0,0.0,0.0,0.0,296627,0.0
5304,28656.9819251,8892.61912,11444.64,20917.588,0.0,83045.8979549,138733.173,253.8,8.1,19.2,0.0,0.0,0.0,0.0,291972,0.0
5305,26082.395423,8892.61912,11444.64,20872.94,0.0,82905.832457,136357.173,253.8,176.4,19.2,0.0,0.0,0.0,0.0,287005,0.0
5306,22116.2064453,8892.61912,11444.64,20872.94,0.0,82054.0214347,136357.173,253.8,176.4,19.2,0.0,0.0,0.0,0.0,282187,0.0
5307,20569.6961176,8892.61912,11444.64,20872.94,0.0,80931.5317624,136357.173,253.8,176.4,19.2,0.0,0.0,0.0,0.0,279518,0.0
5308,20328.3687533,8892.61912,11444.64,20872.94,0.0,79273.4278572,136357.173,253.8,89.8312694787,19.2,0.0,0.0,0.0,0.0,277532,0.0
5309,18774.3329427,8892.61912,11444.64,20872.94,0.0,78421.1949373,136357.173,253.8,8.1,19.2,0.0,0.0,0.0,0.0,275044,0.0
5310,18660.5407545,8892.61912,11444.64,20872.94,0.0,77130.9871255,136357.173,253.8,8.1,19.2,0.0,0.0,0.0,0.0,273640,0.0
5311,19135.5231205,8892.61912,11444.64,20872.94,0.0,75239.0047595,136357.173,253.8,8.1,19.2,0.0,0.0,0.0,0.0,272223,0.0
5312,17615.0552322,8892.61912,11444.64,20872.94,4574.42222271,70599.7504251,136357.173,253.8,176.4,19.2,0.0,0.0,0.0,0.0,270806,0.0
5313,6860.095,8892.61912,11444.64,20872.94,12603.7200032,72185.4117452,135915.474132,253.8,8.1,19.2,0.0,0.0,0.0,0.0,269056,0.0
5314,6860.095,8892.61912,11444.64,20872.94,20501.9602973,78966.8573128,120859.68827,126.9,8.1,19.2,0.0,0.0,0.0,0.0,268553,0.0
5315,6860.095,8892.61912,11444.64,20872.94,26454.0767973,81529.5211382,111212.907944,126.9,8.1,19.2,0.0,0.0,0.0,0.0,267421,0.0
5316,6860.095,8892.61912,11444.64,20872.94,29516.2378235,81307.7068082,106977.561248,126.9,8.1,19.2,0.0,0.0,0.0,0.0,266026,0.0
5317,6860.095,8892.61912,11444.64,20872.94,30458.2655176,81649.4539514,103660.786411,126.9,8.1,19.2,0.0,0.0,0.0,0.0,263993,0.0
5318,6860.095,8892.61912,11444.64,20872.94,29681.4736793,81368.9086579,102561.123543,126.9,8.1,19.2,0.0,0.0,0.0,0.0,261836,0.0
5319,6860.095,8892.61912,11444.64,20872.94,28960.8103303,80557.7746027,102262.920947,126.9,8.1,19.2,0.0,0.0,0.0,0.0,260006,0.0
5320,6860.095,8892.61912,11444.64,20872.94,22263.1475142,79986.6155733,106718.742792,126.9,8.1,19.2,0.0,0.0,0.0,0.0,257193,0.0
5321,6860.095,8892.61912,11444.64,20872.94,15909.8071312,79277.1872356,112506.511513,126.9,8.1,19.2,0.0,0.0,0.0,0.0,255918,0.0
5322,6860.095,8892.61912,11444.64,20872.94,7444.69983383,73275.156905,130073.749141,253.8,8.1,19.2,0.0,0.0,0.0,0.0,259145,0.0
5323,16470.375049,8892.61912,11444.64,20872.94,1269.63681177,68016.2160192,136357.173,253.8,176.4,19.2,0.0,0.0,0.0,0.0,263773,0.0
5324,21986.0858307,8892.61912,11444.64,20872.94,0.0,68168.1420493,136357.173,253.8,176.4,19.2,0.0,0.0,0.0,0.0,268171,0.0
5325,25566.8128794,8892.61912,11444.64,20872.94,0.0,70429.4150006,136357.173,253.8,176.4,19.2,0.0,0.0,0.0,0.0,274013,0.0
5326,26922.2840851,8892.61912,11444.64,20872.94,0.0,72787.9437949,136357.173,253.8,176.4,19.2,0.0,0.0,0.0,0.0,277727,0.0
5327,24925.8244554,8892.61912,11444.64,20872.94,0.0,73900.4034246,136357.173,253.8,176.4,19.2,0.0,0.0,0.0,0.0,276843,0.0
5328,20246.1823114,8892.61912,11444.64,20872.94,0.0,76128.0455686,136357.173,253.8,176.4,19.2,0.0,0.0,0.0,0.0,274391,0.0
5329,16876.408675,8935.92733,11444.64,20895.264,0.0,79808.186995,132199.173,253.8,176.4,19.2,0.0,0.0,0.0,0.0,270609,0.0
5330,9400.18365735,8935.92733,11444.64,20895.264,0.0,82756.4120127,132199.173,253.8,176.4,19.2,0.0,0.0,0.0,0.0,266081,0.0
5331,6933.465,8935.92733,11444.64,20895.264,0.0,83891.5738123,131488.029858,253.8,8.1,19.2,0.0,0.0,0.0,0.0,263870,0.0
5332,6933.465,8935.92733,11444.64,20895.264,0.0,82743.9575839,132199.173,253.8,141.573086087,19.2,0.0,0.0,0.0,0.0,263567,0.0
5333,9392.9894905,8935.92733,11444.64,20895.264,0.0,80666.6061795,132199.173,253.8,176.4,19.2,0.0,0.0,0.0,0.0,263984,0.0
5334,14223.0437975,8935.92733,11444.64,20895.264,0.0,78170.5518725,132199.173,253.8,176.4,19.2,0.0,0.0,0.0,0.0,266318,0.0
5335,18622.6445949,8935.92733,11444.64,20895.264,0.0,76255.630038,132199.173,253.8,66.721037169,19.2,0.0,0.0,0.0,0.0,268693,0.0
5336,20125.4166026,8935.92733,11444.64,20895.264,4777.2862958,72372.8927716,132199.173,253.8,176.4,19.2,0.0,0.0,0.0,0.0,271200,0.0
5337,13024.0631352,8935.92733,11444.64,20895.264,12340.4240899,73792.1084449,132199.173,253.8,176.4,19.2,0.0,0.0,0.0,0.0,273081,0.0
5338,6933.465,8935.92733,11444.64,20895.264,20324.2195243,79176.4414126,127756.942733,253.8,8.1,19.2,0.0,0.0,0.0,0.0,275748,0.0
5339,6933.465,8935.92733,11444.64,20895.264,25960.941133,81238.5368044,122283.025733,126.9,8.1,19.2,0.0,0.0,0.0,0.0,277846,0.0
5340,6933.465,8935.92733,11444.64,20895.264,30996.9665868,83152.3812452,116679.155838,126.9,8.1,19.2,0.0,0.0,0.0,0.0,279192,0.0
5341,6933.465,8935.92733,11444.64,20895.264,31958.294413,87440.7884884,112415.420769,126.9,8.1,19.2,0.0,0.0,0.0,0.0,280178,0.0
5342,6933.465,8935.92733,11444.64,20895.264,30545.1352885,92195.9992587,110506.369123,126.9,8.1,19.2,0.0,0.0,0.0,0.0,281611,0.0
5343,6933.465,8935.92733,11444.64,20895.264,27835.7494148,96479.9217277,109566.832527,126.9,8.1,19.2,0.0,0.0,0.0,0.0,282246,0.0
5344,6933.465,8935.92733,11444.64,20895.264,23218.5702695,98593.8048231,111161.128577,126.9,8.1,19.2,0.0,0.0,0.0,0.0,281337,0.0
5345,6933.465,8935.92733,11444.64,20895.264,15392.3203351,97014.7515651,121569.43177,126.9,8.1,19.2,0.0,0.0,0.0,0.0,282340,0.0
5346,11989.8332475,8935.92733,11444.64,20895.264,7541.64297335,92704.1194491,132199.173,253.8,176.4,19.2,0.0,0.0,0.0,0.0,286160,0.0
5347,26913.9699181,8935.92733,11444.64,20895.264,891.961517448,87956.6642344,132199.173,253.8,176.4,19.2,0.0,0.0,0.0,0.0,289687,0.0
5348,32209.1434009,8935.92733,11444.64,20895.264,0.0,87304.4522691,132199.173,253.8,176.4,19.2,0.0,0.0,0.0,0.0,293438,0.0
5349,34885.6538757,8935.92733,11444.64,20895.264,0.0,89028.9417943,132199.173,253.8,176.4,19.2,0.0,0.0,0.0,0.0,297839,0.0
5350,35143.3147292,8935.92733,11444.64,20895.264,0.0,89038.2809408,132199.173,253.8,176.4,19.2,0.0,0.0,0.0,0.0,298106,0.0
5351,31233.5109073,8935.92733,11444.64,20895.264,0.0,88493.0847627,132199.173,253.8,176.4,19.2,0.0,0.0,0.0,0.0,293651,0.0
5352,24625.8073684,8935.92733,11444.64,20895.264,0.0,89673.7883016,132199.173,253.8,176.4,19.2,0.0,0.0,0.0,0.0,288224,0.0
5353,20602.2370647,8921.49126,11444.64,20805.968,0.0,91250.0906753,129361.473,253.8,8.1,19.2,0.0,0.0,0.0,0.0,282667,0.0
5354,14313.822398,8921.49126,11444.64,20805.968,0.0,92635.505342,129361.473,253.8,8.1,19.2,0.0,0.0,0.0,0.0,277764,0.0
5355,12319.2114161,8921.49126,11444.64,20805.968,0.0,92429.1163239,129361.473,253.8,8.1,19.2,0.0,0.0,0.0,0.0,275563,0.0
5356,12787.0772847,8921.49126,11444.64,20805.968,0.0,92371.2504553,129361.473,253.8,8.1,19.2,0.0,0.0,0.0,0.0,275973,0.0
5357,14792.1925096,8921.49126,11444.64,20805.968,0.0,91642.1352304,129361.473,253.8,8.1,19.2,0.0,0.0,0.0,0.0,277249,0.0
5358,19927.1588677,8921.49126,11444.64,20805.968,0.0,88058.9025491,129403.739323,253.8,8.1,19.2,0.0,0.0,0.0,0.0,278843,0.0
5359,26045.7802885,8921.49126,11444.64,20805.968,0.0,82644.8474515,129418.173,253.8,8.1,19.2,0.0,0.0,0.0,0.0,279562,0.0
5360,30511.275127,8921.49126,11444.64,20805.968,4764.83339916,75229.5192138,129418.173,253.8,8.1,19.2,0.0,0.0,0.0,0.0,281377,0.0
5361,22049.6279252,8921.49126,11444.64,20805.968,12556.2333892,77462.7664256,129418.173,253.8,8.1,19.2,0.0,0.0,0.0,0.0,282940,0.0
5362,7929.00693064,8921.49126,11444.64,20805.968,20560.1643978,85917.4564115,129418.173,253.8,8.1,19.2,0.0,0.0,0.0,0.0,285278,0.0
5363,6860.095,8921.49126,11444.64,20805.968,25707.9098498,90698.9373314,121618.858559,253.8,8.1,19.2,0.0,0.0,0.0,0.0,286339,0.0
5364,6860.095,8921.49126,11444.64,20805.968,29108.593604,93041.5693168,116575.442819,126.9,8.1,19.2,0.0,0.0,0.0,0.0,286912,0.0
5365,6860.095,8921.49126,11444.64,20805.968,31160.103037,95075.0327726,111584.46993,126.9,8.1,19.2,0.0,0.0,0.0,0.0,286006,0.0
5366,6860.095,8921.49126,11444.64,20805.968,31521.7750351,97703.6608202,108291.169885,126.9,8.1,19.2,0.0,0.0,0.0,0.0,285703,0.0
5367,6860.095,8921.49126,11444.64,20805.968,28053.7914658,101214.579016,106698.235259,126.9,8.1,19.2,0.0,0.0,0.0,0.0,284153,0.0
5368,6860.095,8921.49126,11444.64,20805.968,23474.3887597,104142.690948,107099.526032,126.9,8.1,19.2,0.0,0.0,0.0,0.0,282903,0.0
5369,6860.095,8921.49126,11444.64,20805.968,15473.6973486,105846.744891,114073.163501,126.9,8.1,19.2,0.0,0.0,0.0,0.0,283580,0.0
5370,6860.095,8921.49126,11444.64,20805.968,7649.89792514,105193.016834,127178.790981,253.8,8.1,19.2,0.0,0.0,0.0,0.0,288335,0.0
5371,19451.8850431,8921.49126,11444.64,20805.968,1072.52402793,100524.218669,129418.173,253.8,8.1,19.2,0.0,0.0,0.0,0.0,291920,0.0
5372,25363.6971209,8921.49126,11444.64,20805.968,0.0,99100.9306191,129418.173,253.8,8.1,19.2,0.0,0.0,0.0,0.0,295336,0.0
5373,27656.0326236,8921.49126,11444.64,20805.968,0.0,100201.595116,129418.173,253.8,8.1,19.2,0.0,0.0,0.0,0.0,298729,0.0
5374,26062.3931553,8921.49126,11444.64,20805.968,0.0,101342.234585,129418.173,253.8,8.1,19.2,0.0,0.0,0.0,0.0,298276,0.0
5375,19901.3802939,8921.49126,11444.64,20805.968,0.0,103130.247446,129418.173,253.8,8.1,19.2,0.0,0.0,0.0,0.0,293903,0.0
5376,13407.095351,8921.49126,11444.64,20805.968,0.0,104886.532389,129418.173,253.8,8.1,19.2,0.0,0.0,0.0,0.0,289165,0.0
5377,13201.0990952,8892.61912,11444.64,20962.236,0.0,106598.672785,122065.533,126.9,8.1,19.2,0.0,0.0,0.0,0.0,283319,0.0
5378,6676.67,8892.61912,11444.64,20962.236,0.0,109099.658063,120449.976817,126.9,8.1,19.2,0.0,0.0,0.0,0.0,277680,0.0
5379,6676.67,8892.61912,11444.64,20962.236,0.0,111717.115375,115752.519505,126.9,8.1,19.2,0.0,0.0,0.0,0.0,275600,0.0
5380,6676.67,8892.61912,11444.64,20962.236,0.0,111407.999445,115542.635435,126.9,8.1,19.2,0.0,0.0,0.0,0.0,275081,0.0
5381,6676.67,8892.61912,11444.64,20962.236,0.0,110419.812504,117057.822376,126.9,8.1,19.2,0.0,0.0,0.0,0.0,275608,0.0
5382,6676.67,8892.61912,11444.64,20962.236,0.0,109681.932129,119999.702751,126.9,8.1,19.2,0.0,0.0,0.0,0.0,277812,0.0
5383,8650.11644648,8892.61912,11444.64,20962.236,0.0,107550.655434,122065.533,126.9,8.1,19.2,0.0,0.0,0.0,0.0,279720,0.0
5384,12413.3803419,8892.61912,11444.64,20962.236,4900.77169752,101262.619841,122065.533,126.9,8.1,19.2,0.0,0.0,0.0,0.0,282096,0.0
5385,6676.67,8892.61912,11444.64,20962.236,12739.8866852,103774.442657,118840.305538,126.9,8.1,19.2,0.0,0.0,0.0,0.0,283485,0.0
5386,6676.67,8892.61912,11444.64,20962.236,20521.6425564,109686.909201,106612.083123,126.9,8.1,19.2,0.0,0.0,0.0,0.0,284951,0.0
5387,6676.67,8892.61912,11444.64,20962.236,26514.5075407,112403.547144,98411.8801949,126.9,0.0,0.0,0.0,0.0,0.0,0.0,285433,0.0
5388,6676.67,8892.61912,11444.64,20962.236,28676.5565464,113488.157234,95034.2211,126.9,0.0,0.0,0.0,0.0,0.0,894.0,285302,0.0
5389,6676.67,8892.61912,11444.64,20962.236,29726.2461783,112428.467602,95034.2211,126.9,0.0,0.0,0.0,0.0,0.0,661.0,285292,0.0
5390,6676.67,8892.61912,11444.64,20962.236,28413.9295714,110662.939012,98634.0662969,126.9,0.0,0.0,0.0,0.0,0.0,0.0,285814,0.0
5391,6676.67,8892.61912,11444.64,20962.236,26138.1916346,109291.924262,101842.518983,126.9,8.1,19.2,0.0,0.0,0.0,0.0,285403,0.0
5392,6676.67,8892.61912,11444.64,20962.236,23659.0802772,108007.378518,106146.176085,126.9,8.1,19.2,0.0,0.0,0.0,0.0,285943,0.0
5393,6676.67,8892.61912,11444.64,20962.236,16676.8092537,105230.847917,118240.977709,126.9,8.1,19.2,0.0,0.0,0.0,0.0,288279,0.0
5394,20152.6575165,8892.61912,11444.64,20962.236,8415.03803203,99406.5176692,122110.091662,126.9,8.1,19.2,0.0,0.0,0.0,0.0,291538,0.0
5395,36685.0,8892.61912,11444.64,20962.236,1122.75637926,90267.7891002,124788.759401,126.9,8.1,19.2,0.0,0.0,0.0,0.0,294318,0.0
5396,36685.0,8892.61912,11444.64,20962.236,0.0,85216.3529262,134163.051954,253.8,8.1,19.2,0.0,0.0,0.0,0.0,297645,0.0
5397,36685.0,8892.61912,11444.64,20962.236,0.0,83963.0706029,135763.173,253.8,1312.803,1672.65827705,0.0,0.0,0.0,0.0,300950,0.0
5398,36685.0,8892.61912,11444.64,20962.236,0.0,87245.8458047,135733.559075,253.8,8.1,19.2,0.0,0.0,0.0,0.0,301245,0.0
5399,36685.0,8892.61912,11444.64,20962.236,0.0,91117.1116367,129192.293243,253.8,8.1,19.2,0.0,0.0,0.0,0.0,298575,0.0
5400,36685.0,8892.61912,11444.64,20962.236,0.0,94350.411022,122198.893858,126.9,8.1,19.2,0.0,0.0,0.0,0.0,294688,0.0
5401,18850.2140968,8935.92733,11444.64,20984.56,0.0,97414.9855732,132258.573,253.8,8.1,19.2,0.0,0.0,0.0,0.0,290170,0.0
5402,11924.8282616,8935.92733,11444.64,20984.56,0.0,100255.371408,132258.573,253.8,8.1,19.2,0.0,0.0,0.0,0.0,286085,0.0
5403,7661.78587421,8935.92733,11444.64,20984.56,0.0,102475.413796,132258.573,253.8,8.1,19.2,0.0,0.0,0.0,0.0,284042,0.0
5404,6896.78,8935.92733,11444.64,20984.56,0.0,102141.18551,131094.80716,253.8,8.1,19.2,0.0,0.0,0.0,0.0,281779,0.0
5405,6896.78,8935.92733,11444.64,20984.56,0.0,100368.103363,131974.889307,253.8,8.1,19.2,0.0,0.0,0.0,0.0,280886,0.0
5406,9097.60181546,8935.92733,11444.64,20984.56,0.0,97732.5978545,132258.573,253.8,8.1,19.2,0.0,0.0,0.0,0.0,280735,0.0
5407,11644.3418561,8935.92733,11444.64,20984.56,0.0,94839.2450227,132237.185791,253.8,8.1,19.2,0.0,0.0,0.0,0.0,280367,0.0
5408,13293.3971531,8935.92733,11444.64,20984.56,4876.05340742,90143.9491094,132080.373,253.8,8.1,19.2,0.0,0.0,0.0,0.0,282040,0.0
5409,6896.78,8935.92733,11444.64,20984.56,13116.859887,91008.2233603,130870.909423,253.8,8.1,19.2,0.0,0.0,0.0,0.0,283539,0.0
5410,6896.78,8935.92733,11444.64,20984.56,21934.6966991,97812.3869976,116983.808973,126.9,8.1,19.2,0.0,0.0,0.0,0.0,285147,0.0
5411,6896.78,8935.92733,11444.64,20984.56,28111.0212675,101132.407786,108207.463616,126.9,8.1,19.2,0.0,0.0,0.0,0.0,285867,0.0
5412,6896.78,8935.92733,11444.64,20984.56,31956.7014888,101955.106475,103678.084706,126.9,8.1,19.2,0.0,0.0,0.0,0.0,286006,0.0
5413,6896.78,8935.92733,11444.64,20984.56,34340.7668899,101662.57275,100669.85303,126.9,0.0,0.0,0.0,0.0,0.0,0.0,285062,0.0
5414,6896.78,8935.92733,11444.64,20984.56,34003.8963453,102212.934099,100184.362226,126.9,0.0,0.0,0.0,0.0,0.0,0.0,284790,0.0
5415,6896.78,8935.92733,11444.64,20984.56,30647.4104578,103426.569749,101575.012463,126.9,0.0,19.2,0.0,0.0,0.0,0.0,284057,0.0
5416,6896.78,8935.92733,11444.64,20984.56,23729.1499523,105853.447652,106335.295066,126.9,8.1,19.2,0.0,0.0,0.0,0.0,284334,0.0
5417,6896.78,8935.92733,11444.64,20984.56,17688.2716645,105213.458317,115326.162688,126.9,8.1,19.2,0.0,0.0,0.0,0.0,286644,0.0
5418,10479.1289172,8935.92733,11444.64,20984.56,8450.52119594,99373.7495569,132080.373,253.8,8.1,19.2,0.0,0.0,0.0,0.0,292030,0.0
5419,29344.1683234,8935.92733,11444.64,20984.56,1017.35484952,92625.8764971,132080.373,253.8,8.1,19.2,0.0,0.0,0.0,0.0,296714,0.0
5420,36685.0,8935.92733,11444.64,20984.56,0.0,89589.1629863,133738.609684,253.8,8.1,19.2,0.0,0.0,0.0,0.0,301659,0.0
5421,36685.0,8935.92733,11444.64,20984.56,0.0,89122.4789586,138139.173,253.8,736.911,106.509711376,0.0,0.0,0.0,0.0,306409,0.0
5422,36685.0,8935.92733,11444.64,20984.56,0.0,89903.5741859,138139.173,253.8,455.125484082,19.2,0.0,0.0,0.0,0.0,306821,0.0
5423,36685.0,8935.92733,11444.64,20984.56,0.0,90502.8158544,133238.956816,253.8,8.1,19.2,0.0,0.0,0.0,0.0,302073,0.0
5424,33100.5871022,8935.92733,11444.64,20984.56,0.0,90098.8125678,132080.373,253.8,8.1,19.2,0.0,0.0,0.0,0.0,296926,0.0
5425,29990.5067358,8935.92733,11444.64,20939.912,0.0,90558.7409342,128635.173,253.8,8.1,19.2,0.0,0.0,0.0,0.0,290786,0.0
5426,24653.0718468,8935.92733,11444.64,20939.912,0.0,90543.1758232,128635.173,253.8,8.1,19.2,0.0,0.0,0.0,0.0,285433,0.0
5427,21930.2632467,8935.92733,11444.64,20939.912,0.0,89582.6844233,128635.173,253.8,176.4,19.2,0.0,0.0,0.0,0.0,281918,0.0
5428,21007.2322423,8935.92733,11444.64,20939.912,0.0,88970.7154277,128635.173,253.8,176.4,19.2,0.0,0.0,0.0,0.0,280383,0.0
5429,19448.4946844,8935.92733,11444.64,20939.912,0.0,89030.4529856,128635.173,253.8,176.4,19.2,0.0,0.0,0.0,0.0,278884,0.0
5430,17186.3067133,8935.92733,11444.64,20939.912,0.0,90397.6409567,128635.173,253.8,176.4,19.2,0.0,0.0,0.0,0.0,277989,0.0
5431,13638.2580219,8935.92733,11444.64,20939.912,0.0,92040.6896481,128635.173,253.8,176.4,19.2,0.0,0.0,0.0,0.0,276084,0.0
5432,6970.15,8935.92733,11444.64,20939.912,4749.12712591,92376.5918246,128621.55172,253.8,8.1,19.2,0.0,0.0,0.0,0.0,274319,0.0
5433,6970.15,8935.92733,11444.64,20939.912,12880.1365753,94812.7890743,116071.24502,126.9,8.1,19.2,0.0,0.0,0.0,0.0,272209,0.0
5434,6970.15,8935.92733,11444.64,20939.912,21322.6054236,97816.4799743,103219.085272,126.9,8.1,19.2,0.0,0.0,0.0,0.0,270803,0.0
5435,6970.15,8935.92733,11444.64,20939.912,27672.5543016,97941.7566568,97000.8597116,126.9,8.1,19.2,0.0,0.0,0.0,0.0,271060,0.0
5436,6970.15,8935.92733,11444.64,20939.912,31333.2991994,97432.6329723,94412.5384983,126.9,0.0,0.0,0.0,0.0,0.0,0.0,271596,0.0
5437,6970.15,8935.92733,11444.64,20939.912,34138.2438547,94850.2479598,94180.9788555,126.9,0.0,0.0,0.0,0.0,0.0,0.0,271587,0.0
5438,6970.15,8935.92733,11444.64,20939.912,34397.837893,91698.1682095,96622.1645675,126.9,8.1,19.2,0.0,0.0,0.0,0.0,271163,0.0
5439,6970.15,8935.92733,11444.64,20939.912,31574.8354974,88940.7060995,98917.6290731,126.9,8.1,19.2,0.0,0.0,0.0,0.0,267878,0.0
5440,6970.15,8935.92733,11444.64,20939.912,25077.4727733,89970.5655023,99127.1323944,126.9,8.1,19.2,0.0,0.0,0.0,0.0,262620,0.0
5441,6970.15,8935.92733,11444.64,20939.912,17730.3729624,90197.463203,103819.334505,126.9,8.1,19.2,0.0,0.0,0.0,0.0,260192,0.0
5442,6970.15,8935.92733,11444.64,20939.912,8269.98079456,85935.7567067,119730.433169,126.9,8.1,19.2,0.0,0.0,0.0,0.0,262381,0.0
5443,13982.5414026,8935.92733,11444.64,20939.912,980.264119479,80043.4421479,128635.173,253.8,8.1,19.2,0.0,0.0,0.0,0.0,265243,0.0
5444,22244.6487083,8935.92733,11444.64,20939.912,0.0,78102.5989617,128635.173,253.8,8.1,19.2,0.0,0.0,0.0,0.0,270584,0.0
5445,28081.9437906,8935.92733,11444.64,20939.912,0.0,77715.3038794,128635.173,253.8,8.1,19.2,0.0,0.0,0.0,0.0,276034,0.0
5446,29591.6177388,8935.92733,11444.64,20939.912,0.0,78015.9925577,128635.173,253.8,20.7373735736,19.2,0.0,0.0,0.0,0.0,277857,0.0
5447,27118.1431524,8935.92733,11444.64,20939.912,0.0,78581.8045176,128635.173,253.8,176.4,19.2,0.0,0.0,0.0,0.0,276105,0.0
5448,22455.9551162,8935.92733,11444.64,20939.912,0.0,80705.9925538,128635.173,253.8,176.4,19.2,0.0,0.0,0.0,0.0,273567,0.0
5449,10167.9640688,8993.67161,11444.64,20984.56,0.0,84221.8463212,133493.733,570.285,8.1,19.2,0.0,0.0,0.0,0.0,269904,0.0
5450,6896.78,8993.67161,11444.64,20984.56,0.0,86512.1363063,130770.627084,570.285,8.1,19.2,0.0,0.0,0.0,0.0,266200,0.0
5451,6896.78,8993.67161,11444.64,20984.56,0.0,87914.6934748,128242.069915,570.285,8.1,19.2,0.0,0.0,0.0,0.0,265074,0.0
5452,6896.78,8993.67161,11444.64,20984.56,0.0,88121.9890877,128328.774302,570.285,8.1,19.2,0.0,0.0,0.0,0.0,265368,0.0
5453,6896.78,8993.67161,11444.64,20984.56,0.0,87541.7477104,129407.01568,570.285,8.1,19.2,0.0,0.0,0.0,0.0,265866,0.0
5454,6896.78,8993.67161,11444.64,20984.56,0.0,85902.5588968,132761.204493,570.285,8.1,19.2,0.0,0.0,0.0,0.0,267581,0.0
5455,10058.5710564,8993.67161,11444.64,20984.56,0.0,83713.2393336,133493.733,570.285,8.1,19.2,0.0,0.0,0.0,0.0,269286,0.0
5456,10946.0334754,8993.67161,11444.64,20984.56,4887.82561339,80012.6683241,133518.015977,570.285,8.1,19.2,0.0,0.0,0.0,0.0,271385,0.0
5457,6896.78,8993.67161,11444.64,20984.56,12318.5217179,84259.1306076,126850.111064,570.285,8.1,19.2,0.0,0.0,0.0,0.0,272345,0.0
5458,6896.78,8993.67161,11444.64,20984.56,19608.9878759,88515.022637,117150.852877,570.285,0.0,19.2,0.0,0.0,0.0,0.0,274184,0.0
5459,6896.78,8993.67161,11444.64,20984.56,25452.6748015,89349.5674885,112245.8211,570.285,0.0,0.0,0.0,0.0,0.0,1435.0,275938,0.0
5460,6896.78,8993.67161,11444.64,20984.56,23372.1755515,92182.0667385,112245.8211,570.285,0.0,0.0,0.0,0.0,0.0,4428.0,276690,0.0
5461,6896.78,8993.67161,11444.64,20984.56,22649.9726337,92755.2696563,112245.8211,570.285,0.0,0.0,0.0,0.0,0.0,5809.0,276541,0.0
5462,6896.78,8993.67161,11444.64,20984.56,21457.0437217,93923.1985683,112245.8211,570.285,0.0,0.0,0.0,0.0,0.0,5698.0,276516,0.0
5463,6896.78,8993.67161,11444.64,20984.56,21546.8542522,92566.3880378,112245.8211,570.285,0.0,0.0,0.0,0.0,0.0,3797.0,275249,0.0
5464,6896.78,8993.67161,11444.64,20984.56,22018.3758204,90412.8664696,112245.8211,570.285,0.0,0.0,0.0,0.0,0.0,186.0,273567,0.0
5465,6896.78,8993.67161,11444.64,20984.56,15161.2410871,85143.6570426,124695.86526,570.285,8.1,19.2,0.0,0.0,0.0,0.0,273918,0.0
5466,20163.1447993,8993.67161,11444.64,20984.56,6928.44293006,74802.2226606,133493.733,570.285,8.1,19.2,0.0,0.0,0.0,0.0,277408,0.0
5467,36685.0,8993.67161,11444.64,20984.56,879.735595566,61090.5241778,140798.283617,570.285,8.1,19.2,0.0,0.0,0.0,0.0,281474,0.0
5468,36685.0,8993.67161,11444.64,20984.56,0.0,52118.9686515,155973.674739,697.185,8.1,19.2,0.0,0.0,0.0,0.0,286925,0.0
5469,36685.0,8993.67161,11444.64,20984.56,0.0,49545.9744852,160351.173,1140.57,1181.17890477,1496.232,0.0,0.0,0.0,0.0,291823,0.0
5470,36685.0,8993.67161,11444.64,20984.56,0.0,50538.5890012,160351.173,1140.57,1455.59638878,1769.2,0.0,0.0,0.0,0.0,293363,0.0
5471,36685.0,8993.67161,11444.64,20984.56,0.0,50943.0092855,160351.173,1140.57,622.176104529,19.2,0.0,0.0,0.0,0.0,291184,0.0
5472,36685.0,8993.67161,11444.64,20984.56,0.0,51222.5770845,158428.066305,697.185,8.1,19.2,0.0,0.0,0.0,0.0,288483,0.0
5473,15825.5051918,8979.23554,11444.64,19533.5,0.0,50596.7542682,175910.823,2206.242,8.1,19.2,0.0,0.0,0.0,0.0,284524,0.0
5474,12834.7773251,8979.23554,11444.64,19533.5,0.0,50026.2821349,176089.023,2206.242,8.1,19.2,0.0,0.0,0.0,0.0,281141,0.0
5475,10935.968422,8979.23554,11444.64,19533.5,0.0,50235.291038,175910.823,2206.242,8.1,19.2,0.0,0.0,0.0,0.0,279273,0.0
5476,10265.8705667,8979.23554,11444.64,19533.5,0.0,49492.1888933,176089.023,2206.242,8.1,19.2,0.0,0.0,0.0,0.0,278038,0.0
5477,10150.7902497,8979.23554,11444.64,19533.5,0.0,48179.4692103,175910.823,2206.242,8.1,19.2,0.0,0.0,0.0,0.0,276432,0.0
5478,11206.2088417,8979.23554,11444.64,19533.5,0.0,45907.8506183,176089.023,2206.242,8.1,19.2,0.0,0.0,0.0,0.0,275394,0.0
5479,13538.7344953,8979.23554,11444.64,19533.5,0.0,43140.5249647,175910.823,2206.242,8.1,19.2,0.0,0.0,0.0,0.0,274781,0.0
5480,13182.4089666,8979.23554,11444.64,19533.5,4917.50836761,38366.8884,175978.276726,2206.242,8.1,19.2,0.0,0.0,0.0,0.0,274636,0.0
5481,6750.04,8979.23554,11444.64,19533.5,12684.1457251,38704.4446671,173921.452068,2206.242,8.1,19.2,0.0,0.0,0.0,0.0,274251,0.0
5482,6750.04,8979.23554,11444.64,19533.5,20556.1620839,42115.0863367,163763.794039,2206.242,8.1,19.2,0.0,0.0,0.0,0.0,275376,0.0
5483,6750.04,8979.23554,11444.64,19533.5,26523.7884626,41836.145634,159169.008363,2079.342,8.1,19.2,0.0,0.0,0.0,0.0,276343,0.0
5484,6750.04,8979.23554,11444.64,19533.5,29982.0199467,39604.9443105,158027.978203,2079.342,8.1,19.2,0.0,0.0,0.0,0.0,276429,0.0
5485,6750.04,8979.23554,11444.64,19533.5,31452.1023051,37887.7810434,157711.059111,2079.342,8.1,19.2,0.0,0.0,0.0,0.0,275865,0.0
5486,6750.04,8979.23554,11444.64,19533.5,30885.8529462,35973.4141058,158904.675408,2079.342,8.1,19.2,0.0,0.0,0.0,0.0,274578,0.0
5487,6750.04,8979.23554,11444.64,19533.5,28265.6418904,33779.6631678,161510.737402,2206.242,8.1,19.2,0.0,0.0,0.0,0.0,272497,0.0
5488,6750.04,8979.23554,11444.64,19533.5,23638.3981919,32803.3669583,164654.27731,2206.242,8.1,19.2,0.0,0.0,0.0,0.0,270037,0.0
5489,6750.04,8979.23554,11444.64,19533.5,16306.0673068,31504.7543945,172504.220759,2206.242,8.1,19.2,0.0,0.0,0.0,0.0,269256,0.0
5490,17168.221968,8979.23554,11444.64,19533.5,8381.97229399,28552.865198,176089.023,2206.242,8.1,19.2,0.0,0.0,0.0,0.0,272383,0.0
5491,34099.503073,8979.23554,11444.64,19533.5,1064.17250554,22775.3838815,176089.023,2206.242,8.1,19.2,0.0,0.0,0.0,0.0,276219,0.0
5492,36685.0,8979.23554,11444.64,19533.5,0.0,20771.9977535,181294.084706,2206.242,8.1,19.2,0.0,0.0,0.0,0.0,280942,0.0
5493,36685.0,8979.23554,11444.64,19533.5,0.0,21281.472736,185865.924724,2649.627,176.4,19.2,0.0,0.0,0.0,0.0,286635,0.0
5494,36685.0,8979.23554,11444.64,19533.5,0.0,20049.9053885,186590.673,4158.684,736.911,478.451071545,0.0,0.0,0.0,0.0,288657,0.0
5495,36685.0,8979.23554,11444.64,19533.5,0.0,18293.7670445,186590.673,4158.684,736.911,284.589415531,0.0,0.0,0.0,0.0,286707,0.0
5496,36685.0,8979.23554,11444.64,19533.5,0.0,17046.3237877,186590.673,4158.684,370.74367227,19.2,0.0,0.0,0.0,0.0,284828,0.0
5497,18312.139814,8964.79947,11444.64,19310.26,0.0,17006.474216,202468.1985,4260.888,176.4,19.2,0.0,0.0,0.0,0.0,281963,0.0
5498,14624.1488524,8964.79947,11444.64,19310.26,0.0,17848.0365969,202310.627081,4260.888,176.4,19.2,0.0,0.0,0.0,0.0,278959,0.0
5499,12111.2636133,8964.79947,11444.64,19310.26,0.0,18909.8504167,202400.6985,4260.888,176.4,19.2,0.0,0.0,0.0,0.0,277598,0.0
5500,9720.06718883,8964.79947,11444.64,19310.26,0.0,21053.5468412,202468.1985,4260.888,176.4,19.2,0.0,0.0,0.0,0.0,277418,0.0
5501,7613.24865221,8964.79947,11444.64,19310.26,0.0,22618.8653778,202319.6985,4260.888,176.4,19.2,0.0,0.0,0.0,0.0,276728,0.0
5502,8402.45113597,8964.79947,11444.64,19310.26,0.0,22546.162894,202468.1985,4260.888,176.4,19.2,0.0,0.0,0.0,0.0,277593,0.0
5503,10373.3476807,8964.79947,11444.64,19310.26,0.0,21471.2663493,202468.1985,4260.888,176.4,19.2,0.0,0.0,0.0,0.0,278489,0.0
5504,11185.7588984,8964.79947,11444.64,19310.26,4770.24626978,17644.6088618,202252.1985,4260.888,176.4,19.2,0.0,0.0,0.0,0.0,280029,0.0
5505,6713.355,8964.79947,11444.64,19310.26,12317.2931127,16019.0106705,202112.153747,4260.888,176.4,19.2,0.0,0.0,0.0,0.0,281338,0.0
5506,6713.355,8964.79947,11444.64,19310.26,20518.514,13164.5223161,199721.482214,2845.827,176.4,19.2,0.0,0.0,0.0,0.0,282879,0.0
5507,6713.355,8964.79947,11444.64,19310.26,26947.5398515,7976.63012348,199639.348555,2845.827,176.4,19.2,0.0,0.0,0.0,0.0,284038,0.0
5508,6713.355,8964.79947,11444.64,19310.26,31685.4863137,5105.85956236,198266.172654,2845.827,176.4,19.2,0.0,0.0,0.0,0.0,284532,0.0
5509,6713.355,8964.79947,11444.64,19310.26,32058.444472,4357.80244596,198799.271612,2845.827,176.4,19.2,0.0,0.0,0.0,0.0,284690,0.0
5510,6713.355,8964.79947,11444.64,19310.26,30611.2851035,4559.8800888,199574.353338,2845.827,176.4,19.2,0.0,0.0,0.0,0.0,284220,0.0
5511,6713.355,8964.79947,11444.64,19310.26,26296.8844151,5315.0975642,201077.6985,4098.66505069,176.4,19.2,0.0,0.0,0.0,0.0,283417,0.0
5512,8104.37080573,8964.79947,11444.64,19310.26,20882.1138932,6630.62933108,202319.6985,4260.888,176.4,19.2,0.0,0.0,0.0,0.0,282113,0.0
5513,13247.4834475,8964.79947,11444.64,19310.26,15210.0182265,7656.61235601,202400.6985,4260.888,176.4,19.2,0.0,0.0,0.0,0.0,282691,0.0
5514,23656.5409649,8964.79947,11444.64,19310.26,8037.61005945,7874.96300566,202319.6985,4260.888,176.4,19.2,0.0,0.0,0.0,0.0,286065,0.0
5515,34486.3385236,8964.79947,11444.64,19310.26,1030.75712275,7774.0183837,202319.6985,4260.888,176.4,19.2,0.0,0.0,0.0,0.0,289787,0.0
5516,36685.0,8964.79947,11444.64,19310.26,0.0,8708.6540317,204045.162498,4354.884,176.4,19.2,0.0,0.0,0.0,0.0,293709,0.0
5517,36685.0,8964.79947,11444.64,19310.26,0.0,10143.394216,205390.638,4551.084,674.984314043,19.2,0.0,0.0,0.0,0.0,297184,0.0
5518,36685.0,8964.79947,11444.64,19310.26,0.0,11724.3836628,204612.232867,4452.084,176.4,19.2,0.0,0.0,0.0,0.0,297389,0.0
5519,34220.6345394,8964.79947,11444.64,19310.26,0.0,13168.9794906,202468.1985,4260.888,176.4,19.2,0.0,0.0,0.0,0.0,294034,0.0
5520,30277.0699831,8964.79947,11444.64,19310.26,0.0,14154.5440469,202468.1985,4260.888,176.4,19.2,0.0,0.0,0.0,0.0,291076,0.0
5521,22127.9066713,8964.79947,11444.64,19310.26,0.0,15497.1718587,205607.538,4551.084,176.4,19.2,0.0,0.0,0.0,0.0,287699,0.0
5522,17088.7280635,8964.79947,11444.64,19310.26,0.0,16407.0736483,206010.814818,4551.084,176.4,19.2,0.0,0.0,0.0,0.0,283973,0.0
5523,14047.2358485,8964.79947,11444.64,19310.26,0.0,17606.2426815,206142.138,4551.084,176.4,19.2,0.0,0.0,0.0,0.0,282262,0.0
5524,13892.7522598,8964.79947,11444.64,19310.26,0.0,16647.7262702,206142.138,4551.084,176.4,19.2,0.0,0.0,0.0,0.0,281149,0.0
5525,14851.9102244,8964.79947,11444.64,19310.26,0.0,14493.5683056,206142.138,4551.084,176.4,19.2,0.0,0.0,0.0,0.0,279954,0.0
5526,17703.4463305,8964.79947,11444.64,19310.26,0.0,11683.0321995,206142.138,4551.084,176.4,19.2,0.0,0.0,0.0,0.0,279995,0.0
5527,20435.1642803,8964.79947,11444.64,19310.26,0.0,9753.31424966,206142.138,4551.084,176.4,19.2,0.0,0.0,0.0,0.0,280797,0.0
5528,19606.1209137,8964.79947,11444.64,19310.26,4877.90396368,7779.45365257,206142.138,4551.084,176.4,19.2,0.0,0.0,0.0,0.0,282872,0.0
5529,13652.6448792,8964.79947,11444.64,19310.26,13285.2557819,7549.57786891,206142.138,4551.084,176.4,19.2,0.0,0.0,0.0,0.0,285096,0.0
5530,8371.16317855,8964.79947,11444.64,19310.26,22080.4381782,6570.87717324,206142.138,4551.084,176.4,19.2,0.0,0.0,0.0,0.0,287631,0.0
5531,6750.04,8964.79947,11444.64,19310.26,28655.9486035,4485.73811335,204856.089813,4354.884,176.4,19.2,0.0,0.0,0.0,0.0,289018,0.0
5532,6750.04,8964.79947,11444.64,19310.26,32511.4204141,3313.74342454,202777.608691,4260.888,176.4,19.2,0.0,0.0,0.0,0.0,289529,0.0
5533,6750.04,8964.79947,11444.64,19310.26,34170.0561872,3433.9686361,201900.747707,4260.888,176.4,19.2,0.0,0.0,0.0,0.0,290431,0.0
5534,6750.04,8964.79947,11444.64,19310.26,32274.8890808,3961.51971518,203811.367734,4354.884,176.4,19.2,0.0,0.0,0.0,0.0,291068,0.0
5535,6750.04,8964.79947,11444.64,19310.26,29082.0801368,5098.3775052,204688.318888,4354.884,176.4,19.2,0.0,0.0,0.0,0.0,289889,0.0
5536,7011.23334191,8964.79947,11444.64,19310.26,24031.0057351,6417.23945301,206142.138,4551.084,176.4,19.2,0.0,0.0,0.0,0.0,288068,0.0
5537,13918.081473,8964.79947,11444.64,19310.26,15446.2388019,8425.15825508,206142.138,4551.084,176.4,19.2,0.0,0.0,0.0,0.0,288398,0.0
5538,22735.780853,8964.79947,11444.64,19310.26,7657.78951386,10012.9081632,206142.138,4551.084,176.4,19.2,0.0,0.0,0.0,0.0,291015,0.0
5539,30342.1097059,8964.79947,11444.64,19310.26,978.464629018,11875.9041951,206142.138,4551.084,176.4,19.2,0.0,0.0,0.0,0.0,293805,0.0
5540,31391.2820795,8964.79947,11444.64,19310.26,0.0,15446.1964505,206142.138,4551.084,176.4,19.2,0.0,0.0,0.0,0.0,297446,0.0
5541,29824.3252957,8964.79947,11444.64,19310.26,0.0,19675.1532343,206142.138,4551.084,176.4,19.2,0.0,0.0,0.0,0.0,300108,0.0
5542,26546.8641691,8964.79947,11444.64,19310.26,0.0,22237.6143609,206142.138,4551.084,176.4,19.2,0.0,0.0,0.0,0.0,299393,0.0
5543,20426.9455907,8964.79947,11444.64,19310.26,0.0,24546.5329393,206142.138,4551.084,176.4,19.2,0.0,0.0,0.0,0.0,295582,0.0
5544,15659.4539416,8964.79947,11444.64,19310.26,0.0,26651.0245884,206142.138,4551.084,176.4,19.2,0.0,0.0,0.0,0.0,292919,0.0
5545,17922.3543651,8950.3634,11444.64,19153.992,0.0,28406.6932349,199829.673,4158.684,176.4,19.2,0.0,0.0,0.0,0.0,290062,0.0
5546,16114.343616,8950.3634,11444.64,19153.992,0.0,29079.203984,199789.173,4158.684,176.4,19.2,0.0,0.0,0.0,0.0,288886,0.0
5547,16193.2597273,8950.3634,11444.64,19153.992,0.0,29028.7878727,199829.673,4158.684,176.4,19.2,0.0,0.0,0.0,0.0,288955,0.0
5548,16954.3705943,8950.3634,11444.64,19153.992,0.0,28237.1770057,199708.173,4158.684,176.4,19.2,0.0,0.0,0.0,0.0,288803,0.0
5549,16564.5314528,8950.3634,11444.64,19153.992,0.0,26763.0161472,199789.173,4158.684,176.4,19.2,0.0,0.0,0.0,0.0,287020,0.0
5550,17469.3339996,8950.3634,11444.64,19153.992,0.0,24850.2136004,199789.173,4158.684,176.4,19.2,0.0,0.0,0.0,0.0,286012,0.0
5551,18730.3230918,8950.3634,11444.64,19153.992,0.0,22770.7245082,199829.673,4158.684,176.4,19.2,0.0,0.0,0.0,0.0,285234,0.0
5552,16918.2715688,8950.3634,11444.64,19153.992,4769.36941125,20027.5877161,199752.491904,4158.684,176.4,19.2,0.0,0.0,0.0,0.0,285371,0.0
5553,8399.64875767,8950.3634,11444.64,19153.992,13223.6907524,20730.70809,199829.673,4158.684,176.4,19.2,0.0,0.0,0.0,0.0,286087,0.0
5554,6676.67,8950.3634,11444.64,19153.992,21755.1614141,20265.7813522,197076.189834,2791.602,176.4,19.2,0.0,0.0,0.0,0.0,288310,0.0
5555,6676.67,8950.3634,11444.64,19153.992,28734.2158772,17413.2213868,195211.670336,2649.627,176.4,19.2,0.0,0.0,0.0,0.0,290430,0.0
5556,6676.67,8950.3634,11444.64,19153.992,33420.2453086,15144.4195786,194274.442713,2649.627,176.4,19.2,0.0,0.0,0.0,0.0,291910,0.0
5557,6676.67,8950.3634,11444.64,19153.992,35424.6922781,15032.5296193,193374.108,2514.70470255,8.1,19.2,0.0,0.0,0.0,0.0,292599,0.0
5558,6676.67,8950.3634,11444.64,19153.992,34928.0226599,15962.3595948,193773.708,2528.442,47.6023453141,19.2,0.0,0.0,0.0,0.0,293485,0.0
5559,6676.67,8950.3634,11444.64,19153.992,31600.5940957,18098.9142604,194780.599244,2649.627,176.4,19.2,0.0,0.0,0.0,0.0,293551,0.0
5560,6676.67,8950.3634,11444.64,19153.992,25991.3519018,20346.2102916,197065.059407,3559.113,176.4,19.2,0.0,0.0,0.0,0.0,293383,0.0
5561,10757.5324259,8950.3634,11444.64,19153.992,18078.9098935,22496.1052807,199789.173,4158.684,176.4,19.2,0.0,0.0,0.0,0.0,295025,0.0
5562,22361.8773456,8950.3634,11444.64,19153.992,8085.71248655,23877.9577679,199789.173,4158.684,176.4,19.2,0.0,0.0,0.0,0.0,298018,0.0
5563,32026.4442003,8950.3634,11444.64,19153.992,866.296991184,24604.3064085,199829.673,4158.684,176.4,19.2,0.0,0.0,0.0,0.0,301230,0.0
5564,33338.6819005,8950.3634,11444.64,19153.992,0.0,26282.3656995,199829.673,4158.684,176.4,19.2,0.0,0.0,0.0,0.0,303354,0.0
5565,33256.0468924,8950.3634,11444.64,19153.992,0.0,28114.6007076,199781.073,4158.684,176.4,19.2,0.0,0.0,0.0,0.0,305055,0.0
5566,29556.9707621,8950.3634,11444.64,19153.992,0.0,29646.0768379,199748.673,4158.684,176.4,19.2,0.0,0.0,0.0,0.0,302855,0.0
5567,22774.2874334,8950.3634,11444.64,19153.992,0.0,31684.2601666,199789.173,4158.684,176.4,19.2,0.0,0.0,0.0,0.0,298151,0.0
5568,17308.3809664,8950.3634,11444.64,19153.992,0.0,32912.4666336,199764.873,4158.684,176.4,19.2,0.0,0.0,0.0,0.0,293889,0.0
5569,6419.875,8935.92733,11444.64,18975.4,0.0,33903.3562594,206139.117411,4596.084,176.4,19.2,0.0,0.0,0.0,0.0,290610,0.0
5570,6419.875,8935.92733,11444.64,18975.4,0.0,34284.3360778,204501.133592,4502.088,176.4,19.2,0.0,0.0,0.0,0.0,289259,0.0
5571,6419.875,8935.92733,11444.64,18975.4,0.0,34397.8770276,204747.592642,4502.088,176.4,19.2,0.0,0.0,0.0,0.0,289619,0.0
5572,7966.15101626,8935.92733,11444.64,18975.4,0.0,31948.4591537,206491.7385,4596.084,176.4,19.2,0.0,0.0,0.0,0.0,290554,0.0
5573,12317.6143686,8935.92733,11444.64,18975.4,0.0,28342.6958014,206489.0385,4596.084,176.4,19.2,0.0,0.0,0.0,0.0,291297,0.0
5574,17959.1206518,8935.92733,11444.64,18975.4,0.0,24550.2195182,206492.0085,4596.084,176.4,19.2,0.0,0.0,0.0,0.0,293149,0.0
5575,22374.7991035,8935.92733,11444.64,18975.4,0.0,20734.7910665,206498.7585,4596.084,176.4,19.2,0.0,0.0,0.0,0.0,293756,0.0
5576,22270.7932298,8935.92733,11444.64,18975.4,4850.21449419,17071.082446,206485.2585,4596.084,176.4,19.2,0.0,0.0,0.0,0.0,294825,0.0
5577,16092.0541181,8935.92733,11444.64,18975.4,13444.6542084,15587.1418435,206488.4985,4596.084,176.4,19.2,0.0,0.0,0.0,0.0,295760,0.0
5578,9249.34580441,8935.92733,11444.64,18975.4,22360.2690332,14803.2353324,206488.4985,4596.084,176.4,19.2,0.0,0.0,0.0,0.0,297049,0.0
5579,6419.875,8935.92733,11444.64,18975.4,29215.9132182,13464.6390975,204646.917354,4502.088,176.4,19.2,0.0,0.0,0.0,0.0,297801,0.0
5580,6419.875,8935.92733,11444.64,18975.4,33660.8072684,14083.6422529,201848.081149,3087.027,176.4,19.2,0.0,0.0,0.0,0.0,298651,0.0
5581,6419.875,8935.92733,11444.64,18975.4,35134.4980456,15702.9283805,199475.289244,2801.142,8.1,19.2,0.0,0.0,0.0,0.0,298917,0.0
5582,6419.875,8935.92733,11444.64,18975.4,33306.9096048,18930.0249011,197332.281164,2643.642,8.1,19.2,0.0,0.0,0.0,0.0,298016,0.0
5583,6419.875,8935.92733,11444.64,18975.4,29845.3096335,23546.7830642,195677.122972,2643.642,8.1,19.2,0.0,0.0,0.0,0.0,297516,0.0
5584,6419.875,8935.92733,11444.64,18975.4,24447.6513356,26472.0996129,197724.464721,2643.642,8.1,19.2,0.0,0.0,0.0,0.0,297091,0.0
5585,6419.875,8935.92733,11444.64,18975.4,15049.3255076,28316.1671534,204936.977009,4502.088,176.4,19.2,0.0,0.0,0.0,0.0,298776,0.0
5586,17288.1378148,8935.92733,11444.64,18975.4,7220.09522025,28301.9171349,206518.1985,4596.084,176.4,19.2,0.0,0.0,0.0,0.0,303476,0.0
5587,30201.665883,8935.92733,11444.64,18975.4,841.299306123,27822.3849809,206501.9985,4596.084,176.4,19.2,0.0,0.0,0.0,0.0,309515,0.0
5588,36259.160197,8935.92733,11444.64,18975.4,0.0,28062.1839077,206476.004565,4596.084,176.4,19.2,0.0,0.0,0.0,0.0,314945,0.0
5589,36685.0,8935.92733,11444.64,18975.4,0.0,28403.2213549,208951.938,5033.484,736.911,424.478315138,0.0,0.0,0.0,0.0,319591,0.0
5590,36685.0,8935.92733,11444.64,18975.4,0.0,28958.5542748,208951.938,5033.484,435.856395211,19.2,0.0,0.0,0.0,0.0,319440,0.0
5591,34438.2507229,8935.92733,11444.64,18975.4,0.0,29382.5294471,206445.5685,4596.084,176.4,19.2,0.0,0.0,0.0,0.0,314414,0.0
5592,29397.5061899,8935.92733,11444.64,18975.4,0.0,29010.0239801,206357.8185,4596.084,176.4,19.2,0.0,0.0,0.0,0.0,308913,0.0
5593,16374.5474319,8935.92733,11444.64,18863.78,0.0,28371.2232381,214326.738,5347.944,252.0,19.2,0.0,0.0,0.0,0.0,303936,0.0
5594,13427.480415,8935.92733,11444.64,18863.78,0.0,27596.0919767,214468.936278,5347.944,252.0,19.2,0.0,0.0,0.0,0.0,300356,0.0
5595,13273.2581074,8935.92733,11444.64,18863.78,0.0,26515.8125626,214545.438,5347.944,252.0,19.2,0.0,0.0,0.0,0.0,299198,0.0
5596,14683.0155534,8935.92733,11444.64,18863.78,0.0,24533.0551166,214545.438,5347.944,252.0,19.2,0.0,0.0,0.0,0.0,298625,0.0
5597,15473.2737614,8935.92733,11444.64,18863.78,0.0,22700.7969086,214545.438,5347.944,252.0,19.2,0.0,0.0,0.0,0.0,297583,0.0
5598,17421.0575633,8935.92733,11444.64,18863.78,0.0,20134.0131067,214545.438,5347.944,252.0,19.2,0.0,0.0,0.0,0.0,296964,0.0
5599,18888.9865926,8935.92733,11444.64,18863.78,0.0,17310.0840774,214545.438,5347.944,252.0,19.2,0.0,0.0,0.0,0.0,295608,0.0
5600,17225.3050133,8935.92733,11444.64,18863.78,4592.03324662,14038.7324101,214545.438,5347.944,252.0,19.2,0.0,0.0,0.0,0.0,295265,0.0
5601,11089.9930763,8935.92733,11444.64,18863.78,12286.7621998,13203.315394,214545.438,5347.944,252.0,19.2,0.0,0.0,0.0,0.0,295989,0.0
5602,6236.45,8935.92733,11444.64,18863.78,21338.8177069,13741.700011,212392.570952,4949.514,176.4,19.2,0.0,0.0,0.0,0.0,298099,0.0
5603,6236.45,8935.92733,11444.64,18863.78,28664.4697498,13707.5269067,207486.0585,4522.54751346,176.4,19.2,0.0,0.0,0.0,0.0,300057,0.0
5604,6236.45,8935.92733,11444.64,18863.78,31877.7427367,14268.4139949,207072.188938,3244.257,176.4,19.2,0.0,0.0,0.0,0.0,302139,0.0
5605,6236.45,8935.92733,11444.64,18863.78,34653.0728672,15796.6990434,204701.573759,3244.257,176.4,19.2,0.0,0.0,0.0,0.0,304072,0.0
5606,6236.45,8935.92733,11444.64,18863.78,33717.1836235,17314.0775545,205148.084492,3244.257,176.4,19.2,0.0,0.0,0.0,0.0,305100,0.0
5607,6236.45,8935.92733,11444.64,18863.78,30540.1458843,19773.1531731,205174.046613,3244.257,176.4,19.2,0.0,0.0,0.0,0.0,304408,0.0
5608,6236.45,8935.92733,11444.64,18863.78,25209.505187,20288.9626195,208021.816864,4659.318,176.4,19.2,0.0,0.0,0.0,0.0,303856,0.0
5609,8090.56910275,8935.92733,11444.64,18863.78,16964.3114663,20292.190101,214545.438,5347.944,252.0,19.2,0.0,0.0,0.0,0.0,304756,0.0
5610,20347.2553534,8935.92733,11444.64,18863.78,7908.65526741,20336.1600492,214545.438,5347.944,252.0,19.2,0.0,0.0,0.0,0.0,308001,0.0
5611,30598.3323219,8935.92733,11444.64,18863.78,789.179702191,20895.5586459,214545.438,5347.944,252.0,19.2,0.0,0.0,0.0,0.0,311692,0.0
5612,34816.3216255,8935.92733,11444.64,18863.78,0.0,22589.7490445,214545.438,5347.944,252.0,19.2,0.0,0.0,0.0,0.0,316815,0.0
5613,36685.0,8935.92733,11444.64,18863.78,0.0,24607.727589,214545.438,5347.944,642.343081038,19.2,0.0,0.0,0.0,0.0,321092,0.0
5614,34865.9516512,8935.92733,11444.64,18863.78,0.0,26925.1190188,214545.438,5347.944,252.0,19.2,0.0,0.0,0.0,0.0,321200,0.0
5615,26672.3908432,8935.92733,11444.64,18863.78,0.0,29333.6798268,214545.438,5347.944,252.0,19.2,0.0,0.0,0.0,0.0,315415,0.0
5616,19795.4606876,8935.92733,11444.64,18863.78,0.0,30441.6099824,214545.438,5347.944,252.0,19.2,0.0,0.0,0.0,0.0,309646,0.0
5617,20965.8174645,8907.05519,11444.64,18685.188,0.0,31059.2773455,208501.938,4551.084,370.8,19.2,0.0,0.0,0.0,0.0,304505,0.0
5618,16867.2122931,8907.05519,11444.64,18685.188,0.0,31011.8825169,208501.938,4551.084,370.8,19.2,0.0,0.0,0.0,0.0,300359,0.0
5619,15489.1786726,8907.05519,11444.64,18685.188,0.0,29855.7161374,208501.938,4551.084,252.0,19.2,0.0,0.0,0.0,0.0,297706,0.0
5620,17214.4163519,8907.05519,11444.64,18685.188,0.0,27302.4784581,208501.938,4551.084,252.0,19.2,0.0,0.0,0.0,0.0,296878,0.0
5621,18874.7031058,8907.05519,11444.64,18685.188,0.0,25024.1917042,208501.938,4551.084,252.0,19.2,0.0,0.0,0.0,0.0,296260,0.0
5622,19874.5204054,8907.05519,11444.64,18685.188,0.0,23941.3744046,208501.938,4551.084,252.0,19.2,0.0,0.0,0.0,0.0,296177,0.0
5623,20463.7747308,8907.05519,11444.64,18685.188,0.0,23090.1200792,208501.938,4551.084,252.0,19.2,0.0,0.0,0.0,0.0,295915,0.0
5624,17599.0402932,8907.05519,11444.64,18685.188,4861.29029096,21754.7642258,208501.938,4551.084,370.8,19.2,0.0,0.0,0.0,0.0,296695,0.0
5625,8513.7766364,8907.05519,11444.64,18685.188,13361.385743,23185.9324306,208501.938,4551.084,370.8,19.2,0.0,0.0,0.0,0.0,297541,0.0
5626,6053.025,8907.05519,11444.64,18685.188,21896.3829584,24708.7229107,203039.6085,3437.77744096,176.4,19.2,0.0,0.0,0.0,0.0,298368,0.0
5627,6053.025,8907.05519,11444.64,18685.188,28716.6558759,24031.5319884,198764.2935,2461.31044568,8.1,19.2,0.0,0.0,0.0,0.0,299091,0.0
5628,6053.025,8907.05519,11444.64,18685.188,32776.838998,22297.2823192,197328.228493,2402.442,8.1,19.2,0.0,0.0,0.0,0.0,299922,0.0
5629,6053.025,8907.05519,11444.64,18685.188,34952.6461071,20979.4792654,196308.224437,2402.442,8.1,19.2,0.0,0.0,0.0,0.0,299760,0.0
5630,6053.025,8907.05519,11444.64,18685.188,33015.0184441,21069.0910523,197919.240314,2402.442,8.1,19.2,0.0,0.0,0.0,0.0,299523,0.0
5631,6053.025,8907.05519,11444.64,18685.188,30553.4217358,22621.7278614,197925.200213,2402.442,8.1,19.2,0.0,0.0,0.0,0.0,298620,0.0
5632,6053.025,8907.05519,11444.64,18685.188,24410.2184432,22761.4029616,201387.043405,2845.827,176.4,19.2,0.0,0.0,0.0,0.0,296690,0.0
5633,6053.025,8907.05519,11444.64,18685.188,17320.1795991,22548.5608804,206765.667331,4452.084,176.4,19.2,0.0,0.0,0.0,0.0,296372,0.0
5634,16758.6792966,8907.05519,11444.64,18685.188,7576.31677127,22625.0987421,208501.938,4551.084,370.8,19.2,0.0,0.0,0.0,0.0,299440,0.0
5635,26684.308847,8907.05519,11444.64,18685.188,782.133887265,23125.6520758,208501.938,4551.084,370.8,19.2,0.0,0.0,0.0,0.0,303072,0.0
5636,30184.1466369,8907.05519,11444.64,18685.188,0.0,24627.9481731,208501.938,4551.084,370.8,19.2,0.0,0.0,0.0,0.0,307292,0.0
5637,33050.9194481,8907.05519,11444.64,18685.188,0.0,25695.1753619,208501.938,4551.084,370.8,19.2,0.0,0.0,0.0,0.0,311226,0.0
5638,32504.2824657,8907.05519,11444.64,18685.188,0.0,25907.8123443,208501.938,4551.084,370.8,19.2,0.0,0.0,0.0,0.0,310892,0.0
5639,27542.9408589,8907.05519,11444.64,18685.188,0.0,26092.9353842,208501.938,4551.084,327.018566981,19.2,0.0,0.0,0.0,0.0,306072,0.0
5640,22371.4315932,8907.05519,11444.64,18685.188,0.0,26698.4632168,208501.938,4551.084,252.0,19.2,0.0,0.0,0.0,0.0,301431,0.0
5641,21818.9119916,8907.05519,11444.64,19890.684,0.0,27029.9868184,202987.638,4551.084,370.8,19.2,0.0,0.0,0.0,0.0,297020,0.0
5642,18966.6361095,8907.05519,11444.64,19890.684,0.0,26247.2627005,202987.638,4551.084,370.8,19.2,0.0,0.0,0.0,0.0,293385,0.0
5643,17635.6928822,8907.05519,11444.64,19890.684,0.0,25055.0059278,202987.638,4551.084,252.0,19.2,0.0,0.0,0.0,0.0,290743,0.0
5644,17595.942825,8907.05519,11444.64,19890.684,0.0,23490.755985,202987.638,4551.084,252.0,19.2,0.0,0.0,0.0,0.0,289139,0.0
5645,18162.4995836,8907.05519,11444.64,19890.684,0.0,21737.1992264,202987.638,4551.084,252.0,19.2,0.0,0.0,0.0,0.0,287952,0.0
5646,19002.4172511,8907.05519,11444.64,19890.684,0.0,20177.2815589,202987.638,4551.084,252.0,19.2,0.0,0.0,0.0,0.0,287232,0.0
5647,19616.647444,8907.05519,11444.64,19890.684,0.0,18744.051366,202987.638,4551.084,252.0,19.2,0.0,0.0,0.0,0.0,286413,0.0
5648,18351.8744805,8907.05519,11444.64,19890.684,4921.78735917,15914.2369704,202987.638,4551.084,370.8,19.2,0.0,0.0,0.0,0.0,287359,0.0
5649,11109.0619307,8907.05519,11444.64,19890.684,13256.7200048,15634.1168745,202987.638,4551.084,370.8,19.2,0.0,0.0,0.0,0.0,288171,0.0
5650,5576.12,8907.05519,11444.64,19890.684,21455.2586627,16321.0039411,201120.250206,4292.388,176.4,19.2,0.0,0.0,0.0,0.0,289203,0.0
5651,5576.12,8907.05519,11444.64,19890.684,27914.7761737,16021.2605576,197329.037079,2845.827,176.4,19.2,0.0,0.0,0.0,0.0,290125,0.0
5652,5576.12,8907.05519,11444.64,19890.684,31665.1243032,16855.7431791,193876.891328,2402.442,8.1,19.2,0.0,0.0,0.0,0.0,290646,0.0
5653,5576.12,8907.05519,11444.64,19890.684,34911.1469688,18617.3236918,188812.288149,2402.442,8.1,19.2,0.0,0.0,0.0,0.0,290589,0.0
5654,5576.12,8907.05519,11444.64,19890.684,33198.0502117,21417.8437551,187417.864843,2402.442,8.1,19.2,0.0,0.0,0.0,0.0,290282,0.0
5655,5576.12,8907.05519,11444.64,19890.684,27707.8681044,24320.5070337,189115.383672,2402.442,8.1,19.2,0.0,0.0,0.0,0.0,289392,0.0
5656,5576.12,8907.05519,11444.64,19890.684,20507.686146,26511.9691848,191958.103479,2402.442,8.1,19.2,0.0,0.0,0.0,0.0,287226,0.0
5657,5576.12,8907.05519,11444.64,19890.684,14128.7481591,26503.6404325,196818.685218,2845.827,176.4,19.2,0.0,0.0,0.0,0.0,286311,0.0
5658,9544.06664653,8907.05519,11444.64,19890.684,6220.36369459,25449.4684689,202987.638,4551.084,370.8,19.2,0.0,0.0,0.0,0.0,289385,0.0
5659,18622.1216104,8907.05519,11444.64,19890.684,617.855157017,25523.9220426,202987.638,4551.084,370.8,19.2,0.0,0.0,0.0,0.0,292935,0.0
5660,21641.809226,8907.05519,11444.64,19890.684,0.0,27228.089584,202987.638,4551.084,370.8,19.2,0.0,0.0,0.0,0.0,297041,0.0
5661,26076.9028999,8907.05519,11444.64,19890.684,0.0,28672.9959101,202987.638,4551.084,370.8,19.2,0.0,0.0,0.0,0.0,302921,0.0
5662,25802.8508924,8907.05519,11444.64,19890.684,0.0,30870.4846266,202987.638,4551.084,281.363291077,19.2,0.0,0.0,0.0,0.0,304755,0.0
5663,19855.1732473,8907.05519,11444.64,19890.684,0.0,32837.5255627,202987.638,4551.084,252.0,19.2,0.0,0.0,0.0,0.0,300745,0.0
5664,13512.3598794,8907.05519,11444.64,19890.684,0.0,34886.3389306,202987.638,4551.084,252.0,19.2,0.0,0.0,0.0,0.0,296451,0.0
5665,20632.3818224,8863.74698,11444.64,19890.684,0.0,37092.4821976,189664.173,3970.692,252.0,19.2,0.0,0.0,0.0,0.0,291830,0.0
5666,15042.4403955,8863.74698,11444.64,19890.684,0.0,38694.4236245,189664.173,3970.692,252.0,19.2,0.0,0.0,0.0,0.0,287842,0.0
5667,11875.8051885,8863.74698,11444.64,19890.684,0.0,40422.0588315,189664.173,3970.692,252.0,19.2,0.0,0.0,0.0,0.0,286403,0.0
5668,12406.0777888,8863.74698,11444.64,19890.684,0.0,39618.7862312,189664.173,3970.692,252.0,19.2,0.0,0.0,0.0,0.0,286130,0.0
5669,13444.126752,8863.74698,11444.64,19890.684,0.0,38721.737268,189664.173,3970.692,252.0,19.2,0.0,0.0,0.0,0.0,286271,0.0
5670,16001.4264971,8863.74698,11444.64,19890.684,0.0,37856.4375229,189664.173,3970.692,252.0,19.2,0.0,0.0,0.0,0.0,287963,0.0
5671,16792.8625218,8863.74698,11444.64,19890.684,0.0,37722.6168892,189664.173,3970.692,354.384608966,19.2,0.0,0.0,0.0,0.0,288723,0.0
5672,15671.5312058,8863.74698,11444.64,19890.684,4617.80156149,35004.7312527,189664.173,3970.692,370.8,19.2,0.0,0.0,0.0,0.0,289518,0.0
5673,10744.6061208,8863.74698,11444.64,19890.684,11899.347555,33155.1103442,189664.173,3970.692,370.8,19.2,0.0,0.0,0.0,0.0,290023,0.0
5674,5539.435,8863.74698,11444.64,19890.684,19550.3883798,34940.58022,189002.29442,2555.631,176.4,19.2,0.0,0.0,0.0,0.0,291983,0.0
5675,5539.435,8863.74698,11444.64,19890.684,26272.5265784,37282.9075072,181943.513934,2112.246,8.1,19.2,0.0,0.0,0.0,0.0,293377,0.0
5676,5539.435,8863.74698,11444.64,19890.684,31314.9799122,39279.0320767,175802.936031,2112.246,8.1,19.2,0.0,0.0,0.0,0.0,294275,0.0
5677,5539.435,8863.74698,11444.64,19890.684,33655.2628022,40928.0985338,172280.586684,2112.246,8.1,19.2,0.0,0.0,0.0,0.0,294742,0.0
5678,5539.435,8863.74698,11444.64,19890.684,33258.4915345,42990.9270214,170461.529464,2112.246,8.1,19.2,0.0,0.0,0.0,0.0,294589,0.0
5679,5539.435,8863.74698,11444.64,19890.684,30497.5960811,44554.0344705,169197.317468,2112.246,8.1,19.2,0.0,0.0,0.0,0.0,292127,0.0
5680,5539.435,8863.74698,11444.64,19890.684,24992.0540262,44792.8761028,172790.017891,2112.246,8.1,19.2,0.0,0.0,0.0,0.0,290453,0.0
5681,5539.435,8863.74698,11444.64,19890.684,16609.6545426,43396.1763009,184253.117177,2112.246,8.1,19.2,0.0,0.0,0.0,0.0,292137,0.0
5682,14189.7855178,8863.74698,11444.64,19890.684,7497.49127401,41068.7872282,189664.173,3970.692,370.8,19.2,0.0,0.0,0.0,0.0,296980,0.0
5683,26287.6954819,8863.74698,11444.64,19890.684,643.028929028,40583.1396091,189664.173,3970.692,252.0,19.2,0.0,0.0,0.0,0.0,301619,0.0
5684,27927.7647164,8863.74698,11444.64,19890.684,0.0,44391.0993036,189664.173,3970.692,252.0,19.2,0.0,0.0,0.0,0.0,306424,0.0
5685,27261.5103542,8863.74698,11444.64,19890.684,0.0,48606.3536658,189664.173,3970.692,252.0,19.2,0.0,0.0,0.0,0.0,309973,0.0
5686,26229.7851431,8863.74698,11444.64,19890.684,0.0,48290.0788769,189664.173,3970.692,252.0,19.2,0.0,0.0,0.0,0.0,308625,0.0
5687,23213.8993405,8863.74698,11444.64,19890.684,0.0,45897.1646795,189664.173,3970.692,370.8,19.2,0.0,0.0,0.0,0.0,303335,0.0
5688,19886.7500534,8863.74698,11444.64,19890.684,0.0,44607.1139666,189664.173,3970.692,252.0,19.2,0.0,0.0,0.0,0.0,298599,0.0
5689,28270.4240366,8820.43877,11444.64,19399.556,0.0,43359.1091131,181578.66208,1140.57,176.4,19.2,0.0,0.0,0.0,0.0,294209,0.0
5690,26217.1309639,8820.43877,11444.64,19399.556,0.0,41760.6912661,181724.373,1140.57,176.4,19.2,0.0,0.0,0.0,0.0,290703,0.0
5691,27271.5501802,8820.43877,11444.64,19399.556,0.0,39982.2720498,181724.373,1140.57,176.4,19.2,0.0,0.0,0.0,0.0,289979,0.0
5692,28178.4325606,8820.43877,11444.64,19399.556,0.0,39245.3896694,181724.373,1140.57,176.4,19.2,0.0,0.0,0.0,0.0,290149,0.0
5693,27528.836973,8820.43877,11444.64,19399.556,0.0,39753.985257,181724.373,1140.57,176.4,19.2,0.0,0.0,0.0,0.0,290008,0.0
5694,27083.8645646,8820.43877,11444.64,19399.556,0.0,40974.9576654,181724.373,1140.57,176.4,19.2,0.0,0.0,0.0,0.0,290784,0.0
5695,26504.6289841,8820.43877,11444.64,19399.556,0.0,42480.1932459,181724.373,1140.57,176.4,19.2,0.0,0.0,0.0,0.0,291710,0.0
5696,23078.9414546,8820.43877,11444.64,19399.556,4809.43741989,42286.4433555,181724.373,1140.57,176.4,19.2,0.0,0.0,0.0,0.0,292900,0.0
5697,11514.5175758,8820.43877,11444.64,19399.556,12287.0181433,48214.2865109,181724.373,1140.57,176.4,19.2,0.0,0.0,0.0,0.0,294741,0.0
5698,5502.75,8820.43877,11444.64,19399.556,20104.964941,58724.9909235,172500.174366,697.185,8.1,19.2,0.0,0.0,0.0,0.0,297222,0.0
5699,5502.75,8820.43877,11444.64,19399.556,25699.6936883,65320.7182545,162925.718287,697.185,8.1,19.2,0.0,0.0,0.0,0.0,299838,0.0
5700,5502.75,8820.43877,11444.64,19399.556,29299.8838448,68755.2700872,156525.876298,570.285,8.1,19.2,0.0,0.0,0.0,0.0,300346,0.0
5701,5502.75,8820.43877,11444.64,19399.556,31631.1601339,71844.4811974,150462.388899,570.285,8.1,19.2,0.0,0.0,0.0,0.0,299703,0.0
5702,5502.75,8820.43877,11444.64,19399.556,33081.1357142,74143.9755299,144889.918986,570.285,8.1,19.2,0.0,0.0,0.0,0.0,297880,0.0
5703,5502.75,8820.43877,11444.64,19399.556,29208.7304821,75558.4497302,144460.850018,570.285,8.1,19.2,0.0,0.0,0.0,0.0,294993,0.0
5704,5502.75,8820.43877,11444.64,19399.556,22769.9437388,76110.1366711,146589.94982,570.285,8.1,19.2,0.0,0.0,0.0,0.0,291235,0.0
5705,5502.75,8820.43877,11444.64,19399.556,15240.8706785,73982.2868558,156444.872696,570.285,8.1,19.2,0.0,0.0,0.0,0.0,291433,0.0
5706,5502.75,8820.43877,11444.64,19399.556,6383.463796,71015.4433448,171689.223089,697.185,8.1,19.2,0.0,0.0,0.0,0.0,294980,0.0
5707,6105.23477132,8820.43877,11444.64,19399.556,609.911827853,70406.6756308,181724.373,1140.57,176.4,19.2,0.0,0.0,0.0,0.0,299847,0.0
5708,11118.8640355,8820.43877,11444.64,19399.556,0.0,71390.9581945,181724.373,1140.57,176.4,19.2,0.0,0.0,0.0,0.0,305235,0.0
5709,16425.3717587,8820.43877,11444.64,19399.556,0.0,71185.4504713,181724.373,1140.57,176.4,19.2,0.0,0.0,0.0,0.0,310336,0.0
5710,16546.3663184,8820.43877,11444.64,19399.556,0.0,70200.4559116,181724.373,1140.57,176.4,19.2,0.0,0.0,0.0,0.0,309472,0.0
5711,11052.2647229,8820.43877,11444.64,19399.556,0.0,70061.5575071,181724.373,1140.57,176.4,19.2,0.0,0.0,0.0,0.0,303839,0.0
5712,5502.75,8820.43877,11444.64,19399.556,0.0,69160.4027673,181545.498,1125.11446274,176.4,19.2,0.0,0.0,0.0,0.0,297194,0.0
5713,13928.4555024,8777.13056,11444.64,18752.16,0.0,68205.0909376,169950.123,253.8,176.4,19.2,0.0,0.0,0.0,0.0,291507,0.0
5714,11354.6836625,8777.13056,11444.64,18752.16,0.0,66766.1627775,169950.123,253.8,8.1,19.2,0.0,0.0,0.0,0.0,287326,0.0
5715,10541.1907335,8777.13056,11444.64,18752.16,0.0,65538.6557065,169950.123,253.8,8.1,19.2,0.0,0.0,0.0,0.0,285285,0.0
5716,10787.4518638,8777.13056,11444.64,18752.16,0.0,65334.3945762,169950.123,253.8,8.1,19.2,0.0,0.0,0.0,0.0,285327,0.0
5717,12596.9389142,8777.13056,11444.64,18752.16,0.0,64766.9075258,169950.123,253.8,8.1,19.2,0.0,0.0,0.0,0.0,286569,0.0
5718,16933.0359206,8777.13056,11444.64,18752.16,0.0,62008.8105194,169950.123,253.8,8.1,19.2,0.0,0.0,0.0,0.0,288147,0.0
5719,20354.7209799,8777.13056,11444.64,18752.16,0.0,59190.1254601,169950.123,253.8,8.1,19.2,0.0,0.0,0.0,0.0,288750,0.0
5720,19928.1672982,8777.13056,11444.64,18752.16,4533.86499921,55700.5141426,169950.123,253.8,176.4,19.2,0.0,0.0,0.0,0.0,289536,0.0
5721,17272.5920156,8777.13056,11444.64,18752.16,10848.4339342,53363.2397266,169950.123,253.8,160.680763689,19.2,0.0,0.0,0.0,0.0,290842,0.0
5722,10407.1602502,8777.13056,11444.64,18752.16,17811.5142833,54589.1719065,169950.123,253.8,8.1,19.2,0.0,0.0,0.0,0.0,292013,0.0
5723,5539.435,8777.13056,11444.64,18752.16,22968.7709523,56740.2309889,168230.532499,253.8,8.1,19.2,0.0,0.0,0.0,0.0,292734,0.0
5724,5539.435,8777.13056,11444.64,18752.16,25193.8787795,58542.1685705,164256.48709,253.8,8.1,19.2,0.0,0.0,0.0,0.0,292787,0.0
5725,5539.435,8777.13056,11444.64,18752.16,26987.586048,61105.1484941,159356.799898,253.8,8.1,19.2,0.0,0.0,0.0,0.0,292244,0.0
5726,5539.435,8777.13056,11444.64,18752.16,26386.905385,62745.6748,156859.954255,253.8,8.1,19.2,0.0,0.0,0.0,0.0,290787,0.0
5727,5539.435,8777.13056,11444.64,18752.16,23359.1384818,62247.1381547,157644.257804,253.8,8.1,19.2,0.0,0.0,0.0,0.0,288045,0.0
5728,5539.435,8777.13056,11444.64,18752.16,18296.2907303,63405.4814216,158849.762288,253.8,8.1,19.2,0.0,0.0,0.0,0.0,285346,0.0
5729,5539.435,8777.13056,11444.64,18752.16,12737.3067291,63114.4252884,165100.802423,253.8,8.1,19.2,0.0,0.0,0.0,0.0,285747,0.0
5730,14989.7372269,8777.13056,11444.64,18752.16,5709.15457585,59979.9546373,169950.123,253.8,8.1,19.2,0.0,0.0,0.0,0.0,289884,0.0
5731,25833.5141017,8777.13056,11444.64,18752.16,678.872422657,58691.4599156,169950.123,253.8,8.1,19.2,0.0,0.0,0.0,0.0,294409,0.0
5732,27289.6136616,8777.13056,11444.64,18752.16,0.0,62854.2327784,169950.123,253.8,8.1,19.2,0.0,0.0,0.0,0.0,299349,0.0
5733,26368.6004739,8777.13056,11444.64,18752.16,0.0,67187.2459661,169950.123,253.8,8.1,19.2,0.0,0.0,0.0,0.0,302761,0.0
5734,24890.9467745,8777.13056,11444.64,18752.16,0.0,67169.8996655,169950.123,253.8,8.1,19.2,0.0,0.0,0.0,0.0,301266,0.0
5735,21671.5077582,8777.13056,11444.64,18752.16,0.0,64652.3386818,169950.123,253.8,8.1,19.2,0.0,0.0,0.0,0.0,295529,0.0
5736,17999.5667625,8777.13056,11444.64,18752.16,0.0,62662.2796775,169950.123,253.8,8.1,19.2,0.0,0.0,0.0,0.0,289867,0.0
5737,7385.6360578,8661.642,11444.64,18216.384,0.0,60887.1749422,177231.123,568.8,176.4,19.2,0.0,0.0,0.0,0.0,284591,0.0
5738,5649.49,8661.642,11444.64,18216.384,0.0,60182.6946762,176813.549324,411.3,8.1,19.2,0.0,0.0,0.0,0.0,281407,0.0
5739,5649.49,8661.642,11444.64,18216.384,0.0,59665.7721363,175855.471864,411.3,8.1,19.2,0.0,0.0,0.0,0.0,279932,0.0
5740,5649.49,8661.642,11444.64,18216.384,0.0,58456.8965587,175754.347441,411.3,8.1,19.2,0.0,0.0,0.0,0.0,278622,0.0
5741,6753.35961145,8661.642,11444.64,18216.384,0.0,56041.7513886,177231.123,568.8,8.1,19.2,0.0,0.0,0.0,0.0,278945,0.0
5742,12041.4540585,8661.642,11444.64,18216.384,0.0,53098.6569415,177231.123,568.8,8.1,19.2,0.0,0.0,0.0,0.0,281290,0.0
5743,17112.3588339,8661.642,11444.64,18216.384,0.0,50055.7521661,177231.123,568.8,8.1,19.2,0.0,0.0,0.0,0.0,283318,0.0
5744,19278.5987793,8661.642,11444.64,18216.384,4564.80736761,45587.4048531,177231.123,568.8,176.4,19.2,0.0,0.0,0.0,0.0,285749,0.0
5745,16881.4060583,8661.642,11444.64,18216.384,11057.2561306,43988.1488111,177231.123,568.8,176.4,19.2,0.0,0.0,0.0,0.0,288245,0.0
5746,8340.36781123,8661.642,11444.64,18216.384,16804.304613,47644.1385758,177231.123,568.8,176.4,19.2,0.0,0.0,0.0,0.0,289107,0.0
5747,5649.49,8661.642,11444.64,18216.384,22382.2845049,49745.3494436,171968.610051,411.3,8.1,19.2,0.0,0.0,0.0,0.0,288507,0.0
5748,5649.49,8661.642,11444.64,18216.384,26222.9847562,49908.8503073,166851.408936,411.3,8.1,19.2,0.0,0.0,0.0,0.0,287394,0.0
5749,5649.49,8661.642,11444.64,18216.384,26156.3245915,50105.6358805,165212.283528,411.3,8.1,19.2,0.0,0.0,0.0,0.0,285885,0.0
5750,5649.49,8661.642,11444.64,18216.384,24189.9336759,49932.82067,165880.489654,411.3,8.1,19.2,0.0,0.0,0.0,0.0,284414,0.0
5751,5649.49,8661.642,11444.64,18216.384,20873.7070935,49913.256182,167967.280725,411.3,8.1,19.2,0.0,0.0,0.0,0.0,283165,0.0
5752,5649.49,8661.642,11444.64,18216.384,14794.0217989,50316.1853748,172964.036826,411.3,8.1,19.2,0.0,0.0,0.0,0.0,282485,0.0
5753,6519.26737141,8661.642,11444.64,18216.384,11221.9631276,49857.580501,177231.123,568.8,176.4,19.2,0.0,0.0,0.0,0.0,283917,0.0
5754,21214.2179502,8661.642,11444.64,18216.384,4557.82476695,46678.4885053,177231.123,568.8,83.6797775373,19.2,0.0,0.0,0.0,0.0,288676,0.0
5755,32835.4156532,8661.642,11444.64,18216.384,476.683411299,43687.0119355,177231.123,568.8,8.1,19.2,0.0,0.0,0.0,0.0,293149,0.0
5756,36177.879943,8661.642,11444.64,18216.384,0.0,44399.231057,177231.123,568.8,8.1,19.2,0.0,0.0,0.0,0.0,296727,0.0
5757,35949.7475784,8661.642,11444.64,18216.384,0.0,47042.3634216,177231.123,568.8,8.1,19.2,0.0,0.0,0.0,0.0,299142,0.0
5758,32504.7419457,8661.642,11444.64,18216.384,0.0,49324.3690543,177231.123,568.8,8.1,19.2,0.0,0.0,0.0,0.0,297979,0.0
5759,23369.4168658,8661.642,11444.64,18216.384,0.0,51318.6941342,177231.123,568.8,8.1,19.2,0.0,0.0,0.0,0.0,290838,0.0
5760,14714.6503818,8661.642,11444.64,18216.384,0.0,53242.4606182,177231.123,568.8,8.1,19.2,0.0,0.0,0.0,0.0,284107,0.0
5761,13335.9267484,8502.84523,11444.64,17680.608,0.0,55477.1570216,172131.723,253.8,8.1,19.2,0.0,0.0,0.0,0.0,278854,0.0
5762,7593.0998985,8502.84523,11444.64,17680.608,0.0,57109.9838715,172131.723,253.8,8.1,19.2,0.0,0.0,0.0,0.0,274744,0.0
5763,5649.49,8502.84523,11444.64,17680.608,0.0,57440.8418769,171118.474893,253.8,8.1,19.2,0.0,0.0,0.0,0.0,272118,0.0
5764,5649.49,8502.84523,11444.64,17680.608,0.0,57170.2837262,171417.033044,253.8,8.1,19.2,0.0,0.0,0.0,0.0,272146,0.0
5765,6826.366857,8502.84523,11444.64,17680.608,0.0,56159.716913,172131.723,253.8,8.1,19.2,0.0,0.0,0.0,0.0,273027,0.0
5766,11455.8443284,8502.84523,11444.64,17680.608,0.0,53535.2394416,172131.723,253.8,8.1,19.2,0.0,0.0,0.0,0.0,275032,0.0
5767,17335.2297341,8502.84523,11444.64,17680.608,0.0,49903.8540359,172131.723,253.8,8.1,19.2,0.0,0.0,0.0,0.0,277280,0.0
5768,19201.0065202,8502.84523,11444.64,17680.608,4717.40165274,44898.6755971,172131.723,253.8,8.1,19.2,0.0,0.0,0.0,0.0,278858,0.0
5769,15164.9060245,8502.84523,11444.64,17680.608,11302.2356086,43354.9421369,172131.723,253.8,8.1,19.2,0.0,0.0,0.0,0.0,279863,0.0
5770,6794.9361555,8502.84523,11444.64,17680.608,18075.9601847,45731.1874298,172131.723,253.8,8.1,19.2,0.0,0.0,0.0,0.0,280643,0.0
5771,5649.49,8502.84523,11444.64,17680.608,23426.5829643,45806.1125009,167593.621305,253.8,8.1,19.2,0.0,0.0,0.0,0.0,280385,0.0
5772,5649.49,8502.84523,11444.64,17680.608,26261.1112658,45823.7484999,163573.457004,253.8,8.1,19.2,0.0,0.0,0.0,0.0,279217,0.0
5773,5649.49,8502.84523,11444.64,17680.608,27109.9381967,45943.1535161,161268.225057,253.8,8.1,19.2,0.0,0.0,0.0,0.0,277880,0.0
5774,5649.49,8502.84523,11444.64,17680.608,26888.3498756,46667.0447709,159520.922123,253.8,8.1,19.2,0.0,0.0,0.0,0.0,276635,0.0
5775,5649.49,8502.84523,11444.64,17680.608,24492.4348419,47210.0867613,159387.795167,253.8,8.1,19.2,0.0,0.0,0.0,0.0,274649,0.0
5776,5649.49,8502.84523,11444.64,17680.608,18524.6905558,48940.205354,161639.42086,253.8,8.1,19.2,0.0,0.0,0.0,0.0,272663,0.0
5777,5649.49,8502.84523,11444.64,17680.608,13462.2964995,49695.5666286,167189.453642,253.8,8.1,19.2,0.0,0.0,0.0,0.0,273906,0.0
5778,18488.9669709,8502.84523,11444.64,17680.608,3961.53735484,46483.0629244,172377.23952,253.8,8.1,19.2,0.0,0.0,0.0,0.0,279220,0.0
5779,29624.0882095,8502.84523,11444.64,17680.608,347.401247801,44302.1943127,172488.123,253.8,8.1,19.2,0.0,0.0,0.0,0.0,284671,0.0
5780,33592.7923357,8502.84523,11444.64,17680.608,0.0,45974.8914343,172488.123,253.8,8.1,19.2,0.0,0.0,0.0,0.0,289965,0.0
5781,35497.6695779,8502.84523,11444.64,17680.608,0.0,48235.0141921,172488.123,253.8,8.1,19.2,0.0,0.0,0.0,0.0,294130,0.0
5782,33270.6499858,8502.84523,11444.64,17680.608,0.0,49843.0337842,172488.123,253.8,8.1,19.2,0.0,0.0,0.0,0.0,293511,0.0
5783,25598.2905413,8502.84523,11444.64,17680.608,0.0,51913.3932287,172488.123,253.8,8.1,19.2,0.0,0.0,0.0,0.0,287909,0.0
5784,17298.7450125,8502.84523,11444.64,17680.608,0.0,54161.1387575,172309.923,253.8,8.1,19.2,0.0,0.0,0.0,0.0,281679,0.0
5785,29907.0086833,8387.35667,11444.64,17122.508,0.0,55874.4136467,153188.973,253.8,8.1,19.2,0.0,0.0,0.0,0.0,276206,0.0
5786,24274.7797969,8387.35667,11444.64,17122.508,0.0,57378.6425331,153188.973,253.8,8.1,19.2,0.0,0.0,0.0,0.0,272078,0.0
5787,21333.0596626,8387.35667,11444.64,17122.508,0.0,58228.3626674,153188.973,253.8,8.1,19.2,0.0,0.0,0.0,0.0,269986,0.0
5788,19020.9620941,8387.35667,11444.64,17122.508,0.0,59613.4602359,153188.973,253.8,8.1,19.2,0.0,0.0,0.0,0.0,269059,0.0
5789,18040.6557011,8387.35667,11444.64,17122.508,0.0,60522.7666289,153188.973,253.8,8.1,19.2,0.0,0.0,0.0,0.0,268988,0.0
5790,18249.0488044,8387.35667,11444.64,17122.508,0.0,61466.3735256,153188.973,253.8,8.1,19.2,0.0,0.0,0.0,0.0,270140,0.0
5791,18838.9348553,8387.35667,11444.64,17122.508,0.0,62217.8434225,153179.617052,253.8,8.1,19.2,0.0,0.0,0.0,0.0,271472,0.0
5792,16172.0169869,8387.35667,11444.64,17122.508,4826.88469695,62056.5206462,153188.973,253.8,8.1,19.2,0.0,0.0,0.0,0.0,273480,0.0
5793,9851.56298507,8387.35667,11444.64,17122.508,12271.9476644,63534.9116805,153188.973,253.8,8.1,19.2,0.0,0.0,0.0,0.0,276083,0.0
5794,5612.805,8387.35667,11444.64,17122.508,19637.3256008,67197.230709,149389.03402,253.8,8.1,19.2,0.0,0.0,0.0,0.0,279072,0.0
5795,5612.805,8387.35667,11444.64,17122.508,26338.3017647,69379.8154108,142731.473154,253.8,8.1,19.2,0.0,0.0,0.0,0.0,281298,0.0
5796,5612.805,8387.35667,11444.64,17122.508,27342.7422762,72007.1104662,140105.737588,253.8,8.1,19.2,0.0,0.0,0.0,0.0,282304,0.0
5797,5612.805,8387.35667,11444.64,17122.508,29149.0250719,74167.3202963,136701.144962,126.9,8.1,19.2,0.0,0.0,0.0,0.0,282739,0.0
5798,5612.805,8387.35667,11444.64,17122.508,28298.6836202,76667.7805778,134256.026132,126.9,8.1,19.2,0.0,0.0,0.0,0.0,281944,0.0
5799,5612.805,8387.35667,11444.64,17122.508,25667.3257211,79134.8477508,132651.316858,126.9,8.1,19.2,0.0,0.0,0.0,0.0,280175,0.0
5800,5612.805,8387.35667,11444.64,17122.508,19579.7396192,82242.8389535,133439.911757,126.9,8.1,19.2,0.0,0.0,0.0,0.0,277984,0.0
5801,5612.805,8387.35667,11444.64,17122.508,12514.0750078,83765.6084336,140082.906889,253.8,8.1,19.2,0.0,0.0,0.0,0.0,279211,0.0
5802,7402.0561071,8387.35667,11444.64,17122.508,4766.42606182,81804.9401611,153188.973,253.8,8.1,19.2,0.0,0.0,0.0,0.0,284398,0.0
5803,18948.4646104,8387.35667,11444.64,17122.508,350.935210613,80382.022509,153188.973,253.8,8.1,19.2,0.0,0.0,0.0,0.0,290106,0.0
5804,23799.8881722,8387.35667,11444.64,17122.508,0.0,81316.5341578,153188.973,253.8,8.1,19.2,0.0,0.0,0.0,0.0,295541,0.0
5805,25896.6148932,8387.35667,11444.64,17122.508,0.0,83311.0074368,153010.773,253.8,8.1,19.2,0.0,0.0,0.0,0.0,299454,0.0
5806,24022.7852016,8387.35667,11444.64,17122.508,0.0,83958.6371284,153188.973,253.8,8.1,19.2,0.0,0.0,0.0,0.0,298406,0.0
5807,15130.1693804,8387.35667,11444.64,17122.508,0.0,84985.2529496,153188.973,253.8,8.1,19.2,0.0,0.0,0.0,0.0,290540,0.0
5808,6133.48096539,8387.35667,11444.64,17122.508,0.0,86501.9413646,153188.973,253.8,8.1,19.2,0.0,0.0,0.0,0.0,283060,0.0
5809,33007.3539406,8242.99597,11444.64,16787.648,0.0,87458.0890894,119725.173,253.8,8.1,19.2,0.0,0.0,0.0,0.0,276947,0.0
5810,27818.8982154,8242.99597,11444.64,16787.648,0.0,87907.7448146,119546.973,253.8,8.1,19.2,0.0,0.0,0.0,0.0,272030,0.0
5811,24716.2668713,8242.99597,11444.64,16787.648,0.0,87996.3262073,119693.022951,253.8,8.1,19.2,0.0,0.0,0.0,0.0,269162,0.0
5812,24169.667496,8242.99597,11444.64,16787.648,0.0,87694.775534,119725.173,253.8,8.1,19.2,0.0,0.0,0.0,0.0,268346,0.0
5813,24240.8029914,8242.99597,11444.64,16787.648,0.0,87047.8400386,119546.973,253.8,8.1,19.2,0.0,0.0,0.0,0.0,267592,0.0
5814,24317.6343956,8242.99597,11444.64,16787.648,0.0,86612.0086344,119546.973,253.8,8.1,19.2,0.0,0.0,0.0,0.0,267233,0.0
5815,24585.3036096,8242.99597,11444.64,16787.648,0.0,86527.1394204,119725.173,253.8,8.1,19.2,0.0,0.0,0.0,0.0,267594,0.0
5816,20220.5922625,8242.99597,11444.64,16787.648,4843.1623041,86484.6884634,119725.173,253.8,8.1,19.2,0.0,0.0,0.0,0.0,268030,0.0
5817,12291.8786282,8242.99597,11444.64,16787.648,12203.5187521,87360.2456497,119546.973,253.8,8.1,19.2,0.0,0.0,0.0,0.0,268159,0.0
5818,5282.64,8242.99597,11444.64,16787.648,19373.6547596,89972.1352932,117017.185977,253.8,8.1,19.2,0.0,0.0,0.0,0.0,268402,0.0
5819,5282.64,8242.99597,11444.64,16787.648,25704.7562211,92415.2383034,107892.881506,126.9,8.1,19.2,0.0,0.0,0.0,0.0,267925,0.0
5820,5282.64,8242.99597,11444.64,16787.648,28470.4981889,94796.9189651,101103.458876,126.9,8.1,19.2,0.0,0.0,0.0,0.0,266283,0.0
5821,5282.64,8242.99597,11444.64,16787.648,29232.1660389,96866.7718126,95559.9381785,126.9,8.1,19.2,0.0,0.0,0.0,0.0,263571,0.0
5822,5282.64,8242.99597,11444.64,16787.648,30671.8462464,98392.1195779,90020.9102056,126.9,8.1,19.2,0.0,0.0,0.0,0.0,260997,0.0
5823,5282.64,8242.99597,11444.64,16787.648,26687.4729535,98232.5829916,91603.8200849,126.9,8.1,19.2,0.0,0.0,0.0,0.0,258436,0.0
5824,5282.64,8242.99597,11444.64,16787.648,21285.1861638,99277.0633105,93669.6265557,126.9,8.1,19.2,0.0,0.0,0.0,0.0,256144,0.0
5825,5282.64,8242.99597,11444.64,16787.648,12522.0508674,98886.308848,103564.516315,126.9,8.1,19.2,0.0,0.0,0.0,0.0,256885,0.0
5826,5282.64,8242.99597,11444.64,16787.648,5466.76520235,97788.3060356,117040.904792,253.8,8.1,19.2,0.0,0.0,0.0,0.0,262335,0.0
5827,12520.8020905,8242.99597,11444.64,16787.648,434.584242518,98406.256697,119546.973,253.8,8.1,19.2,0.0,0.0,0.0,0.0,267665,0.0
5828,15900.270039,8242.99597,11444.64,16787.648,0.0,100852.172991,119725.173,253.8,8.1,19.2,0.0,0.0,0.0,0.0,273234,0.0
5829,18301.343454,8242.99597,11444.64,16787.648,0.0,103090.099576,119725.173,253.8,8.1,19.2,0.0,0.0,0.0,0.0,277873,0.0
5830,17469.9059066,8242.99597,11444.64,16787.648,0.0,103221.537123,119725.173,253.8,8.1,19.2,0.0,0.0,0.0,0.0,277173,0.0
5831,12506.8314165,8242.99597,11444.64,16787.648,0.0,102332.611614,119725.173,253.8,8.1,19.2,0.0,0.0,0.0,0.0,271321,0.0
5832,6245.54468286,8242.99597,11444.64,16787.648,0.0,102641.098347,119546.973,253.8,8.1,19.2,0.0,0.0,0.0,0.0,265190,0.0
5833,9980.37010861,8127.50741,11444.64,16542.084,0.0,103159.015481,110157.183,126.9,8.1,19.2,0.0,0.0,0.0,0.0,259565,0.0
5834,5539.435,8127.50741,11444.64,16542.084,0.0,104036.396357,109154.737233,126.9,8.1,19.2,0.0,0.0,0.0,0.0,254999,0.0
5835,5539.435,8127.50741,11444.64,16542.084,0.0,105140.086437,105289.047153,126.9,8.1,19.2,0.0,0.0,0.0,0.0,252237,0.0
5836,5539.435,8127.50741,11444.64,16542.084,0.0,103652.465156,105017.668434,126.9,8.1,19.2,0.0,0.0,0.0,0.0,250478,0.0
5837,5539.435,8127.50741,11444.64,16542.084,0.0,101267.620812,108048.512778,126.9,8.1,19.2,0.0,0.0,0.0,0.0,251124,0.0
5838,7877.62853079,8127.50741,11444.64,16542.084,0.0,98936.7570592,110157.183,126.9,8.1,19.2,0.0,0.0,0.0,0.0,253240,0.0
5839,12564.8471311,8127.50741,11444.64,16542.084,0.0,96928.5384589,110157.183,126.9,8.1,19.2,0.0,0.0,0.0,0.0,255919,0.0
5840,13587.4733667,8127.50741,11444.64,16542.084,4869.2997913,93894.612432,110157.183,126.9,8.1,19.2,0.0,0.0,0.0,0.0,258777,0.0
5841,10495.6824022,8127.50741,11444.64,16542.084,12371.2509007,92470.4522871,110157.183,126.9,8.1,19.2,0.0,0.0,0.0,0.0,261763,0.0
5842,5539.435,8127.50741,11444.64,16542.084,20063.9010084,98590.8552399,104022.377342,126.9,8.1,19.2,0.0,0.0,0.0,0.0,264485,0.0
5843,5539.435,8127.50741,11444.64,16542.084,25441.7832473,103668.222965,94900.1273773,126.9,8.1,19.2,0.0,0.0,0.0,0.0,265818,0.0
5844,5539.435,8127.50741,11444.64,16542.084,29776.7444902,107049.791602,87315.6974983,126.9,0.0,19.2,0.0,0.0,0.0,0.0,265942,0.0
5845,5539.435,8127.50741,11444.64,16542.084,27427.9959463,109644.546443,87054.6912005,126.9,0.0,19.2,0.0,0.0,0.0,0.0,265927,0.0
5846,5539.435,8127.50741,11444.64,16542.084,27971.4594124,111650.287058,83544.6871198,126.9,0.0,0.0,0.0,0.0,0.0,0.0,264947,0.0
5847,5539.435,8127.50741,11444.64,16542.084,25571.3698635,112426.94291,83766.1208161,126.9,0.0,0.0,0.0,0.0,0.0,0.0,263545,0.0
5848,5539.435,8127.50741,11444.64,16542.084,19795.0272638,109457.723513,91867.3828131,126.9,8.1,19.2,0.0,0.0,0.0,0.0,262928,0.0
5849,5539.435,8127.50741,11444.64,16542.084,11976.6576799,103015.717802,108364.758108,126.9,8.1,19.2,0.0,0.0,0.0,0.0,265165,0.0
5850,23234.4252598,8127.50741,11444.64,16542.084,4984.12082791,95785.8395022,110157.183,126.9,8.1,19.2,0.0,0.0,0.0,0.0,270430,0.0
5851,36401.0045134,8127.50741,11444.64,16542.084,371.619866018,92745.7612106,110157.183,126.9,8.1,19.2,0.0,0.0,0.0,0.0,275944,0.0
5852,36685.0,8127.50741,11444.64,16542.084,0.0,91815.0148404,115748.65375,253.8,8.1,19.2,0.0,0.0,0.0,0.0,280644,0.0
5853,36685.0,8127.50741,11444.64,16542.084,0.0,91168.1902442,116755.173,253.8,1281.303,1549.30234577,0.0,0.0,0.0,0.0,283807,0.0
5854,36685.0,8127.50741,11444.64,16542.084,0.0,92898.1493381,115357.519252,253.8,8.1,19.2,0.0,0.0,0.0,0.0,281336,0.0
5855,32157.1481033,8127.50741,11444.64,16542.084,0.0,95474.2374867,110157.183,126.9,8.1,19.2,0.0,0.0,0.0,0.0,274057,0.0
5856,23030.0565841,8127.50741,11444.64,16542.084,0.0,97381.1648669,110324.347139,126.9,8.1,19.2,0.0,0.0,0.0,0.0,267004,0.0
5857,5686.175,7838.78601,11444.64,16631.38,0.0,99986.869046,119085.949944,126.9,8.1,19.2,0.0,0.0,0.0,0.0,260828,0.0
5858,5686.175,7838.78601,11444.64,16631.38,0.0,101923.929454,112561.889536,126.9,8.1,19.2,0.0,0.0,0.0,0.0,256241,0.0
5859,5686.175,7838.78601,11444.64,16631.38,0.0,104242.751475,108118.067515,126.9,8.1,19.2,0.0,0.0,0.0,0.0,254116,0.0
5860,5686.175,7838.78601,11444.64,16631.38,0.0,104944.802955,107341.016035,126.9,8.1,19.2,0.0,0.0,0.0,0.0,254041,0.0
5861,5686.175,7838.78601,11444.64,16631.38,0.0,104340.661215,108248.157775,126.9,8.1,19.2,0.0,0.0,0.0,0.0,254344,0.0
5862,5686.175,7838.78601,11444.64,16631.38,0.0,101757.606106,112685.212884,126.9,8.1,19.2,0.0,0.0,0.0,0.0,256198,0.0
5863,5686.175,7838.78601,11444.64,16631.38,0.0,98347.065636,118132.753354,126.9,8.1,19.2,0.0,0.0,0.0,0.0,258235,0.0
5864,5686.175,7838.78601,11444.64,16631.38,4966.00142742,91345.5504287,122259.267134,126.9,8.1,19.2,0.0,0.0,0.0,0.0,260326,0.0
5865,5686.175,7838.78601,11444.64,16631.38,12591.2222144,87122.9481086,120407.648667,126.9,8.1,19.2,0.0,0.0,0.0,0.0,261877,0.0
5866,5686.175,7838.78601,11444.64,16631.38,20414.6632191,91270.5451582,110337.610613,126.9,8.1,19.2,0.0,0.0,0.0,0.0,263778,0.0
5867,5686.175,7838.78601,11444.64,16631.38,27235.1851256,93267.4484234,102742.185441,126.9,8.1,19.2,0.0,0.0,0.0,0.0,265000,0.0
5868,5686.175,7838.78601,11444.64,16631.38,30395.1639972,94129.6102864,99166.3447064,126.9,0.0,0.0,0.0,0.0,0.0,0.0,265419,0.0
5869,5686.175,7838.78601,11444.64,16631.38,31007.0918295,93558.3079578,99723.7192026,126.9,0.0,0.0,0.0,0.0,0.0,0.0,266017,0.0
5870,5686.175,7838.78601,11444.64,16631.38,28653.8406971,90822.4879239,104549.490369,126.9,8.1,19.2,0.0,0.0,0.0,0.0,265781,0.0
5871,5686.175,7838.78601,11444.64,16631.38,27843.9104454,87323.6018596,107778.306685,126.9,8.1,19.2,0.0,0.0,0.0,0.0,264701,0.0
5872,5686.175,7838.78601,11444.64,16631.38,22802.7232827,81936.2170093,117751.878698,126.9,8.1,19.2,0.0,0.0,0.0,0.0,264246,0.0
5873,13548.3380802,7838.78601,11444.64,16631.38,14542.8776876,75577.3052222,127047.573,253.8,8.1,19.2,0.0,0.0,0.0,0.0,266912,0.0
5874,32962.4088634,7838.78601,11444.64,16631.38,6260.68613615,70553.4259905,127047.573,253.8,8.1,19.2,0.0,0.0,0.0,0.0,273020,0.0
5875,36685.0,7838.78601,11444.64,16631.38,222.536969031,70322.7476113,135429.80941,253.8,8.1,19.2,0.0,0.0,0.0,0.0,278856,0.0
5876,36685.0,7838.78601,11444.64,16631.38,0.0,72661.4431194,137545.173,253.8,736.911,100.86687061,0.0,0.0,0.0,0.0,283898,0.0
5877,36685.0,7838.78601,11444.64,16631.38,0.0,75137.6696398,137545.173,253.8,905.823,975.728350197,0.0,0.0,0.0,0.0,287418,0.0
5878,36685.0,7838.78601,11444.64,16631.38,0.0,78068.497257,135647.596733,253.8,8.1,19.2,0.0,0.0,0.0,0.0,286597,0.0
5879,35452.1563525,7838.78601,11444.64,16631.38,0.0,81180.3646375,127047.573,253.8,8.1,19.2,0.0,0.0,0.0,0.0,279876,0.0
5880,26175.152704,7838.78601,11444.64,16631.38,0.0,83757.5661797,127047.375106,253.8,8.1,19.2,0.0,0.0,0.0,0.0,273176,0.0
5881,5866.50164457,7651.1171,11444.64,16899.268,0.0,85385.9002554,139921.173,253.8,176.4,19.2,0.0,0.0,0.0,0.0,267618,0.0
5882,5576.12,7651.1171,11444.64,16899.268,0.0,86467.291163,135393.463737,253.8,8.1,19.2,0.0,0.0,0.0,0.0,263713,0.0
5883,5576.12,7651.1171,11444.64,16899.268,0.0,86362.5874625,133459.167437,253.8,8.1,19.2,0.0,0.0,0.0,0.0,261674,0.0
5884,5576.12,7651.1171,11444.64,16899.268,0.0,83343.0137535,136834.741146,253.8,8.1,19.2,0.0,0.0,0.0,0.0,262030,0.0
5885,9026.98275603,7651.1171,11444.64,16899.268,0.0,78472.419144,139921.173,253.8,176.4,19.2,0.0,0.0,0.0,0.0,263865,0.0
5886,16369.9887798,7651.1171,11444.64,16899.268,0.0,73758.2437388,139921.173,253.8,18.5693813614,19.2,0.0,0.0,0.0,0.0,266336,0.0
5887,21853.5782856,7651.1171,11444.64,16899.268,0.0,69414.1236144,139921.173,253.8,8.1,19.2,0.0,0.0,0.0,0.0,267465,0.0
5888,24300.6983891,7651.1171,11444.64,16899.268,4902.76345842,63242.9400524,139921.173,253.8,176.4,19.2,0.0,0.0,0.0,0.0,268812,0.0
5889,15927.5718446,7651.1171,11444.64,16899.268,13402.9509921,63799.8790633,139921.173,253.8,176.4,19.2,0.0,0.0,0.0,0.0,269496,0.0
5890,5576.12,7651.1171,11444.64,16899.268,20383.5978595,72805.2962956,134821.860745,253.8,8.1,19.2,0.0,0.0,0.0,0.0,269863,0.0
5891,5576.12,7651.1171,11444.64,16899.268,26870.9138472,78661.5989607,123100.142092,126.9,8.1,19.2,0.0,0.0,0.0,0.0,270358,0.0
5892,5576.12,7651.1171,11444.64,16899.268,28478.9125197,82020.3851273,118582.357253,126.9,8.1,19.2,0.0,0.0,0.0,0.0,270807,0.0
5893,5576.12,7651.1171,11444.64,16899.268,30159.4086794,84134.4592215,115035.786999,126.9,8.1,19.2,0.0,0.0,0.0,0.0,271055,0.0
5894,5576.12,7651.1171,11444.64,16899.268,28225.7375545,86255.2307773,114599.686568,126.9,8.1,19.2,0.0,0.0,0.0,0.0,270806,0.0
5895,5576.12,7651.1171,11444.64,16899.268,25979.5355706,88054.6707733,113672.448556,126.9,8.1,19.2,0.0,0.0,0.0,0.0,269432,0.0
5896,5576.12,7651.1171,11444.64,16899.268,18803.4894507,87010.1731544,120468.992295,126.9,8.1,19.2,0.0,0.0,0.0,0.0,268008,0.0
5897,5576.12,7651.1171,11444.64,16899.268,12763.4453363,82516.8020846,131590.507479,253.8,8.1,19.2,0.0,0.0,0.0,0.0,268723,0.0
5898,14496.6420552,7651.1171,11444.64,16899.268,4618.78665001,77310.9731947,139921.173,253.8,176.4,19.2,0.0,0.0,0.0,0.0,272792,0.0
5899,25967.2040367,7651.1171,11444.64,16899.268,144.459287241,74694.7385761,139921.173,253.8,176.4,19.2,0.0,0.0,0.0,0.0,277172,0.0
5900,31229.0696948,7651.1171,11444.64,16899.268,0.0,74602.3322052,139921.173,253.8,176.4,19.2,0.0,0.0,0.0,0.0,282197,0.0
5901,34204.7862594,7651.1171,11444.64,16899.268,0.0,75329.6156407,139921.173,253.8,176.4,19.2,0.0,0.0,0.0,0.0,285900,0.0
5902,33908.7181001,7651.1171,11444.64,16899.268,0.0,74882.6837999,139921.173,253.8,176.4,19.2,0.0,0.0,0.0,0.0,285157,0.0
5903,28716.8976664,7651.1171,11444.64,16899.268,0.0,74300.5042336,139921.173,253.8,176.4,19.2,0.0,0.0,0.0,0.0,279383,0.0
5904,22650.8964877,7651.1171,11444.64,16899.268,0.0,74164.5054123,139921.173,253.8,176.4,19.2,0.0,0.0,0.0,0.0,273181,0.0
5905,24673.8950516,7607.80889,11444.64,17077.86,0.0,73789.7230584,132614.973,253.8,8.1,19.2,0.0,0.0,0.0,0.0,267490,0.0
5906,20346.0932747,7607.80889,11444.64,17077.86,0.0,73671.5248353,132614.973,253.8,8.1,19.2,0.0,0.0,0.0,0.0,263044,0.0
5907,17573.379601,7607.80889,11444.64,17077.86,0.0,74095.238509,132614.973,253.8,8.1,19.2,0.0,0.0,0.0,0.0,260695,0.0
5908,15350.771099,7607.80889,11444.64,17077.86,0.0,76015.847011,132614.973,253.8,8.1,19.2,0.0,0.0,0.0,0.0,260393,0.0
5909,13675.6026982,7607.80889,11444.64,17077.86,0.0,78251.0154118,132614.973,253.8,8.1,19.2,0.0,0.0,0.0,0.0,260953,0.0
5910,13892.7751283,7607.80889,11444.64,17077.86,0.0,79181.8429817,132614.973,253.8,8.1,19.2,0.0,0.0,0.0,0.0,262101,0.0
5911,14540.4010041,7607.80889,11444.64,17077.86,0.0,79841.2171059,132614.973,253.8,8.1,19.2,0.0,0.0,0.0,0.0,263408,0.0
5912,13010.2151839,7607.80889,11444.64,17077.86,5039.33612743,78131.0667987,132614.973,253.8,8.1,19.2,0.0,0.0,0.0,0.0,265207,0.0
5913,7573.91551814,7607.80889,11444.64,17077.86,12397.1581131,77418.5444787,132614.973,253.8,8.1,19.2,0.0,0.0,0.0,0.0,266416,0.0
5914,5466.065,7607.80889,11444.64,17077.86,19005.8621318,81862.5319313,124654.132047,253.8,8.1,19.2,0.0,0.0,0.0,0.0,267400,0.0
5915,5466.065,7607.80889,11444.64,17077.86,24535.0977233,84232.171562,117392.156825,126.9,8.1,19.2,0.0,0.0,0.0,0.0,267910,0.0
5916,5466.065,7607.80889,11444.64,17077.86,26928.5204731,84880.748948,114346.156689,126.9,8.1,19.2,0.0,0.0,0.0,0.0,267906,0.0
5917,5466.065,7607.80889,11444.64,17077.86,25392.2620817,84826.5640582,114990.59997,126.9,8.1,19.2,0.0,0.0,0.0,0.0,266960,0.0
5918,5466.065,7607.80889,11444.64,17077.86,24001.6919031,85131.349213,114232.384994,126.9,8.1,19.2,0.0,0.0,0.0,0.0,265116,0.0
5919,5466.065,7607.80889,11444.64,17077.86,19002.3971404,85118.4024872,116753.626482,126.9,8.1,19.2,0.0,0.0,0.0,0.0,262625,0.0
5920,5466.065,7607.80889,11444.64,17077.86,14507.509478,84928.0030774,119663.913555,126.9,8.1,19.2,0.0,0.0,0.0,0.0,260850,0.0
5921,5466.065,7607.80889,11444.64,17077.86,10986.4146384,81330.8796756,128548.231796,253.8,8.1,19.2,0.0,0.0,0.0,0.0,262743,0.0
5922,17676.3186329,7607.80889,11444.64,17077.86,4680.14552801,76440.4160798,132615.710869,253.8,8.1,19.2,0.0,0.0,0.0,0.0,267824,0.0
5923,28230.3870497,7607.80889,11444.64,17077.86,95.4796400824,75158.5514202,132793.173,253.8,8.1,19.2,0.0,0.0,0.0,0.0,272689,0.0
5924,31776.1308672,7607.80889,11444.64,17077.86,0.0,76726.2872428,132793.173,253.8,8.1,19.2,0.0,0.0,0.0,0.0,277707,0.0
5925,33070.5185436,7607.80889,11444.64,17077.86,0.0,79236.8995664,132793.173,253.8,8.1,19.2,0.0,0.0,0.0,0.0,281512,0.0
5926,27816.6393132,7607.80889,11444.64,17077.86,0.0,82706.7787968,132793.173,253.8,8.1,19.2,0.0,0.0,0.0,0.0,279728,0.0
5927,17037.9574259,7607.80889,11444.64,17077.86,0.0,87249.4606841,132793.173,253.8,8.1,19.2,0.0,0.0,0.0,0.0,273492,0.0
5928,5883.33560859,7607.80889,11444.64,17077.86,0.0,92171.0825014,132793.173,253.8,8.1,19.2,0.0,0.0,0.0,0.0,267259,0.0
5929,20025.7198793,7607.80889,11444.64,17256.452,0.0,97335.1062307,107485.173,253.8,8.1,19.2,0.0,0.0,0.0,0.0,261436,0.0
5930,9665.09452922,7607.80889,11444.64,17256.452,0.0,102390.731581,107485.173,253.8,8.1,19.2,0.0,0.0,0.0,0.0,256131,0.0
5931,5356.01,7607.80889,11444.64,17256.452,0.0,106774.364479,104360.524631,126.9,8.1,19.2,0.0,0.0,0.0,0.0,252954,0.0
5932,5356.01,7607.80889,11444.64,17256.452,0.0,107547.188853,102747.700257,126.9,8.1,19.2,0.0,0.0,0.0,0.0,252114,0.0
5933,5356.01,7607.80889,11444.64,17256.452,0.0,105392.143694,105432.645416,198.0,8.1,19.2,0.0,0.0,0.0,0.0,252715,0.0
5934,9609.80839155,7607.80889,11444.64,17256.452,0.0,101965.017718,107485.173,253.8,8.1,19.2,0.0,0.0,0.0,0.0,255650,0.0
5935,17179.0831604,7607.80889,11444.64,17256.452,0.0,98082.7429496,107485.173,253.8,8.1,19.2,0.0,0.0,0.0,0.0,259337,0.0
5936,21353.7001856,7607.80889,11444.64,17256.452,5003.39236714,92518.5766116,107485.173,253.8,159.256945571,19.2,0.0,0.0,0.0,0.0,263102,0.0
5937,17525.229989,7607.80889,11444.64,17256.452,13142.1479608,91392.4481601,107485.173,253.8,8.1,19.2,0.0,0.0,0.0,0.0,266135,0.0
5938,6367.48759569,7607.80889,11444.64,17256.452,21147.4660171,96432.8724973,107485.173,253.8,8.1,19.2,0.0,0.0,0.0,0.0,268023,0.0
5939,5356.01,7607.80889,11444.64,17256.452,26148.8589242,99474.6160793,99757.4141065,126.9,8.1,19.2,0.0,0.0,0.0,0.0,267200,0.0
5940,5356.01,7607.80889,11444.64,17256.452,29362.3003028,100817.204091,93357.384716,126.9,8.1,19.2,0.0,0.0,0.0,0.0,265356,0.0
5941,5356.01,7607.80889,11444.64,17256.452,34181.7880272,100649.378252,87101.7228305,126.9,8.1,19.2,0.0,0.0,0.0,0.0,263752,0.0
5942,5356.01,7607.80889,11444.64,17256.452,33447.6305995,100334.544155,85523.7143553,126.9,8.1,19.2,0.0,0.0,0.0,0.0,261125,0.0
5943,5356.01,7607.80889,11444.64,17256.452,29781.8754269,99313.1707037,87637.8429794,126.9,8.1,19.2,0.0,0.0,0.0,0.0,258552,0.0
5944,5356.01,7607.80889,11444.64,17256.452,23357.6199594,97160.7341292,94463.5350214,126.9,8.1,19.2,0.0,0.0,0.0,0.0,256801,0.0
5945,6513.30413412,7607.80889,11444.64,17256.452,15643.9960284,91691.5259475,107485.173,253.8,8.1,19.2,0.0,0.0,0.0,0.0,257924,0.0
5946,22991.3532005,7607.80889,11444.64,17256.452,6325.47317068,88147.9997388,107485.173,253.8,8.1,19.2,0.0,0.0,0.0,0.0,261540,0.0
5947,32596.3128683,7607.80889,11444.64,17256.452,362.451279702,87847.061962,107485.173,253.8,8.1,19.2,0.0,0.0,0.0,0.0,264881,0.0
5948,35119.4153079,7607.80889,11444.64,17256.452,0.0,88870.4108021,107485.173,253.8,8.1,19.2,0.0,0.0,0.0,0.0,268065,0.0
5949,35782.9996071,7607.80889,11444.64,17256.452,0.0,91454.8265029,107485.173,253.8,8.1,19.2,0.0,0.0,0.0,0.0,271313,0.0
5950,30963.90161,7607.80889,11444.64,17256.452,0.0,94982.9245,107485.173,253.8,8.1,19.2,0.0,0.0,0.0,0.0,270022,0.0
5951,20787.3707019,7607.80889,11444.64,17256.452,0.0,98823.4554081,107485.173,253.8,8.1,19.2,0.0,0.0,0.0,0.0,263686,0.0
5952,11171.9848394,7607.80889,11444.64,17256.452,0.0,101990.841271,107485.173,253.8,8.1,19.2,0.0,0.0,0.0,0.0,257238,0.0
5953,13310.9134314,7694.42531,11444.64,17546.664,0.0,104996.624259,95848.533,126.9,8.1,19.2,0.0,0.0,0.0,0.0,250996,0.0
5954,5282.64,7694.42531,11444.64,17546.664,0.0,107833.581913,95679.8487766,126.9,8.1,19.2,0.0,0.0,0.0,0.0,245636,0.0
5955,5282.64,7694.42531,11444.64,17546.664,0.0,109852.048855,90489.3818349,126.9,8.1,19.2,0.0,0.0,0.0,0.0,242464,0.0
5956,5282.64,7694.42531,11444.64,17546.664,0.0,109667.692911,89667.7377792,126.9,8.1,19.2,0.0,0.0,0.0,0.0,241458,0.0
5957,5282.64,7694.42531,11444.64,17546.664,0.0,108702.746236,91326.6844536,126.9,8.1,19.2,0.0,0.0,0.0,0.0,242152,0.0
5958,5282.64,7694.42531,11444.64,17546.664,0.0,107076.551548,95106.8791416,126.9,8.1,19.2,0.0,0.0,0.0,0.0,244306,0.0
5959,10189.4400806,7694.42531,11444.64,17546.664,0.0,104201.897609,96026.733,126.9,8.1,19.2,0.0,0.0,0.0,0.0,247258,0.0
5960,13248.4177801,7694.42531,11444.64,17546.664,5107.55403212,99614.5658778,95848.533,126.9,8.1,19.2,0.0,0.0,0.0,0.0,250659,0.0
5961,10366.2205438,7694.42531,11444.64,17546.664,13267.156634,96569.9605122,96026.733,126.9,8.1,19.2,0.0,0.0,0.0,0.0,253070,0.0
5962,5282.64,7694.42531,11444.64,17546.664,21289.5447903,96981.1823575,94769.7035423,126.9,8.1,19.2,0.0,0.0,0.0,0.0,255163,0.0
5963,5282.64,7694.42531,11444.64,17546.664,27485.8615449,96214.7289464,90291.8401987,126.9,8.1,19.2,0.0,0.0,0.0,0.0,256115,0.0
5964,5282.64,7694.42531,11444.64,17546.664,30187.7932293,94493.2885039,88258.3489568,126.9,8.1,19.2,0.0,0.0,0.0,0.0,255062,0.0
5965,5282.64,7694.42531,11444.64,17546.664,32602.105736,93331.6239559,85275.7009981,126.9,8.1,19.2,0.0,0.0,0.0,0.0,253332,0.0
5966,5282.64,7694.42531,11444.64,17546.664,31424.7558026,93667.8583305,84025.8165569,126.9,8.1,19.2,0.0,0.0,0.0,0.0,251241,0.0
5967,5282.64,7694.42531,11444.64,17546.664,29231.1863337,93626.2500687,83743.9942877,126.9,8.1,19.2,0.0,0.0,0.0,0.0,248724,0.0
5968,5282.64,7694.42531,11444.64,17546.664,22009.2003328,94758.9044828,88051.3258745,126.9,8.1,19.2,0.0,0.0,0.0,0.0,246942,0.0
5969,7705.72084805,7694.42531,11444.64,17546.664,14619.5157201,93931.3011219,95848.533,126.9,8.1,19.2,0.0,0.0,0.0,0.0,248945,0.0
5970,22957.9575169,7694.42531,11444.64,17546.664,5839.40570472,92595.9744684,96026.733,126.9,8.1,19.2,0.0,0.0,0.0,0.0,254260,0.0
5971,34475.6547877,7694.42531,11444.64,17546.664,367.407970748,91956.2749316,96026.733,126.9,8.1,19.2,0.0,0.0,0.0,0.0,259666,0.0
5972,36685.0,7694.42531,11444.64,17546.664,0.0,92066.6345995,99124.4360905,126.9,8.1,19.2,0.0,0.0,0.0,0.0,264716,0.0
5973,36685.0,7694.42531,11444.64,17546.664,0.0,92789.2890613,101365.173,253.8,581.808628665,19.2,0.0,0.0,0.0,0.0,268380,0.0
5974,36685.0,7694.42531,11444.64,17546.664,0.0,93603.2321006,99864.8385894,126.9,8.1,19.2,0.0,0.0,0.0,0.0,266993,0.0
5975,33559.57104,7694.42531,11444.64,17546.664,0.0,95078.96665,95848.533,126.9,8.1,19.2,0.0,0.0,0.0,0.0,261327,0.0
5976,26596.2799716,7694.42531,11444.64,17546.664,0.0,95796.8281393,95955.9625791,126.9,8.1,19.2,0.0,0.0,0.0,0.0,255189,0.0
5977,15992.9707004,7809.91387,11444.64,17591.312,0.0,95763.2480316,100605.715398,126.9,8.1,19.2,0.0,0.0,0.0,0.0,249362,0.0
5978,11570.6627237,7809.91387,11444.64,17591.312,0.0,95767.6884063,100631.583,126.9,8.1,19.2,0.0,0.0,0.0,0.0,244970,0.0
5979,10541.6978285,7809.91387,11444.64,17591.312,0.0,94266.6533015,100631.583,126.9,8.1,19.2,0.0,0.0,0.0,0.0,242440,0.0
5980,11989.8928587,7809.91387,11444.64,17591.312,0.0,91163.4582713,100631.583,126.9,8.1,19.2,0.0,0.0,0.0,0.0,240785,0.0
5981,14423.7366474,7809.91387,11444.64,17591.312,0.0,87773.6144826,100631.583,126.9,8.1,19.2,0.0,0.0,0.0,0.0,239829,0.0
5982,19054.0470727,7809.91387,11444.64,17591.312,0.0,83604.3040573,100631.583,126.9,8.1,19.2,0.0,0.0,0.0,0.0,240290,0.0
5983,23895.4362479,7809.91387,11444.64,17591.312,0.0,79338.9148821,100631.583,126.9,8.1,19.2,0.0,0.0,0.0,0.0,240866,0.0
5984,24019.5333217,7809.91387,11444.64,17591.312,4975.70070567,74917.1171026,100631.583,126.9,8.1,19.2,0.0,0.0,0.0,0.0,241544,0.0
5985,16916.8093887,7809.91387,11444.64,17591.312,12488.3717095,74615.1700317,100631.583,126.9,8.1,19.2,0.0,0.0,0.0,0.0,241652,0.0
5986,6400.72770191,7809.91387,11444.64,17591.312,19675.4370614,78119.1863667,100631.583,126.9,8.1,19.2,0.0,0.0,0.0,0.0,241827,0.0
5987,5869.6,7809.91387,11444.64,17591.312,25039.9979504,81867.2615042,91528.0746755,126.9,8.1,19.2,0.0,0.0,0.0,0.0,241305,0.0
5988,5869.6,7809.91387,11444.64,17591.312,29610.8709834,85669.2970326,81618.166114,126.9,8.1,19.2,0.0,0.0,0.0,0.0,239768,0.0
5989,5869.6,7809.91387,11444.64,17591.312,30769.2860405,89530.707021,75060.6410686,126.9,0.0,0.0,0.0,0.0,0.0,0.0,238203,0.0
5990,5869.6,7809.91387,11444.64,17591.312,29035.0607921,92825.3999546,72386.1733834,126.9,0.0,0.0,0.0,0.0,0.0,0.0,237089,0.0
5991,5869.6,7809.91387,11444.64,17591.312,26747.0034263,95349.0096037,70955.6211,126.9,0.0,0.0,0.0,0.0,0.0,965.0,235894,0.0
5992,5869.6,7809.91387,11444.64,17591.312,22208.327527,95899.217053,74429.0895499,126.9,0.0,0.0,0.0,0.0,0.0,0.0,235379,0.0
5993,5869.6,7809.91387,11444.64,17591.312,14912.9266649,92713.7095941,87253.6978709,126.9,8.1,19.2,0.0,0.0,0.0,0.0,237750,0.0
5994,13129.4614438,7809.91387,11444.64,17591.312,5782.7147871,86845.1748991,100631.583,126.9,8.1,19.2,0.0,0.0,0.0,0.0,243389,0.0
5995,27607.7730833,7809.91387,11444.64,17591.312,306.115301858,83379.4627448,100631.583,126.9,8.1,19.2,0.0,0.0,0.0,0.0,248925,0.0
5996,34197.4634497,7809.91387,11444.64,17591.312,0.0,82604.8876803,100631.583,126.9,8.1,19.2,0.0,0.0,0.0,0.0,254434,0.0
5997,36685.0,7809.91387,11444.64,17591.312,0.0,82130.4202972,101365.173,253.8,748.700832797,627.04,0.0,0.0,0.0,0.0,258656,0.0
5998,36685.0,7809.91387,11444.64,17591.312,0.0,83077.3098751,101365.173,253.8,302.651254933,19.2,0.0,0.0,0.0,0.0,258549,0.0
5999,31726.5906529,7809.91387,11444.64,17591.312,0.0,84124.7604771,100631.583,126.9,8.1,19.2,0.0,0.0,0.0,0.0,253483,0.0
6000,23741.2149786,7809.91387,11444.64,17591.312,0.0,86801.1361514,100631.583,126.9,8.1,19.2,0.0,0.0,0.0,0.0,248174,0.0
6001,10988.6938534,7867.65815,11444.64,17390.396,0.0,89028.5389966,106532.973,253.8,8.1,19.2,0.0,0.0,0.0,0.0,243534,0.0
6002,6520.38836027,7867.65815,11444.64,17390.396,0.0,90164.8444897,106532.973,253.8,8.1,19.2,0.0,0.0,0.0,0.0,240202,0.0
6003,6309.82,7867.65815,11444.64,17390.396,0.0,90502.6633553,105316.722495,253.8,8.1,19.2,0.0,0.0,0.0,0.0,239113,0.0
6004,7035.84234942,7867.65815,11444.64,17390.396,0.0,89237.3905006,106532.973,253.8,8.1,19.2,0.0,0.0,0.0,0.0,239790,0.0
6005,11234.0664813,7867.65815,11444.64,17390.396,0.0,86763.1663687,106532.973,253.8,8.1,19.2,0.0,0.0,0.0,0.0,241514,0.0
6006,17632.2344734,7867.65815,11444.64,17390.396,0.0,82954.7983766,106711.173,253.8,8.1,19.2,0.0,0.0,0.0,0.0,244282,0.0
6007,25843.1965864,7867.65815,11444.64,17390.396,0.0,77595.8362636,106711.173,253.8,8.1,19.2,0.0,0.0,0.0,0.0,247134,0.0
6008,30798.5927759,7867.65815,11444.64,17390.396,5136.34156354,70602.2985106,106532.973,253.8,8.1,19.2,0.0,0.0,0.0,0.0,250054,0.0
6009,25444.6958458,7867.65815,11444.64,17390.396,13629.1178477,69808.4191566,106532.973,253.8,8.1,19.2,0.0,0.0,0.0,0.0,252399,0.0
6010,11422.9304588,7867.65815,11444.64,17390.396,21749.3749744,77411.9274167,106532.973,253.8,8.1,19.2,0.0,0.0,0.0,0.0,254101,0.0
6011,6309.82,7867.65815,11444.64,17390.396,27803.8292396,83383.8740196,100782.582591,126.9,8.1,19.2,0.0,0.0,0.0,0.0,255137,0.0
6012,6309.82,7867.65815,11444.64,17390.396,30620.2620855,87693.8121397,93155.2116248,126.9,8.1,19.2,0.0,0.0,0.0,0.0,254636,0.0
6013,6309.82,7867.65815,11444.64,17390.396,32158.7893429,91062.4845496,87347.0119575,126.9,8.1,19.2,0.0,0.0,0.0,0.0,253735,0.0
6014,6309.82,7867.65815,11444.64,17390.396,32280.4822953,93628.8221539,82419.9814008,126.9,8.1,19.2,0.0,0.0,0.0,0.0,251496,0.0
6015,6309.82,7867.65815,11444.64,17390.396,29473.9892415,95494.8439685,80774.45264,126.9,8.1,19.2,0.0,0.0,0.0,0.0,248910,0.0
6016,6309.82,7867.65815,11444.64,17390.396,23805.1987881,98388.1331007,81151.9539612,126.9,8.1,19.2,0.0,0.0,0.0,0.0,246512,0.0
6017,6309.82,7867.65815,11444.64,17390.396,15050.5167111,99863.6684514,90095.1006875,126.9,8.1,19.2,0.0,0.0,0.0,0.0,248176,0.0
6018,8163.22798144,7867.65815,11444.64,17390.396,6216.29751105,95863.5073575,106711.173,253.8,8.1,19.2,0.0,0.0,0.0,0.0,253938,0.0
6019,24871.5525084,7867.65815,11444.64,17390.396,185.401057956,91650.2792837,106532.973,253.8,8.1,19.2,0.0,0.0,0.0,0.0,260224,0.0
6020,30723.7703136,7867.65815,11444.64,17390.396,0.0,91798.2625364,106711.173,253.8,8.1,19.2,0.0,0.0,0.0,0.0,266217,0.0
6021,34457.5798235,7867.65815,11444.64,17390.396,0.0,92428.6530265,106532.973,253.8,8.1,19.2,0.0,0.0,0.0,0.0,270403,0.0
6022,36399.8518795,7867.65815,11444.64,17390.396,0.0,89609.3809705,106532.973,253.8,8.1,19.2,0.0,0.0,0.0,0.0,269526,0.0
6023,34583.181786,7867.65815,11444.64,17390.396,0.0,85535.1374008,106618.886663,253.8,8.1,19.2,0.0,0.0,0.0,0.0,263721,0.0
6024,33066.8526229,7867.65815,11444.64,17390.396,0.0,81566.3802271,106532.973,253.8,8.1,19.2,0.0,0.0,0.0,0.0,258150,0.0
6025,6639.985,8098.63527,11444.64,17122.508,0.0,77029.7906049,133263.141125,576.0,8.1,19.2,0.0,0.0,0.0,0.0,254202,0.0
6026,7754.81513935,8098.63527,11444.64,17122.508,0.0,72910.9285906,133819.173,576.0,8.1,19.2,0.0,0.0,0.0,0.0,251754,0.0
6027,10673.6704324,8098.63527,11444.64,17122.508,0.0,69644.0732976,133819.173,576.0,8.1,19.2,0.0,0.0,0.0,0.0,251406,0.0
6028,12038.7350624,8098.63527,11444.64,17122.508,0.0,68846.0086676,133819.173,576.0,8.1,19.2,0.0,0.0,0.0,0.0,251973,0.0
6029,13893.8477447,8098.63527,11444.64,17122.508,0.0,68615.8959853,133819.173,576.0,8.1,19.2,0.0,0.0,0.0,0.0,253598,0.0
6030,17722.7505968,8098.63527,11444.64,17122.508,0.0,67681.9931332,133819.173,576.0,8.1,19.2,0.0,0.0,0.0,0.0,256493,0.0
6031,21519.0953656,8098.63527,11444.64,17122.508,0.0,66436.6483644,133819.173,576.0,8.1,19.2,0.0,0.0,0.0,0.0,259044,0.0
6032,21971.4842353,8098.63527,11444.64,17122.508,5175.00678708,62779.2527076,133819.173,576.0,8.1,19.2,0.0,0.0,0.0,0.0,261014,0.0
6033,10716.9682573,8098.63527,11444.64,17122.508,13885.512447,67592.3364465,133788.099579,576.0,8.1,19.2,0.0,0.0,0.0,0.0,263252,0.0
6034,6639.985,8098.63527,11444.64,17122.508,21615.707672,77130.8199264,121727.304132,449.1,8.1,19.2,0.0,0.0,0.0,0.0,264256,0.0
6035,6639.985,8098.63527,11444.64,17122.508,27700.5042359,81843.9606376,110800.366856,449.1,8.1,19.2,0.0,0.0,0.0,0.0,264127,0.0
6036,6639.985,8098.63527,11444.64,17122.508,30123.7493827,84991.0748163,103977.307531,449.1,0.0,0.0,0.0,0.0,0.0,0.0,262847,0.0
6037,6639.985,8098.63527,11444.64,17122.508,28323.6030065,88325.3076235,101271.2211,449.1,0.0,0.0,0.0,0.0,0.0,4014.0,261675,0.0
6038,6639.985,8098.63527,11444.64,17122.508,22478.0510668,91653.8595632,101271.2211,449.1,0.0,0.0,0.0,0.0,0.0,9764.0,259158,0.0
6039,6639.985,8098.63527,11444.64,17122.508,17947.6166004,94244.2940296,101271.2211,449.1,0.0,0.0,0.0,0.0,0.0,8144.0,257218,0.0
6040,6639.985,8098.63527,11444.64,17122.508,16370.5655133,94578.3451167,101271.2211,449.1,0.0,0.0,0.0,0.0,0.0,4921.0,255975,0.0
6041,6639.985,8098.63527,11444.64,17122.508,14558.5220793,90999.0921126,109268.217538,449.1,8.1,19.2,0.0,0.0,0.0,0.0,258608,0.0
6042,7043.24280273,8098.63527,11444.64,17122.508,6047.75348941,80638.9474379,133640.973,576.0,8.1,19.2,0.0,0.0,0.0,0.0,264640,0.0
6043,33145.7434634,8098.63527,11444.64,17122.508,74.7201310515,66773.4801355,133640.973,576.0,8.1,19.2,0.0,0.0,0.0,0.0,270904,0.0
6044,36685.0,8098.63527,11444.64,17122.508,0.0,60834.9186414,141616.998089,576.0,8.1,19.2,0.0,0.0,0.0,0.0,276406,0.0
6045,36685.0,8098.63527,11444.64,17122.508,0.0,58554.8294979,144673.173,898.2,1093.78223213,1496.232,0.0,0.0,0.0,0.0,280067,0.0
6046,36685.0,8098.63527,11444.64,17122.508,0.0,56538.1385461,144673.173,898.2,1527.50518393,1769.2,0.0,0.0,0.0,0.0,278757,0.0
6047,36685.0,8098.63527,11444.64,17122.508,0.0,56150.8199641,142839.096766,576.0,8.1,19.2,0.0,0.0,0.0,0.0,272944,0.0
6048,36685.0,8098.63527,11444.64,17122.508,0.0,57220.2005404,136697.71619,576.0,8.1,19.2,0.0,0.0,0.0,0.0,267872,0.0
6049,11972.04176,8141.94348,11444.64,16832.296,0.0,58264.56576,156817.413,253.8,8.1,19.2,0.0,0.0,0.0,0.0,263754,0.0
6050,7574.63595415,8141.94348,11444.64,16832.296,0.0,59258.9715658,156817.413,253.8,8.1,19.2,0.0,0.0,0.0,0.0,260351,0.0
6051,6583.37296816,8141.94348,11444.64,16832.296,0.0,59104.2345518,156817.413,253.8,8.1,19.2,0.0,0.0,0.0,0.0,259205,0.0
6052,9743.40480107,8141.94348,11444.64,16832.296,0.0,57241.4027189,156639.213,253.8,8.1,19.2,0.0,0.0,0.0,0.0,260324,0.0
6053,12161.7000405,8141.94348,11444.64,16832.296,0.0,56148.1074795,156639.213,253.8,8.1,19.2,0.0,0.0,0.0,0.0,261649,0.0
6054,15372.7733793,8141.94348,11444.64,16832.296,0.0,55369.0341407,156639.213,253.8,8.1,19.2,0.0,0.0,0.0,0.0,264081,0.0
6055,18970.9249824,8141.94348,11444.64,16832.296,0.0,54129.6825376,156817.413,253.8,8.1,19.2,0.0,0.0,0.0,0.0,266618,0.0
6056,19304.0608445,8141.94348,11444.64,16832.296,5324.38324742,50443.6111451,156810.965283,253.8,8.1,19.2,0.0,0.0,0.0,0.0,268583,0.0
6057,7724.12739775,8141.94348,11444.64,16832.296,14104.1776844,54758.3024379,156817.413,253.8,8.1,19.2,0.0,0.0,0.0,0.0,270104,0.0
6058,6566.615,8141.94348,11444.64,16832.296,22736.3443054,62026.1135203,143125.847694,126.9,8.1,19.2,0.0,0.0,0.0,0.0,271028,0.0
6059,6566.615,8141.94348,11444.64,16832.296,29364.8597432,63379.7744689,135470.671308,126.9,8.1,19.2,0.0,0.0,0.0,0.0,271355,0.0
6060,6566.615,8141.94348,11444.64,16832.296,32483.2785546,62302.5957372,133078.431228,126.9,8.1,19.2,0.0,0.0,0.0,0.0,271004,0.0
6061,6566.615,8141.94348,11444.64,16832.296,32823.4462731,59650.6622229,136289.197024,126.9,8.1,19.2,0.0,0.0,0.0,0.0,271903,0.0
6062,6566.615,8141.94348,11444.64,16832.296,30933.1045515,57938.8523252,140347.348643,126.9,8.1,19.2,0.0,0.0,0.0,0.0,272359,0.0
6063,6566.615,8141.94348,11444.64,16832.296,28880.1192623,57087.1457023,142930.040555,126.9,8.1,19.2,0.0,0.0,0.0,0.0,272037,0.0
6064,6566.615,8141.94348,11444.64,16832.296,23742.8482037,58961.6381684,145355.919148,253.8,8.1,19.2,0.0,0.0,0.0,0.0,271327,0.0
6065,6566.615,8141.94348,11444.64,16832.296,15007.996936,60461.7175785,155566.691006,253.8,8.1,19.2,0.0,0.0,0.0,0.0,274303,0.0
6066,22152.6359347,8141.94348,11444.64,16832.296,5975.4505835,57663.5210018,156817.413,253.8,8.1,19.2,0.0,0.0,0.0,0.0,279309,0.0
6067,36685.0,8141.94348,11444.64,16832.296,159.400948706,50265.3120661,159245.307505,253.8,8.1,19.2,0.0,0.0,0.0,0.0,283055,0.0
6068,36685.0,8141.94348,11444.64,16832.296,0.0,50865.2121309,163040.373,253.8,157.53538911,19.2,0.0,0.0,0.0,0.0,287440,0.0
6069,36685.0,8141.94348,11444.64,16832.296,0.0,54584.9532306,163040.373,253.8,384.794289401,19.2,0.0,0.0,0.0,0.0,291387,0.0
6070,36685.0,8141.94348,11444.64,16832.296,0.0,54585.4476277,162732.572892,253.8,8.1,19.2,0.0,0.0,0.0,0.0,290703,0.0
6071,36685.0,8141.94348,11444.64,16832.296,0.0,53832.6175387,158346.402981,253.8,8.1,19.2,0.0,0.0,0.0,0.0,285564,0.0
6072,32147.6200374,8141.94348,11444.64,16832.296,0.0,54051.9874826,156817.413,253.8,8.1,19.2,0.0,0.0,0.0,0.0,279717,0.0
6073,6346.505,8156.37955,11444.64,16296.52,0.0,53972.7045365,175196.704913,2112.246,8.1,19.2,0.0,0.0,0.0,0.0,273553,0.0
6074,6346.505,8156.37955,11444.64,16296.52,0.0,53221.0719406,170375.337509,2112.246,8.1,19.2,0.0,0.0,0.0,0.0,267980,0.0
6075,6346.505,8156.37955,11444.64,16296.52,0.0,52200.8672826,168851.542167,2112.246,8.1,19.2,0.0,0.0,0.0,0.0,265436,0.0
6076,6346.505,8156.37955,11444.64,16296.52,0.0,49082.7077381,172312.701712,2112.246,8.1,19.2,0.0,0.0,0.0,0.0,265779,0.0
6077,7497.74840272,8156.37955,11444.64,16296.52,0.0,44645.4230473,177844.743,2112.246,8.1,19.2,0.0,0.0,0.0,0.0,268025,0.0
6078,14755.2559672,8156.37955,11444.64,16296.52,0.0,40255.9154828,177844.743,2112.246,8.1,19.2,0.0,0.0,0.0,0.0,270893,0.0
6079,22159.7483901,8156.37955,11444.64,16296.52,0.0,35981.4230599,177844.743,2112.246,8.1,19.2,0.0,0.0,0.0,0.0,274023,0.0
6080,23988.3750194,8156.37955,11444.64,16296.52,5312.77954981,31577.0168808,177844.743,2112.246,8.1,19.2,0.0,0.0,0.0,0.0,276760,0.0
6081,16917.359178,8156.37955,11444.64,16296.52,14424.6644433,31324.1478287,177844.743,2112.246,8.1,19.2,0.0,0.0,0.0,0.0,278548,0.0
6082,6346.505,8156.37955,11444.64,16296.52,23381.1254024,35735.9355656,175437.348482,2112.246,8.1,19.2,0.0,0.0,0.0,0.0,278938,0.0
6083,6346.505,8156.37955,11444.64,16296.52,29264.582592,37847.1950759,166817.631782,2112.246,8.1,19.2,0.0,0.0,0.0,0.0,278313,0.0
6084,6346.505,8156.37955,11444.64,16296.52,33427.5564174,38765.6316167,160431.221416,2112.246,8.1,19.2,0.0,0.0,0.0,0.0,277008,0.0
6085,6346.505,8156.37955,11444.64,16296.52,36119.953398,41546.5124925,154468.843559,1985.346,8.1,19.2,0.0,0.0,0.0,0.0,276392,0.0
6086,6346.505,8156.37955,11444.64,16296.52,33908.9071123,44527.3141236,153203.088214,1985.346,8.1,19.2,0.0,0.0,0.0,0.0,275896,0.0
6087,6346.505,8156.37955,11444.64,16296.52,26698.9944342,47164.1502243,156819.164791,1985.346,8.1,19.2,0.0,0.0,0.0,0.0,274939,0.0
6088,6346.505,8156.37955,11444.64,16296.52,22303.8117886,47532.331516,160753.266145,2112.246,8.1,19.2,0.0,0.0,0.0,0.0,274973,0.0
6089,6346.505,8156.37955,11444.64,16296.52,15261.245273,46267.6991576,172319.465019,2112.246,8.1,19.2,0.0,0.0,0.0,0.0,278232,0.0
6090,21451.9590086,8156.37955,11444.64,16296.52,6323.31683332,40303.8956081,177844.743,2112.246,8.1,19.2,0.0,0.0,0.0,0.0,283961,0.0
6091,36685.0,8156.37955,11444.64,16296.52,250.282167457,33250.8247961,180008.807486,2112.246,8.1,19.2,0.0,0.0,0.0,0.0,288232,0.0
6092,36685.0,8156.37955,11444.64,16296.52,0.0,33276.6007484,183055.473,3259.78670159,176.4,19.2,0.0,0.0,0.0,0.0,292370,0.0
6093,36685.0,8156.37955,11444.64,16296.52,0.0,34442.1206743,183055.473,3970.692,888.723,837.451775687,0.0,0.0,0.0,0.0,295777,0.0
6094,36685.0,8156.37955,11444.64,16296.52,0.0,34542.9267971,183055.473,3970.692,467.168652877,19.2,0.0,0.0,0.0,0.0,294638,0.0
6095,36685.0,8156.37955,11444.64,16296.52,0.0,33765.5464487,180842.368001,2112.246,8.1,19.2,0.0,0.0,0.0,0.0,289330,0.0
6096,33311.712134,8156.37955,11444.64,16296.52,0.0,34481.9486463,177773.25367,2112.246,8.1,19.2,0.0,0.0,0.0,0.0,283604,0.0
6097,21833.9146029,8141.94348,11444.64,15872.364,0.0,36076.2149171,182676.753,1140.57,176.4,19.2,0.0,0.0,0.0,0.0,277382,0.0
6098,16197.9155265,8141.94348,11444.64,15872.364,0.0,36604.2139935,182676.753,1140.57,176.4,19.2,0.0,0.0,0.0,0.0,272274,0.0
6099,14062.998478,8141.94348,11444.64,15872.364,0.0,36648.131042,182676.753,1140.57,176.4,19.2,0.0,0.0,0.0,0.0,270183,0.0
6100,15420.2482952,8141.94348,11444.64,15872.364,0.0,35358.8812248,182676.753,1140.57,176.4,19.2,0.0,0.0,0.0,0.0,270251,0.0
6101,17350.1748862,8141.94348,11444.64,15872.364,0.0,34326.9546338,182676.753,1140.57,176.4,19.2,0.0,0.0,0.0,0.0,271149,0.0
6102,22192.2975201,8141.94348,11444.64,15872.364,0.0,32446.8319999,182676.753,1140.57,176.4,19.2,0.0,0.0,0.0,0.0,274111,0.0
6103,26779.7204762,8141.94348,11444.64,15872.364,0.0,30186.4090438,182676.753,1140.57,176.4,19.2,0.0,0.0,0.0,0.0,276438,0.0
6104,26543.9978135,8141.94348,11444.64,15872.364,5313.82039882,27765.3113077,182676.753,1140.57,176.4,19.2,0.0,0.0,0.0,0.0,279095,0.0
6105,17519.6752645,8141.94348,11444.64,15872.364,14605.1571591,29199.2970963,182676.753,1140.57,176.4,19.2,0.0,0.0,0.0,0.0,280796,0.0
6106,6089.71,8141.94348,11444.64,15872.364,23673.3362069,32674.8463942,182172.234919,1070.325,176.4,19.2,0.0,0.0,0.0,0.0,281335,0.0
6107,6089.71,8141.94348,11444.64,15872.364,29962.2842738,33099.3744634,175229.198783,697.185,8.1,19.2,0.0,0.0,0.0,0.0,280564,0.0
6108,6089.71,8141.94348,11444.64,15872.364,34202.8243556,33130.4472854,170442.585879,697.185,8.1,19.2,0.0,0.0,0.0,0.0,280049,0.0
6109,6089.71,8141.94348,11444.64,15872.364,35639.812625,35773.2734518,166009.771443,697.185,8.1,19.2,0.0,0.0,0.0,0.0,279696,0.0
6110,6089.71,8141.94348,11444.64,15872.364,33579.5601672,39368.5127644,163410.784588,697.185,8.1,19.2,0.0,0.0,0.0,0.0,278632,0.0
6111,6089.71,8141.94348,11444.64,15872.364,30884.8647019,43132.0429132,161555.949905,697.185,8.1,19.2,0.0,0.0,0.0,0.0,277846,0.0
6112,6089.71,8141.94348,11444.64,15872.364,23669.6119561,46078.4525414,164498.793023,697.185,8.1,19.2,0.0,0.0,0.0,0.0,276520,0.0
6113,6089.71,8141.94348,11444.64,15872.364,15145.2642856,46315.7773824,175335.815852,697.185,8.1,19.2,0.0,0.0,0.0,0.0,279070,0.0
6114,15645.7707498,8141.94348,11444.64,15872.364,6209.34818208,42630.0105881,182676.753,1140.57,176.4,19.2,0.0,0.0,0.0,0.0,283957,0.0
6115,30766.809627,8141.94348,11444.64,15872.364,166.419293815,37231.9005992,182676.753,1140.57,176.4,19.2,0.0,0.0,0.0,0.0,287637,0.0
6116,31611.6862385,8141.94348,11444.64,15872.364,0.0,39888.7317854,182758.464496,1140.57,176.4,19.2,0.0,0.0,0.0,0.0,291054,0.0
6117,31236.3873753,8141.94348,11444.64,15872.364,0.0,43283.7221447,182818.773,1140.57,176.4,19.2,0.0,0.0,0.0,0.0,294134,0.0
6118,28115.6260687,8141.94348,11444.64,15872.364,0.0,44749.4834513,182818.773,1140.57,176.4,19.2,0.0,0.0,0.0,0.0,292479,0.0
6119,21154.6626384,8141.94348,11444.64,15872.364,0.0,45582.4468816,182818.773,1140.57,176.4,19.2,0.0,0.0,0.0,0.0,286351,0.0
6120,14515.6525392,8141.94348,11444.64,15872.364,0.0,45879.4569808,182818.773,1140.57,176.4,19.2,0.0,0.0,0.0,0.0,280009,0.0
6121,13545.9975932,8012.01885,11444.64,15314.264,0.0,45115.2655568,178255.143,1294.371,8.1,19.2,0.0,0.0,0.0,0.0,273009,0.0
6122,9896.29512902,8012.01885,11444.64,15314.264,0.0,43095.768021,178325.343,1294.371,8.1,19.2,0.0,0.0,0.0,0.0,267410,0.0
6123,9237.48027877,8012.01885,11444.64,15314.264,0.0,41620.0828712,178392.843,1294.371,8.1,19.2,0.0,0.0,0.0,0.0,265343,0.0
6124,9524.69952349,8012.01885,11444.64,15314.264,0.0,41785.0636265,178322.643,1294.371,8.1,19.2,0.0,0.0,0.0,0.0,265725,0.0
6125,11434.0528377,8012.01885,11444.64,15314.264,0.0,41612.9103123,178495.443,1294.371,8.1,19.2,0.0,0.0,0.0,0.0,267635,0.0
6126,16082.0961988,8012.01885,11444.64,15314.264,0.0,40243.9669512,178460.343,1294.371,8.1,19.2,0.0,0.0,0.0,0.0,270879,0.0
6127,20844.1058862,8012.01885,11444.64,15314.264,0.0,38307.8412381,178404.459026,1294.371,8.1,19.2,0.0,0.0,0.0,0.0,273649,0.0
6128,21277.2845948,8012.01885,11444.64,15314.264,5119.84506702,34946.1334882,178417.143,1294.371,8.1,19.2,0.0,0.0,0.0,0.0,275853,0.0
6129,11933.7841509,8012.01885,11444.64,15314.264,14283.9869392,35701.9920599,178484.643,1294.371,8.1,19.2,0.0,0.0,0.0,0.0,276497,0.0
6130,6309.82,8012.01885,11444.64,15314.264,22860.6601242,37310.8566472,173809.069379,1294.371,8.1,19.2,0.0,0.0,0.0,0.0,276383,0.0
6131,6309.82,8012.01885,11444.64,15314.264,28758.5175429,36364.1292684,168410.939339,1294.371,8.1,19.2,0.0,0.0,0.0,0.0,275936,0.0
6132,6309.82,8012.01885,11444.64,15314.264,32745.4041118,35723.5384366,164074.643602,1294.371,8.1,19.2,0.0,0.0,0.0,0.0,274946,0.0
6133,6309.82,8012.01885,11444.64,15314.264,35011.2333987,37996.4075215,159509.94523,1294.371,8.1,19.2,0.0,0.0,0.0,0.0,274920,0.0
6134,6309.82,8012.01885,11444.64,15314.264,33603.9170822,42250.1830631,157510.386005,1167.471,8.1,19.2,0.0,0.0,0.0,0.0,275640,0.0
6135,6309.82,8012.01885,11444.64,15314.264,29986.5428261,46743.8583309,157190.084993,1167.471,8.1,19.2,0.0,0.0,0.0,0.0,276196,0.0
6136,6309.82,8012.01885,11444.64,15314.264,23919.1886624,49964.4566889,159928.940799,1294.371,8.1,19.2,0.0,0.0,0.0,0.0,276215,0.0
6137,6309.82,8012.01885,11444.64,15314.264,16364.7192127,49115.6575494,172162.209388,1294.371,8.1,19.2,0.0,0.0,0.0,0.0,280045,0.0
6138,21350.228705,8012.01885,11444.64,15314.264,6744.72319031,43124.8112547,178484.643,1294.371,8.1,19.2,0.0,0.0,0.0,0.0,285797,0.0
6139,36685.0,8012.01885,11444.64,15314.264,185.376490545,36478.0922158,180512.937444,1294.371,8.1,19.2,0.0,0.0,0.0,0.0,289954,0.0
6140,36685.0,8012.01885,11444.64,15314.264,0.0,36423.9460259,183055.473,2334.942,475.516124105,19.2,0.0,0.0,0.0,0.0,293765,0.0
6141,36685.0,8012.01885,11444.64,15314.264,0.0,38140.8169946,183055.473,2334.942,905.823,945.02215542,0.0,0.0,0.0,0.0,296838,0.0
6142,36685.0,8012.01885,11444.64,15314.264,0.0,38706.1815571,182461.784593,1667.511,176.4,19.2,0.0,0.0,0.0,0.0,294487,0.0
6143,33057.7317222,8012.01885,11444.64,15314.264,0.0,40021.0314278,178484.643,1294.371,8.1,19.2,0.0,0.0,0.0,0.0,287656,0.0
6144,24262.9014799,8012.01885,11444.64,15314.264,0.0,42056.8616701,178484.643,1294.371,8.1,19.2,0.0,0.0,0.0,0.0,280897,0.0
6145,20300.0138417,8012.01885,11444.64,14778.488,0.0,44704.6163083,174648.123,253.8,8.1,19.2,0.0,0.0,0.0,0.0,274169,0.0
6146,14901.5292499,8012.01885,11444.64,14778.488,0.0,45160.1009001,174648.123,253.8,8.1,19.2,0.0,0.0,0.0,0.0,269226,0.0
6147,13745.2837375,8012.01885,11444.64,14778.488,0.0,44721.3464125,174648.123,253.8,8.1,19.2,0.0,0.0,0.0,0.0,267631,0.0
6148,15172.1717947,8012.01885,11444.64,14778.488,0.0,43718.4583553,174648.123,253.8,8.1,19.2,0.0,0.0,0.0,0.0,268055,0.0
6149,16754.1037491,8012.01885,11444.64,14778.488,0.0,42505.5264009,174648.123,253.8,8.1,19.2,0.0,0.0,0.0,0.0,268424,0.0
6150,20367.0212362,8012.01885,11444.64,14778.488,0.0,40442.6089138,174648.123,253.8,8.1,19.2,0.0,0.0,0.0,0.0,269974,0.0
6151,24100.7503824,8012.01885,11444.64,14778.488,0.0,37970.8797676,174648.123,253.8,8.1,19.2,0.0,0.0,0.0,0.0,271236,0.0
6152,23655.5656245,8012.01885,11444.64,14778.488,5511.63460023,33654.3021856,174648.123,253.8,53.2277397053,19.2,0.0,0.0,0.0,0.0,272031,0.0
6153,14468.6990917,8012.01885,11444.64,14778.488,14624.0139698,34072.9170885,174648.123,253.8,8.1,19.2,0.0,0.0,0.0,0.0,272330,0.0
6154,6346.505,8012.01885,11444.64,14778.488,23575.4291341,37252.6388805,171897.180135,253.8,8.1,19.2,0.0,0.0,0.0,0.0,273588,0.0
6155,6346.505,8012.01885,11444.64,14778.488,30467.5965225,39171.96149,162903.690137,253.8,8.1,19.2,0.0,0.0,0.0,0.0,273406,0.0
6156,6346.505,8012.01885,11444.64,14778.488,34441.3592941,39943.1597738,157321.729082,253.8,8.1,19.2,0.0,0.0,0.0,0.0,272569,0.0
6157,6346.505,8012.01885,11444.64,14778.488,34722.1269207,41694.5569447,154109.564285,253.8,8.1,19.2,0.0,0.0,0.0,0.0,271389,0.0
6158,6346.505,8012.01885,11444.64,14778.488,33843.0525693,43900.7659114,150305.329669,126.9,8.1,19.2,0.0,0.0,0.0,0.0,268785,0.0
6159,6346.505,8012.01885,11444.64,14778.488,27182.1069133,46172.6499019,150046.391335,126.9,8.1,19.2,0.0,0.0,0.0,0.0,264137,0.0
6160,6346.505,8012.01885,11444.64,14778.488,23039.1486614,47476.2383371,148493.761151,126.9,8.1,19.2,0.0,0.0,0.0,0.0,259745,0.0
6161,6346.505,8012.01885,11444.64,14778.488,15445.6471617,45536.7675432,157959.833445,253.8,8.1,19.2,0.0,0.0,0.0,0.0,259805,0.0
6162,8009.95376795,8012.01885,11444.64,14778.488,6366.20042234,40015.4759597,174648.123,253.8,8.1,19.2,0.0,0.0,0.0,0.0,263556,0.0
6163,25037.3375404,8012.01885,11444.64,14778.488,171.029210652,33512.263399,174648.123,253.8,8.1,19.2,0.0,0.0,0.0,0.0,267885,0.0
6164,31000.0665286,8012.01885,11444.64,14778.488,0.0,32687.5636214,174648.123,253.8,8.1,19.2,0.0,0.0,0.0,0.0,272852,0.0
6165,35737.8786522,8012.01885,11444.64,14778.488,0.0,33145.7514978,174648.123,253.8,8.1,19.2,0.0,0.0,0.0,0.0,278048,0.0
6166,35657.5723797,8012.01885,11444.64,14778.488,0.0,32906.0577703,174648.123,253.8,8.1,19.2,0.0,0.0,0.0,0.0,277728,0.0
6167,30988.6292542,8012.01885,11444.64,14778.488,0.0,32954.0008958,174648.123,253.8,8.1,19.2,0.0,0.0,0.0,0.0,273107,0.0
6168,26851.0825694,8012.01885,11444.64,14778.488,0.0,33480.5475806,174648.123,253.8,8.1,19.2,0.0,0.0,0.0,0.0,269496,0.0
6169,14040.7111151,7954.27457,11444.64,14488.276,0.0,34504.9053149,182315.268,1070.325,176.4,19.2,0.0,0.0,0.0,0.0,266014,0.0
6170,10740.2507258,7954.27457,11444.64,14488.276,0.0,34727.2699415,182159.363763,1070.325,176.4,19.2,0.0,0.0,0.0,0.0,262780,0.0
6171,10492.7718743,7954.27457,11444.64,14488.276,0.0,34462.8445557,182099.268,1070.325,176.4,19.2,0.0,0.0,0.0,0.0,262208,0.0
6172,13149.5165928,7954.27457,11444.64,14488.276,0.0,33261.0998372,182261.268,1070.325,176.4,19.2,0.0,0.0,0.0,0.0,263825,0.0
6173,15981.9417952,7954.27457,11444.64,14488.276,0.0,31759.6746348,182477.268,1070.325,176.4,19.2,0.0,0.0,0.0,0.0,265372,0.0
6174,21183.6884213,7954.27457,11444.64,14488.276,0.0,30244.9280087,182477.268,1070.325,176.4,19.2,0.0,0.0,0.0,0.0,269059,0.0
6175,25905.6932796,7954.27457,11444.64,14488.276,0.0,28438.9231504,182477.268,1070.325,176.4,19.2,0.0,0.0,0.0,0.0,271975,0.0
6176,26127.1480159,7954.27457,11444.64,14488.276,5228.3675476,26061.1008665,182477.268,1070.325,176.4,19.2,0.0,0.0,0.0,0.0,275047,0.0
6177,18988.3701482,7954.27457,11444.64,14488.276,13909.8098538,26731.436428,182477.268,1070.325,176.4,19.2,0.0,0.0,0.0,0.0,277260,0.0
6178,6309.82,7954.27457,11444.64,14488.276,22906.2008524,32420.5575504,182466.306027,1070.325,176.4,19.2,0.0,0.0,0.0,0.0,279256,0.0
6179,6309.82,7954.27457,11444.64,14488.276,30554.4994228,35376.9225214,171930.082486,697.185,8.1,19.2,0.0,0.0,0.0,0.0,278783,0.0
6180,6309.82,7954.27457,11444.64,14488.276,34785.6176857,38417.7785085,164134.108236,697.185,8.1,19.2,0.0,0.0,0.0,0.0,278259,0.0
6181,6309.82,7954.27457,11444.64,14488.276,36560.7333311,41812.217071,158191.983,664.756027911,8.1,19.2,0.0,0.0,0.0,0.0,277454,0.0
6182,6309.82,7954.27457,11444.64,14488.276,33978.1748858,45213.8633922,157182.366152,570.285,8.1,19.2,0.0,0.0,0.0,0.0,277169,0.0
6183,6309.82,7954.27457,11444.64,14488.276,27275.4909565,47935.7764058,160436.237068,697.185,8.1,19.2,0.0,0.0,0.0,0.0,276569,0.0
6184,6309.82,7954.27457,11444.64,14488.276,23851.7110957,47780.3945955,163554.398739,697.185,8.1,19.2,0.0,0.0,0.0,0.0,276108,0.0
6185,6309.82,7954.27457,11444.64,14488.276,15642.8995467,43854.0097791,179053.595104,697.185,8.1,19.2,0.0,0.0,0.0,0.0,279472,0.0
6186,23343.5376433,7954.27457,11444.64,14488.276,6162.79366927,37438.2851174,182477.268,1070.325,176.4,19.2,0.0,0.0,0.0,0.0,284575,0.0
6187,36685.0,7954.27457,11444.64,14488.276,142.592068321,32534.2196996,183013.827662,1140.57,176.4,19.2,0.0,0.0,0.0,0.0,287599,0.0
6188,36685.0,7954.27457,11444.64,14488.276,0.0,33802.7946354,183055.473,1140.57,736.911,355.060794632,0.0,0.0,0.0,0.0,289663,0.0
6189,35297.8666888,7954.27457,11444.64,14488.276,0.0,37381.7497412,182477.268,1070.325,176.4,19.2,0.0,0.0,0.0,0.0,290310,0.0
6190,30696.9326315,7954.27457,11444.64,14488.276,0.0,39065.6837985,182477.268,1070.325,176.4,19.2,0.0,0.0,0.0,0.0,287393,0.0
6191,22858.6601921,7954.27457,11444.64,14488.276,0.0,40647.9562379,182477.268,1070.325,176.4,19.2,0.0,0.0,0.0,0.0,281137,0.0
6192,14864.050276,7954.27457,11444.64,14488.276,0.0,42583.566154,182477.268,1070.325,176.4,19.2,0.0,0.0,0.0,0.0,275078,0.0
6193,16644.8640004,7939.8385,11444.64,14265.036,0.0,44374.3234996,174061.998,576.0,8.1,19.2,0.0,0.0,0.0,0.0,269334,0.0
6194,11762.4988362,7939.8385,11444.64,14265.036,0.0,45515.6886638,174061.998,576.0,8.1,19.2,0.0,0.0,0.0,0.0,265593,0.0
6195,9161.17373898,7939.8385,11444.64,14265.036,0.0,46075.013761,174061.998,576.0,8.1,19.2,0.0,0.0,0.0,0.0,263551,0.0
6196,9907.14366014,7939.8385,11444.64,14265.036,0.0,45677.0438399,174061.998,576.0,8.1,19.2,0.0,0.0,0.0,0.0,263899,0.0
6197,13748.7333782,7939.8385,11444.64,14265.036,0.0,43654.4541218,174061.998,576.0,8.1,19.2,0.0,0.0,0.0,0.0,265718,0.0
6198,19998.1830337,7939.8385,11444.64,14265.036,0.0,40643.0044663,174061.998,576.0,8.1,19.2,0.0,0.0,0.0,0.0,268956,0.0
6199,25410.6171116,7939.8385,11444.64,14265.036,0.0,38054.5703884,174061.998,576.0,8.1,19.2,0.0,0.0,0.0,0.0,271780,0.0
6200,26166.3272271,7939.8385,11444.64,14265.036,5160.18964727,34904.6706256,174061.998,576.0,8.1,19.2,0.0,0.0,0.0,0.0,274546,0.0
6201,19206.1116988,7939.8385,11444.64,14265.036,13530.0908524,35214.9849488,174061.998,576.0,8.1,19.2,0.0,0.0,0.0,0.0,276266,0.0
6202,7698.25831039,7939.8385,11444.64,14265.036,21843.4787004,39713.4504892,174061.998,576.0,8.1,19.2,0.0,0.0,0.0,0.0,277570,0.0
6203,6383.19,7939.8385,11444.64,14265.036,28533.8196709,43991.9736891,164656.20214,576.0,8.1,19.2,0.0,0.0,0.0,0.0,277818,0.0
6204,6383.19,7939.8385,11444.64,14265.036,30472.9296779,47389.4087344,159261.657088,576.0,8.1,19.2,0.0,0.0,0.0,0.0,277760,0.0
6205,6383.19,7939.8385,11444.64,14265.036,31172.1446064,50523.6516868,155103.199207,576.0,8.1,19.2,0.0,0.0,0.0,0.0,277435,0.0
6206,6383.19,7939.8385,11444.64,14265.036,31689.4729336,53924.6282118,150557.794355,449.1,8.1,19.2,0.0,0.0,0.0,0.0,276681,0.0
6207,6383.19,7939.8385,11444.64,14265.036,29602.602131,56242.1191412,148859.174228,449.1,8.1,19.2,0.0,0.0,0.0,0.0,275213,0.0
6208,6383.19,7939.8385,11444.64,14265.036,25196.8130995,56555.6553458,151256.427055,449.1,8.1,19.2,0.0,0.0,0.0,0.0,273518,0.0
6209,6383.19,7939.8385,11444.64,14265.036,16114.5309054,53209.3959075,165690.068687,576.0,8.1,19.2,0.0,0.0,0.0,0.0,275650,0.0
6210,20102.3100036,7939.8385,11444.64,14265.036,6345.03923534,46633.8382611,174061.998,576.0,8.1,19.2,0.0,0.0,0.0,0.0,281396,0.0
6211,35094.038837,7939.8385,11444.64,14265.036,135.264461692,43011.8842013,174061.998,576.0,8.1,19.2,0.0,0.0,0.0,0.0,286556,0.0
6212,36685.0,7939.8385,11444.64,14265.036,0.0,43957.8609844,176043.123,583.20151559,8.1,19.2,0.0,0.0,0.0,0.0,290946,0.0
6213,36685.0,7939.8385,11444.64,14265.036,0.0,45978.3620144,176043.123,898.2,736.911,166.8894856,0.0,0.0,0.0,0.0,294158,0.0
6214,35166.5929438,7939.8385,11444.64,14265.036,0.0,48817.5945562,174061.998,576.0,8.1,19.2,0.0,0.0,0.0,0.0,292299,0.0
6215,24951.9660534,7939.8385,11444.64,14265.036,0.0,52602.8840805,173874.335366,576.0,8.1,19.2,0.0,0.0,0.0,0.0,285682,0.0
6216,14448.5505667,7939.8385,11444.64,14265.036,0.0,56645.1369333,173859.498,576.0,8.1,19.2,0.0,0.0,0.0,0.0,279206,0.0
6217,12621.853254,8026.45492,11444.64,14131.092,0.0,60034.321826,166810.338,576.0,8.1,19.2,0.0,0.0,0.0,0.0,273672,0.0
6218,6896.78,8026.45492,11444.64,14131.092,0.0,62794.7474189,165196.985661,576.0,8.1,19.2,0.0,0.0,0.0,0.0,269094,0.0
6219,6896.78,8026.45492,11444.64,14131.092,0.0,64264.6346019,161739.098478,576.0,8.1,19.2,0.0,0.0,0.0,0.0,267106,0.0
6220,6896.78,8026.45492,11444.64,14131.092,0.0,62835.7813839,163190.951696,576.0,8.1,19.2,0.0,0.0,0.0,0.0,267129,0.0
6221,7142.61715303,8026.45492,11444.64,14131.092,0.0,60313.557927,166810.338,576.0,8.1,19.2,0.0,0.0,0.0,0.0,268472,0.0
6222,13744.9665819,8026.45492,11444.64,14131.092,0.0,56459.2084981,166810.338,576.0,8.1,19.2,0.0,0.0,0.0,0.0,271220,0.0
6223,21806.8560551,8026.45492,11444.64,14131.092,0.0,50831.3190249,166810.338,576.0,8.1,19.2,0.0,0.0,0.0,0.0,273654,0.0
6224,25106.8866011,8026.45492,11444.64,14131.092,5487.23995593,44702.048523,166810.338,576.0,8.1,19.2,0.0,0.0,0.0,0.0,276312,0.0
6225,19886.0552475,8026.45492,11444.64,14131.092,14100.8924133,43026.2274192,166810.338,576.0,8.1,19.2,0.0,0.0,0.0,0.0,278029,0.0
6226,6896.78,8026.45492,11444.64,14131.092,23542.6090567,47983.4680326,166476.655991,576.0,8.1,19.2,0.0,0.0,0.0,0.0,279105,0.0
6227,6896.78,8026.45492,11444.64,14131.092,30160.2688408,50091.9528588,157140.51138,576.0,8.1,19.2,0.0,0.0,0.0,0.0,278495,0.0
6228,6896.78,8026.45492,11444.64,14131.092,33861.0574666,52463.0462813,151064.529332,449.1,8.1,19.2,0.0,0.0,0.0,0.0,278364,0.0
6229,6896.78,8026.45492,11444.64,14131.092,33785.1695559,55299.4000395,148418.063485,449.1,8.1,19.2,0.0,0.0,0.0,0.0,278478,0.0
6230,6896.78,8026.45492,11444.64,14131.092,34100.644106,59008.6546991,144417.334275,449.1,8.1,19.2,0.0,0.0,0.0,0.0,278502,0.0
6231,6896.78,8026.45492,11444.64,14131.092,29661.1115302,62707.431019,144480.090531,449.1,8.1,19.2,0.0,0.0,0.0,0.0,277824,0.0
6232,6896.78,8026.45492,11444.64,14131.092,24595.0124645,64211.1136083,146577.507007,449.1,8.1,19.2,0.0,0.0,0.0,0.0,276359,0.0
6233,6896.78,8026.45492,11444.64,14131.092,16472.2602927,62755.8159419,157836.656845,576.0,8.1,19.2,0.0,0.0,0.0,0.0,278167,0.0
6234,20153.3202063,8026.45492,11444.64,14131.092,6322.16784753,56422.8423063,166684.18272,576.0,8.1,19.2,0.0,0.0,0.0,0.0,283788,0.0
6235,36685.0,8026.45492,11444.64,14131.092,111.546681952,49687.3138759,168498.652522,576.0,8.1,19.2,0.0,0.0,0.0,0.0,289188,0.0
6236,36685.0,8026.45492,11444.64,14131.092,0.0,49213.9659865,174303.547093,576.0,8.1,19.2,0.0,0.0,0.0,0.0,294408,0.0
6237,36685.0,8026.45492,11444.64,14131.092,0.0,50236.1871328,176043.123,898.2,900.422947165,854.88,0.0,0.0,0.0,0.0,299220,0.0
6238,36685.0,8026.45492,11444.64,14131.092,0.0,51139.7905586,175523.722521,576.0,8.1,19.2,0.0,0.0,0.0,0.0,297554,0.0
6239,36685.0,8026.45492,11444.64,14131.092,0.0,52341.5275771,167115.985503,576.0,8.1,19.2,0.0,0.0,0.0,0.0,290348,0.0
6240,27767.5643011,8026.45492,11444.64,14131.092,0.0,54052.6107789,166810.338,576.0,8.1,19.2,0.0,0.0,0.0,0.0,282836,0.0
6241,12915.3304097,8084.1992,11444.64,14220.388,0.0,56419.7718239,171723.367566,1464.003,8.1,19.2,0.0,0.0,0.0,0.0,276299,0.0
6242,7410.37,8084.1992,11444.64,14220.388,0.0,58128.0561418,170599.043658,1464.003,8.1,19.2,0.0,0.0,0.0,0.0,271378,0.0
6243,7410.37,8084.1992,11444.64,14220.388,0.0,59681.8841441,166899.215656,1464.003,8.1,19.2,0.0,0.0,0.0,0.0,269232,0.0
6244,7410.37,8084.1992,11444.64,14220.388,0.0,59533.6208931,166699.478907,1464.003,8.1,19.2,0.0,0.0,0.0,0.0,268884,0.0
6245,7410.37,8084.1992,11444.64,14220.388,0.0,58546.3655463,169013.734254,1464.003,8.1,19.2,0.0,0.0,0.0,0.0,270211,0.0
6246,9652.32878043,8084.1992,11444.64,14220.388,0.0,56595.1580196,171718.983,1464.003,8.1,19.2,0.0,0.0,0.0,0.0,273207,0.0
6247,15491.5690332,8084.1992,11444.64,14220.388,0.0,53443.5177668,171832.383,1464.003,8.1,19.2,0.0,0.0,0.0,0.0,276008,0.0
6248,18472.0454149,8084.1992,11444.64,14220.388,5033.06328124,48948.9781038,171832.383,1464.003,8.1,19.2,0.0,0.0,0.0,0.0,279527,0.0
6249,14975.9436754,8084.1992,11444.64,14220.388,12860.0418774,48138.1012472,171832.383,1464.003,8.1,19.2,0.0,0.0,0.0,0.0,283047,0.0
6250,7410.37,8084.1992,11444.64,14220.388,20058.791072,54471.7215789,168334.587149,1464.003,8.1,19.2,0.0,0.0,0.0,0.0,285516,0.0
6251,7410.37,8084.1992,11444.64,14220.388,25420.8313957,56307.7278655,162385.540539,1464.003,8.1,19.2,0.0,0.0,0.0,0.0,286765,0.0
6252,7410.37,8084.1992,11444.64,14220.388,29093.0258333,55437.8977464,159837.17622,1464.003,8.1,19.2,0.0,0.0,0.0,0.0,287019,0.0
6253,7410.37,8084.1992,11444.64,14220.388,31044.9755268,54950.6098367,158050.414436,1337.103,8.1,19.2,0.0,0.0,0.0,0.0,286570,0.0
6254,7410.37,8084.1992,11444.64,14220.388,30078.1797271,55157.7589505,158191.983,1432.18112236,8.1,19.2,0.0,0.0,0.0,0.0,286047,0.0
6255,7410.37,8084.1992,11444.64,14220.388,26736.1734092,55547.5257187,160237.400672,1464.003,8.1,19.2,0.0,0.0,0.0,0.0,285172,0.0
6256,7410.37,8084.1992,11444.64,14220.388,20693.097945,56402.8400209,164490.161834,1464.003,8.1,19.2,0.0,0.0,0.0,0.0,284237,0.0
6257,10689.2303502,8084.1992,11444.64,14220.388,13977.333383,55102.5230668,171832.383,1464.003,8.1,19.2,0.0,0.0,0.0,0.0,286842,0.0
6258,28473.2594474,8084.1992,11444.64,14220.388,5179.36724057,51130.460112,171832.383,1464.003,8.1,19.2,0.0,0.0,0.0,0.0,291856,0.0
6259,36685.0,8084.1992,11444.64,14220.388,89.8840170525,46808.0160636,177692.569719,1464.003,8.1,19.2,0.0,0.0,0.0,0.0,296516,0.0
6260,36685.0,8084.1992,11444.64,14220.388,0.0,45375.5721662,182825.212634,1907.388,176.4,19.2,0.0,0.0,0.0,0.0,300738,0.0
6261,36685.0,8084.1992,11444.64,14220.388,0.0,44971.0831825,183055.473,2674.206,1171.7786175,1496.232,0.0,0.0,0.0,0.0,303803,0.0
6262,36685.0,8084.1992,11444.64,14220.388,0.0,45980.9303998,183055.473,2467.76940019,176.4,19.2,0.0,0.0,0.0,0.0,302134,0.0
6263,36685.0,8084.1992,11444.64,14220.388,0.0,48615.8403115,175496.629488,1464.003,8.1,19.2,0.0,0.0,0.0,0.0,296038,0.0
6264,31910.9222887,8084.1992,11444.64,14220.388,0.0,50851.1645113,171832.383,1464.003,8.1,19.2,0.0,0.0,0.0,0.0,289835,0.0
6265,15354.3680903,8098.63527,11444.64,14153.416,0.0,52824.8838093,181156.473,1117.98383037,176.4,19.2,0.0,0.0,0.0,0.0,284346,0.0
6266,8700.71513187,8098.63527,11444.64,14153.416,0.0,54904.9505981,181156.473,1140.57,176.4,19.2,0.0,0.0,0.0,0.0,279795,0.0
6267,7960.645,8098.63527,11444.64,14153.416,0.0,55470.8952574,179001.283473,697.185,8.1,19.2,0.0,0.0,0.0,0.0,276854,0.0
6268,7960.645,8098.63527,11444.64,14153.416,0.0,53341.3496519,180311.373,1001.64107813,8.1,19.2,0.0,0.0,0.0,0.0,276339,0.0
6269,11749.5179817,8098.63527,11444.64,14153.416,0.0,49203.1477483,181156.473,1140.57,176.4,19.2,0.0,0.0,0.0,0.0,277142,0.0
6270,19181.490793,8098.63527,11444.64,14153.416,0.0,44193.174937,181156.473,1140.57,176.4,19.2,0.0,0.0,0.0,0.0,279564,0.0
6271,26800.438399,8098.63527,11444.64,14153.416,0.0,39671.227331,181156.473,1140.57,176.4,19.2,0.0,0.0,0.0,0.0,282661,0.0
6272,29975.6829088,8098.63527,11444.64,14153.416,5496.22665103,35193.7561702,181156.473,1140.57,176.4,19.2,0.0,0.0,0.0,0.0,286855,0.0
6273,24178.0077354,8098.63527,11444.64,14153.416,14082.8155845,34924.8424102,181156.473,1140.57,176.4,19.2,0.0,0.0,0.0,0.0,289375,0.0
6274,12842.2952113,8098.63527,11444.64,14153.416,22873.4734738,38428.8970449,181156.473,1140.57,176.4,19.2,0.0,0.0,0.0,0.0,290334,0.0
6275,7960.645,8098.63527,11444.64,14153.416,30005.1852767,40734.4164428,177476.577011,697.185,8.1,19.2,0.0,0.0,0.0,0.0,290598,0.0
6276,7960.645,8098.63527,11444.64,14153.416,32801.7251966,42302.2162651,171844.237268,697.185,8.1,19.2,0.0,0.0,0.0,0.0,289330,0.0
6277,7960.645,8098.63527,11444.64,14153.416,36159.1619546,44600.3873052,164700.62947,697.185,8.1,19.2,0.0,0.0,0.0,0.0,287842,0.0
6278,7960.645,8098.63527,11444.64,14153.416,32838.278677,47702.3144426,162822.58561,697.185,8.1,19.2,0.0,0.0,0.0,0.0,285745,0.0
6279,7960.645,8098.63527,11444.64,14153.416,30690.6738793,50845.0942461,159998.410605,697.185,8.1,19.2,0.0,0.0,0.0,0.0,283916,0.0
6280,7960.645,8098.63527,11444.64,14153.416,24723.6911003,53413.6606377,161844.826992,697.185,8.1,19.2,0.0,0.0,0.0,0.0,282364,0.0
6281,7960.645,8098.63527,11444.64,14153.416,16363.8699431,55359.735694,171283.573093,697.185,8.1,19.2,0.0,0.0,0.0,0.0,285389,0.0
6282,15570.9871605,8098.63527,11444.64,14153.416,5553.28994404,53852.3886254,181156.473,1140.57,176.4,19.2,0.0,0.0,0.0,0.0,291166,0.0
6283,28374.4238195,8098.63527,11444.64,14153.416,74.4416330817,52428.8002774,181156.473,1140.57,176.4,19.2,0.0,0.0,0.0,0.0,297067,0.0
6284,33897.7524848,8098.63527,11444.64,14153.416,0.0,51962.9132452,181156.473,1140.57,176.4,19.2,0.0,0.0,0.0,0.0,302050,0.0
6285,36166.7271011,8098.63527,11444.64,14153.416,0.0,52349.9386289,181156.473,1140.57,176.4,19.2,0.0,0.0,0.0,0.0,304706,0.0
6286,32723.6229233,8098.63527,11444.64,14153.416,0.0,52249.0428067,181156.473,1140.57,176.4,19.2,0.0,0.0,0.0,0.0,301162,0.0
6287,24124.7024024,8098.63527,11444.64,14153.416,0.0,53397.9633276,181156.473,1140.57,176.4,19.2,0.0,0.0,0.0,0.0,293712,0.0
6288,16233.1622571,8098.63527,11444.64,14153.416,0.0,53896.5034729,181156.473,1140.57,176.4,19.2,0.0,0.0,0.0,0.0,286319,0.0
6289,17984.978155,8141.94348,11444.64,14086.444,0.0,54963.156365,172523.538,576.0,8.1,19.2,0.0,0.0,0.0,0.0,279748,0.0
6290,12416.8047354,8141.94348,11444.64,14086.444,0.0,55766.1270669,172490.740718,576.0,8.1,19.2,0.0,0.0,0.0,0.0,274950,0.0
6291,10419.6906801,8141.94348,11444.64,14086.444,0.0,56102.6438399,172345.338,576.0,8.1,19.2,0.0,0.0,0.0,0.0,273144,0.0
6292,8581.93379182,8141.94348,11444.64,14086.444,0.0,57903.4007282,172345.338,576.0,8.1,19.2,0.0,0.0,0.0,0.0,273107,0.0
6293,8396.32556489,8141.94348,11444.64,14086.444,0.0,59138.6089551,172377.738,576.0,8.1,19.2,0.0,0.0,0.0,0.0,274189,0.0
6294,11358.9496526,8141.94348,11444.64,14086.444,0.0,59171.3848674,172345.338,576.0,8.1,19.2,0.0,0.0,0.0,0.0,277152,0.0
6295,14642.4137668,8141.94348,11444.64,14086.444,0.0,58195.9207532,172345.338,576.0,8.1,19.2,0.0,0.0,0.0,0.0,279460,0.0
6296,15770.7520773,8141.94348,11444.64,14086.444,5446.18824571,54800.394197,172345.338,576.0,8.1,19.2,0.0,0.0,0.0,0.0,282639,0.0
6297,9225.6402484,8141.94348,11444.64,14086.444,13634.3543688,55951.9399028,172377.738,576.0,8.1,19.2,0.0,0.0,0.0,0.0,285466,0.0
6298,8070.7,8141.94348,11444.64,14086.444,22029.070237,61214.5288676,161825.373415,576.0,8.1,19.2,0.0,0.0,0.0,0.0,287416,0.0
6299,8070.7,8141.94348,11444.64,14086.444,27463.2181968,63195.9892213,155368.765102,576.0,8.1,19.2,0.0,0.0,0.0,0.0,288375,0.0
6300,8070.7,8141.94348,11444.64,14086.444,29816.8091692,61935.0996415,155213.063709,576.0,8.1,19.2,0.0,0.0,0.0,0.0,289312,0.0
6301,8070.7,8141.94348,11444.64,14086.444,29890.5504616,60263.7357122,156307.686346,576.0,8.1,19.2,0.0,0.0,0.0,0.0,288809,0.0
6302,8070.7,8141.94348,11444.64,14086.444,27746.0055738,60984.3508857,156929.61606,576.0,8.1,19.2,0.0,0.0,0.0,0.0,288007,0.0
6303,8070.7,8141.94348,11444.64,14086.444,25505.2886132,61815.6681255,157325.015781,576.0,8.1,19.2,0.0,0.0,0.0,0.0,286993,0.0
6304,8070.7,8141.94348,11444.64,14086.444,20310.7131837,61587.5230318,162051.736304,576.0,8.1,19.2,0.0,0.0,0.0,0.0,286297,0.0
6305,8070.7,8141.94348,11444.64,14086.444,14194.4586419,60375.7245709,171392.789307,576.0,8.1,19.2,0.0,0.0,0.0,0.0,288310,0.0
6306,27130.2623221,8141.94348,11444.64,14086.444,5130.19613686,54701.876061,172345.338,576.0,8.1,19.2,0.0,0.0,0.0,0.0,293584,0.0
6307,36685.0,8141.94348,11444.64,14086.444,60.4185547854,49987.6787559,175688.575209,576.0,8.1,19.2,0.0,0.0,0.0,0.0,296698,0.0
6308,36685.0,8141.94348,11444.64,14086.444,0.0,50535.1286211,177231.123,898.2,630.320898911,19.2,0.0,0.0,0.0,0.0,299672,0.0
6309,36685.0,8141.94348,11444.64,14086.444,0.0,52380.1039562,177231.123,898.2,411.345563804,19.2,0.0,0.0,0.0,0.0,301298,0.0
6310,36685.0,8141.94348,11444.64,14086.444,0.0,52858.3981173,174335.274403,576.0,8.1,19.2,0.0,0.0,0.0,0.0,298155,0.0
6311,32102.075304,8141.94348,11444.64,14086.444,0.0,52090.259216,172345.338,576.0,8.1,19.2,0.0,0.0,0.0,0.0,290814,0.0
6312,28184.2731015,8141.94348,11444.64,14086.444,0.0,49784.6614185,172377.738,576.0,8.1,19.2,0.0,0.0,0.0,0.0,284623,0.0
6313,14540.0559388,7954.27457,11444.64,13818.556,0.0,47519.1984912,180887.733,2206.242,8.1,19.2,0.0,0.0,0.0,0.0,278398,0.0
6314,12687.594782,7954.27457,11444.64,13818.556,0.0,44854.859648,180709.533,2206.242,8.1,19.2,0.0,0.0,0.0,0.0,273703,0.0
6315,12619.2558985,7954.27457,11444.64,13818.556,0.0,42727.1985315,180709.533,2206.242,8.1,19.2,0.0,0.0,0.0,0.0,271507,0.0
6316,12543.6587482,7954.27457,11444.64,13818.556,0.0,42159.5956818,180887.733,2206.242,8.1,19.2,0.0,0.0,0.0,0.0,271042,0.0
6317,13086.6625574,7954.27457,11444.64,13818.556,0.0,41270.5918726,180887.733,2206.242,8.1,19.2,0.0,0.0,0.0,0.0,270696,0.0
6318,14888.0502302,7954.27457,11444.64,13818.556,0.0,40375.2041998,180887.733,2206.242,8.1,19.2,0.0,0.0,0.0,0.0,271602,0.0
6319,17587.7082319,7954.27457,11444.64,13818.556,0.0,39065.7461981,180709.533,2206.242,8.1,19.2,0.0,0.0,0.0,0.0,272814,0.0
6320,16409.2447722,7954.27457,11444.64,13818.556,5292.7733587,36987.4362991,180709.533,2206.242,8.1,19.2,0.0,0.0,0.0,0.0,274850,0.0
6321,8225.48457211,7954.27457,11444.64,13818.556,13685.360128,37907.6097299,180709.533,2206.242,8.1,19.2,0.0,0.0,0.0,0.0,275979,0.0
6322,7777.22,7954.27457,11444.64,13818.556,23029.5221468,41648.4070091,169758.838274,2206.242,8.1,19.2,0.0,0.0,0.0,0.0,277665,0.0
6323,7777.22,7954.27457,11444.64,13818.556,30712.0104903,40049.8959626,165008.860977,2206.242,8.1,19.2,0.0,0.0,0.0,0.0,278999,0.0
6324,7777.22,7954.27457,11444.64,13818.556,34459.0868212,35372.8559447,166797.824664,2206.242,8.1,19.2,0.0,0.0,0.0,0.0,279858,0.0
6325,7777.22,7954.27457,11444.64,13818.556,34221.6997493,31607.0566088,169977.011072,2206.242,8.1,19.2,0.0,0.0,0.0,0.0,279034,0.0
6326,7777.22,7954.27457,11444.64,13818.556,32247.7756874,28294.3728781,174477.618865,2206.242,8.1,19.2,0.0,0.0,0.0,0.0,278248,0.0
6327,7777.22,7954.27457,11444.64,13818.556,28301.7402049,27000.9010849,178235.12614,2206.242,8.1,19.2,0.0,0.0,0.0,0.0,276766,0.0
6328,9116.7986885,7954.27457,11444.64,13818.556,22750.6049601,26984.0507814,180709.533,2206.242,8.1,19.2,0.0,0.0,0.0,0.0,275012,0.0
6329,16948.8710776,7954.27457,11444.64,13818.556,14949.4488958,27582.1344566,180709.533,2206.242,8.1,19.2,0.0,0.0,0.0,0.0,275641,0.0
6330,31328.2147828,7954.27457,11444.64,13818.556,5812.89119225,26674.348455,180709.533,2206.242,8.1,19.2,0.0,0.0,0.0,0.0,279976,0.0
6331,36685.0,7954.27457,11444.64,13818.556,51.8973398456,24623.3491995,186585.055891,2649.627,176.4,19.2,0.0,0.0,0.0,0.0,284008,0.0
6332,36685.0,7954.27457,11444.64,13818.556,0.0,25947.7986153,187657.173,4158.684,301.673814675,19.2,0.0,0.0,0.0,0.0,287987,0.0
6333,36685.0,7954.27457,11444.64,13818.556,0.0,27199.4032483,187657.173,4158.684,967.293,1229.97618168,0.0,0.0,0.0,0.0,291115,0.0
6334,36685.0,7954.27457,11444.64,13818.556,0.0,27235.0091444,187657.173,4158.684,723.46328556,19.2,0.0,0.0,0.0,0.0,289696,0.0
6335,36685.0,7954.27457,11444.64,13818.556,0.0,27554.5038148,184353.983615,2363.742,8.1,19.2,0.0,0.0,0.0,0.0,284202,0.0
6336,35791.7324198,7954.27457,11444.64,13818.556,0.0,27225.9394963,180720.315514,2206.242,8.1,19.2,0.0,0.0,0.0,0.0,279189,0.0
6337,9433.65412186,7939.8385,11444.64,13639.964,0.0,27549.5403433,200990.226035,3180.537,176.4,19.2,0.0,0.0,0.0,0.0,274374,0.0
6338,7703.85,7939.8385,11444.64,13639.964,0.0,27787.0295833,198993.725917,2894.652,8.1,19.2,0.0,0.0,0.0,0.0,270431,0.0
6339,7703.85,7939.8385,11444.64,13639.964,0.0,27383.9955913,197829.259909,2737.152,8.1,19.2,0.0,0.0,0.0,0.0,268706,0.0
6340,7703.85,7939.8385,11444.64,13639.964,0.0,26455.7966064,198399.458894,2737.152,8.1,19.2,0.0,0.0,0.0,0.0,268348,0.0
6341,7703.85,7939.8385,11444.64,13639.964,0.0,25027.1471873,200633.423313,3180.537,176.4,19.2,0.0,0.0,0.0,0.0,269765,0.0
6342,12836.2838579,7939.8385,11444.64,13639.964,0.0,22939.4381421,200906.6985,3180.537,176.4,19.2,0.0,0.0,0.0,0.0,273083,0.0
6343,17393.4430496,7939.8385,11444.64,13639.964,0.0,21139.2789504,200906.6985,3180.537,176.4,19.2,0.0,0.0,0.0,0.0,275840,0.0
6344,18622.8040172,7939.8385,11444.64,13639.964,5580.67606916,18980.2419136,200906.6985,3180.537,176.4,19.2,0.0,0.0,0.0,0.0,280491,0.0
6345,14706.5179988,7939.8385,11444.64,13639.964,14576.8262324,18481.6277688,201048.4485,3180.537,176.4,19.2,0.0,0.0,0.0,0.0,285214,0.0
6346,9007.60909081,7939.8385,11444.64,13639.964,23885.8140776,19116.7988315,201190.1985,3180.537,176.4,19.2,0.0,0.0,0.0,0.0,289601,0.0
6347,7703.85,7939.8385,11444.64,13639.964,30772.2583731,17570.8289844,199957.728143,3110.292,176.4,19.2,0.0,0.0,0.0,0.0,292335,0.0
6348,7703.85,7939.8385,11444.64,13639.964,35422.1174616,16029.3759111,199308.262127,2894.652,8.1,19.2,0.0,0.0,0.0,0.0,294410,0.0
6349,7703.85,7939.8385,11444.64,13639.964,36981.1668158,15958.1916187,198725.2335,2779.81556544,8.1,19.2,0.0,0.0,0.0,0.0,295200,0.0
6350,8845.72946385,7939.8385,11444.64,13639.964,34901.1548543,15632.8376818,200906.6985,3180.537,176.4,19.2,0.0,0.0,0.0,0.0,296687,0.0
6351,13875.9327727,7939.8385,11444.64,13639.964,29216.553159,16211.4860683,201048.4485,3180.537,176.4,19.2,0.0,0.0,0.0,0.0,296753,0.0
6352,18018.5644683,7939.8385,11444.64,13639.964,23241.0283674,17190.1291643,200906.6985,3180.537,176.4,19.2,0.0,0.0,0.0,0.0,295757,0.0
6353,25253.525062,7939.8385,11444.64,13639.964,16674.7288581,18584.4680799,200906.6985,3180.537,176.4,19.2,0.0,0.0,0.0,0.0,297820,0.0
6354,36685.0,7939.8385,11444.64,13639.964,5668.77352937,19201.4487468,203108.5485,3732.18672378,176.4,19.2,0.0,0.0,0.0,0.0,301616,0.0
6355,36685.0,7939.8385,11444.64,13639.964,0.0,19708.0692459,208446.138,5220.504,681.646254102,19.2,0.0,0.0,0.0,0.0,303785,0.0
6356,36685.0,7939.8385,11444.64,13639.964,0.0,20976.6770814,208446.138,5220.504,865.611,831.627418585,0.0,0.0,0.0,0.0,306050,0.0
6357,36685.0,7939.8385,11444.64,13639.964,0.0,23449.5424211,208446.138,5220.504,492.173078935,19.2,0.0,0.0,0.0,0.0,307337,0.0
6358,36685.0,7939.8385,11444.64,13639.964,0.0,24816.1210956,204221.238404,4595.598,176.4,19.2,0.0,0.0,0.0,0.0,303538,0.0
6359,33651.2136282,7939.8385,11444.64,13639.964,0.0,25431.5083718,200906.6985,3180.537,176.4,19.2,0.0,0.0,0.0,0.0,296390,0.0
6360,26864.4251688,7939.8385,11444.64,13639.964,0.0,25700.5468312,201048.4485,3180.537,176.4,19.2,0.0,0.0,0.0,0.0,290014,0.0
6361,10148.1395104,7896.53029,11444.64,13327.428,0.0,25059.9101996,211426.938,4946.814,176.4,19.2,0.0,0.0,0.0,0.0,284446,0.0
6362,7794.50432976,7896.53029,11444.64,13327.428,0.0,23543.9853802,211461.498,4946.814,176.4,19.2,0.0,0.0,0.0,0.0,280611,0.0
6363,8284.95352687,7896.53029,11444.64,13327.428,0.0,21576.4452469,211464.588936,4946.814,176.4,19.2,0.0,0.0,0.0,0.0,279137,0.0
6364,10361.171858,7896.53029,11444.64,13327.428,0.0,19375.207852,211567.608,4946.814,176.4,19.2,0.0,0.0,0.0,0.0,279115,0.0
6365,13947.7309989,7896.53029,11444.64,13327.428,0.0,17199.4187111,211553.838,4946.814,176.4,19.2,0.0,0.0,0.0,0.0,280512,0.0
6366,18571.1809582,7896.53029,11444.64,13327.428,0.0,15341.2032518,211504.6035,4946.814,176.4,19.2,0.0,0.0,0.0,0.0,283228,0.0
6367,22244.7138599,7896.53029,11444.64,13327.428,0.0,13996.8258501,211538.448,4946.814,176.4,19.2,0.0,0.0,0.0,0.0,285591,0.0
6368,21664.6373269,7896.53029,11444.64,13327.428,5524.11296352,12412.9844196,211517.253,4946.814,176.4,19.2,0.0,0.0,0.0,0.0,288930,0.0
6369,16123.5426981,7896.53029,11444.64,13327.428,14587.1300923,11906.5469196,211569.768,4946.814,176.4,19.2,0.0,0.0,0.0,0.0,291998,0.0
6370,8530.20653263,7896.53029,11444.64,13327.428,24527.3498068,11967.5133705,211554.918,4946.814,176.4,19.2,0.0,0.0,0.0,0.0,294391,0.0
6371,7337.0,7896.53029,11444.64,13327.428,31374.132299,10518.0045708,208845.84684,4852.818,176.4,19.2,0.0,0.0,0.0,0.0,295792,0.0
6372,7337.0,7896.53029,11444.64,13327.428,34840.2348491,8678.79150271,208821.957358,4852.818,176.4,19.2,0.0,0.0,0.0,0.0,297395,0.0
6373,7337.0,7896.53029,11444.64,13327.428,36065.3037633,8097.77872975,209865.901217,4852.818,176.4,19.2,0.0,0.0,0.0,0.0,299083,0.0
6374,7863.70775529,7896.53029,11444.64,13327.428,34322.6891195,8061.89283524,211585.698,4946.814,176.4,19.2,0.0,0.0,0.0,0.0,299645,0.0
6375,9710.30650654,7896.53029,11444.64,13327.428,30694.0555384,9139.40766508,211579.218,4946.814,176.4,19.2,0.0,0.0,0.0,0.0,298934,0.0
6376,13490.4870747,7896.53029,11444.64,13327.428,24329.7073832,10626.0502521,211567.743,4946.814,176.4,19.2,0.0,0.0,0.0,0.0,297825,0.0
6377,21585.945712,7896.53029,11444.64,13327.428,16000.5777252,12595.8012728,211566.663,4946.814,176.4,19.2,0.0,0.0,0.0,0.0,299560,0.0
6378,34522.1875711,7896.53029,11444.64,13327.428,5226.17018054,14292.2619583,211537.368,4946.814,176.4,19.2,0.0,0.0,0.0,0.0,303389,0.0
6379,36685.0,7896.53029,11444.64,13327.428,0.0,16196.0311568,214964.726553,5541.444,252.0,19.2,0.0,0.0,0.0,0.0,306327,0.0
6380,36685.0,7896.53029,11444.64,13327.428,0.0,18202.9031649,215652.438,5734.944,632.916545119,19.2,0.0,0.0,0.0,0.0,309596,0.0
6381,36685.0,7896.53029,11444.64,13327.428,0.0,20125.8219536,215652.438,5734.944,736.911,162.286756378,0.0,0.0,0.0,0.0,311766,0.0
6382,36685.0,7896.53029,11444.64,13327.428,0.0,20776.5080277,212356.279682,5143.014,176.4,19.2,0.0,0.0,0.0,0.0,307825,0.0
6383,29733.4936121,7896.53029,11444.64,13327.428,0.0,21043.6460979,211570.848,4946.814,176.4,19.2,0.0,0.0,0.0,0.0,300159,0.0
6384,22533.7428686,7896.53029,11444.64,13327.428,0.0,21682.1913414,211487.0535,4946.814,176.4,19.2,0.0,0.0,0.0,0.0,293514,0.0
6385,14452.4839807,7795.4778,11444.64,12880.948,0.0,21441.5737193,213983.6085,5398.668,176.4,19.2,0.0,0.0,0.0,0.0,287593,0.0
6386,10606.8208195,7795.4778,11444.64,12880.948,0.0,21029.2368805,213983.6085,5398.668,176.4,19.2,0.0,0.0,0.0,0.0,283335,0.0
6387,10538.3264021,7795.4778,11444.64,12880.948,0.0,20292.7312979,213983.6085,5398.668,176.4,19.2,0.0,0.0,0.0,0.0,282530,0.0
6388,12479.4704704,7795.4778,11444.64,12880.948,0.0,19623.5872296,213983.6085,5398.668,176.4,19.2,0.0,0.0,0.0,0.0,283802,0.0
6389,14691.5655916,7795.4778,11444.64,12880.948,0.0,19145.6861662,213920.414442,5398.668,176.4,19.2,0.0,0.0,0.0,0.0,285473,0.0
6390,18185.3574974,7795.4778,11444.64,12880.948,0.0,18248.7002026,213848.6085,5398.668,176.4,19.2,0.0,0.0,0.0,0.0,287998,0.0
6391,21315.9329012,7795.4778,11444.64,12880.948,0.0,17184.1247988,213848.6085,5398.668,176.4,19.2,0.0,0.0,0.0,0.0,290064,0.0
6392,18575.4527937,7795.4778,11444.64,12880.948,5478.40227978,15782.2026265,213848.6085,5398.668,176.4,19.2,0.0,0.0,0.0,0.0,291400,0.0
6393,10152.8846885,7795.4778,11444.64,12880.948,14571.6948617,15376.4781498,213848.6085,5398.668,176.4,19.2,0.0,0.0,0.0,0.0,291665,0.0
6394,7263.63,7795.4778,11444.64,12880.948,24404.1982055,15137.4733184,209027.610676,3697.722,8.1,19.2,0.0,0.0,0.0,0.0,291679,0.0
6395,7263.63,7795.4778,11444.64,12880.948,31264.5726978,13350.7176499,203587.491852,3540.222,8.1,19.2,0.0,0.0,0.0,0.0,291155,0.0
6396,7263.63,7795.4778,11444.64,12880.948,34836.3884281,11690.2358583,201581.157914,3540.222,8.1,19.2,0.0,0.0,0.0,0.0,291060,0.0
6397,7263.63,7795.4778,11444.64,12880.948,36663.5301272,10685.626211,201578.625862,3540.222,8.1,19.2,0.0,0.0,0.0,0.0,291880,0.0
6398,7263.63,7795.4778,11444.64,12880.948,34803.3678093,10877.4011128,204150.013278,3540.222,8.1,19.2,0.0,0.0,0.0,0.0,292783,0.0
6399,7263.63,7795.4778,11444.64,12880.948,31166.084614,12222.1919122,207432.505674,3540.222,8.1,19.2,0.0,0.0,0.0,0.0,293773,0.0
6400,7263.63,7795.4778,11444.64,12880.948,23152.3514177,13919.2690942,212687.6085,4904.47518807,176.4,19.2,0.0,0.0,0.0,0.0,294244,0.0
6401,15178.8208827,7795.4778,11444.64,12880.948,15622.5187773,15133.7180399,213848.6085,5398.668,176.4,19.2,0.0,0.0,0.0,0.0,297499,0.0
6402,32386.5335918,7795.4778,11444.64,12880.948,4703.99902791,15196.5250803,213848.6085,5398.668,176.4,19.2,0.0,0.0,0.0,0.0,303851,0.0
6403,36685.0,7795.4778,11444.64,12880.948,0.0,14909.6845228,219001.185677,5688.864,252.0,19.2,0.0,0.0,0.0,0.0,308677,0.0
6404,36685.0,7795.4778,11444.64,12880.948,0.0,14819.1269413,222361.938,6495.86925865,370.8,19.2,0.0,0.0,0.0,0.0,312873,0.0
6405,36685.0,7795.4778,11444.64,12880.948,0.0,15762.4861394,222361.938,6826.644,1397.66606059,1769.2,0.0,0.0,0.0,0.0,316924,0.0
6406,36685.0,7795.4778,11444.64,12880.948,0.0,16307.6246178,222361.938,6826.644,810.887582199,663.84,0.0,0.0,0.0,0.0,315777,0.0
6407,36685.0,7795.4778,11444.64,12880.948,0.0,17792.1079172,216697.362283,5589.864,176.4,19.2,0.0,0.0,0.0,0.0,309081,0.0
6408,33027.5930803,7795.4778,11444.64,12880.948,0.0,18839.4646197,213848.6085,5398.668,176.4,19.2,0.0,0.0,0.0,0.0,303431,0.0
6409,16857.475511,7636.68103,11444.64,12501.44,0.0,18236.7039713,225043.810488,6557.049,252.0,19.2,0.0,0.0,0.0,0.0,298549,0.0
6410,13789.1147459,7636.68103,11444.64,12501.44,0.0,16952.6572241,225157.968,6748.299,252.0,19.2,0.0,0.0,0.0,0.0,294502,0.0
6411,13752.8734382,7636.68103,11444.64,12501.44,0.0,15414.5485318,225157.968,6605.649,252.0,19.2,0.0,0.0,0.0,0.0,292785,0.0
6412,15622.2265013,7636.68103,11444.64,12501.44,0.0,14220.5954687,225063.468,6640.749,252.0,19.2,0.0,0.0,0.0,0.0,293401,0.0
6413,16509.7446163,7636.68103,11444.64,12501.44,0.0,13524.6773537,225252.468,6763.149,252.0,19.2,0.0,0.0,0.0,0.0,293904,0.0
6414,18652.8205885,7636.68103,11444.64,12501.44,0.0,13222.9513815,225157.968,6748.299,252.0,19.2,0.0,0.0,0.0,0.0,295636,0.0
6415,21260.7460407,7636.68103,11444.64,12501.44,0.0,13301.9259293,225063.468,6571.899,252.0,19.2,0.0,0.0,0.0,0.0,298052,0.0
6416,17520.8264353,7636.68103,11444.64,12501.44,5495.4377999,13824.8577348,225063.468,6679.449,252.0,19.2,0.0,0.0,0.0,0.0,300438,0.0
6417,8644.91243516,7636.68103,11444.64,12501.44,15163.8720505,14567.1374843,225157.968,6763.149,252.0,19.2,0.0,0.0,0.0,0.0,302151,0.0
6418,7153.575,7636.68103,11444.64,12501.44,24465.9826496,16704.8519431,218791.1385,5532.09087728,176.4,19.2,0.0,0.0,0.0,0.0,304426,0.0
6419,7153.575,7636.68103,11444.64,12501.44,31535.7562451,17084.9958663,214185.304859,4373.307,8.1,19.2,0.0,0.0,0.0,0.0,305943,0.0
6420,7153.575,7636.68103,11444.64,12501.44,35568.6984599,16001.268772,212235.089738,4373.307,8.1,19.2,0.0,0.0,0.0,0.0,306942,0.0
6421,7153.575,7636.68103,11444.64,12501.44,37531.2716204,14513.4217919,211909.363558,4373.307,8.1,19.2,0.0,0.0,0.0,0.0,307091,0.0
6422,7153.575,7636.68103,11444.64,12501.44,35252.1373322,13261.9113584,214093.008279,4373.307,8.1,19.2,0.0,0.0,0.0,0.0,305744,0.0
6423,7153.575,7636.68103,11444.64,12501.44,32089.1843619,12287.9814354,215581.451173,4746.447,176.4,19.2,0.0,0.0,0.0,0.0,303637,0.0
6424,7153.575,7636.68103,11444.64,12501.44,26599.6959518,11073.6842889,218845.1385,6207.54522932,176.4,19.2,0.0,0.0,0.0,0.0,301658,0.0
6425,13432.4211274,7636.68103,11444.64,12501.44,16816.5028801,10100.3479624,225252.468,6748.299,252.0,19.2,0.0,0.0,0.0,0.0,304204,0.0
6426,32002.4294869,7636.68103,11444.64,12501.44,5718.33608243,8749.00640064,224968.968,6748.299,252.0,19.2,0.0,0.0,0.0,0.0,310041,0.0
6427,36685.0,7636.68103,11444.64,12501.44,0.0,8247.67137142,230431.338,7414.22959858,370.8,19.2,0.0,0.0,0.0,0.0,314751,0.0
6428,36685.0,7636.68103,11444.64,12501.44,0.0,8823.67597306,230849.838,8492.814,1152.67899694,1496.232,0.0,0.0,0.0,0.0,319083,0.0
6429,36685.0,7636.68103,11444.64,12501.44,0.0,10537.1668611,230849.838,8492.814,3258.2201089,1769.2,0.0,0.0,0.0,0.0,323175,0.0
6430,36685.0,7636.68103,11444.64,12501.44,0.0,11881.2630644,230849.838,8492.814,388.123905582,19.2,0.0,0.0,0.0,0.0,319899,0.0
6431,34626.5151155,7636.68103,11444.64,12501.44,0.0,13664.2568545,224968.968,6748.299,252.0,19.2,0.0,0.0,0.0,0.0,311862,0.0
6432,26374.5216579,7636.68103,11444.64,12501.44,0.0,15103.6503121,225157.968,6742.899,252.0,19.2,0.0,0.0,0.0,0.0,305233,0.0
6433,22959.8606183,7506.7564,11444.64,12188.904,0.0,15528.0869817,222397.578,6667.974,252.0,19.2,0.0,0.0,0.0,0.0,298965,0.0
6434,17115.7286808,7506.7564,11444.64,12188.904,0.0,15434.2189192,222397.578,6667.974,252.0,19.2,0.0,0.0,0.0,0.0,293027,0.0
6435,14786.5869974,7506.7564,11444.64,12188.904,0.0,14843.3606026,222397.578,6667.974,252.0,19.2,0.0,0.0,0.0,0.0,290107,0.0
6436,14305.8571194,7506.7564,11444.64,12188.904,0.0,14871.3691422,222488.299338,6667.974,252.0,19.2,0.0,0.0,0.0,0.0,289745,0.0
6437,14900.0584974,7506.7564,11444.64,12188.904,0.0,14825.8891026,222397.578,6667.974,252.0,19.2,0.0,0.0,0.0,0.0,290203,0.0
6438,18076.6658066,7506.7564,11444.64,12188.904,0.0,13500.2817934,222532.578,6667.974,252.0,19.2,0.0,0.0,0.0,0.0,292189,0.0
6439,23130.6478572,7506.7564,11444.64,12188.904,0.0,12234.2997428,222397.578,6667.974,252.0,19.2,0.0,0.0,0.0,0.0,295842,0.0
6440,22848.756701,7506.7564,11444.64,12188.904,5521.09129129,10494.0996077,222397.578,6667.974,252.0,19.2,0.0,0.0,0.0,0.0,299341,0.0
6441,16915.6496982,7506.7564,11444.64,12188.904,14928.8175286,9382.48037317,222397.578,6667.974,252.0,19.2,0.0,0.0,0.0,0.0,301704,0.0
6442,10407.7974903,7506.7564,11444.64,12188.904,24351.722925,8210.42718469,222397.578,6667.974,252.0,19.2,0.0,0.0,0.0,0.0,303447,0.0
6443,7006.835,7506.7564,11444.64,12188.904,30984.4202783,6977.20414649,221560.776175,6333.264,252.0,19.2,0.0,0.0,0.0,0.0,304274,0.0
6444,7006.835,7506.7564,11444.64,12188.904,35876.8049814,6227.41703999,217855.978579,6137.064,176.4,19.2,0.0,0.0,0.0,0.0,304440,0.0
6445,7006.835,7506.7564,11444.64,12188.904,37237.156991,6609.35705289,215841.7485,6036.0020561,176.4,19.2,0.0,0.0,0.0,0.0,304067,0.0
6446,7006.835,7506.7564,11444.64,12188.904,35695.4000709,7986.85446493,215625.7485,4771.26156417,176.4,19.2,0.0,0.0,0.0,0.0,302422,0.0
6447,7006.835,7506.7564,11444.64,12188.904,31448.1386803,10081.9424679,215571.7485,4939.43495187,176.4,19.2,0.0,0.0,0.0,0.0,300384,0.0
6448,7006.835,7506.7564,11444.64,12188.904,26332.4115192,10994.1125445,216867.672536,6043.068,176.4,19.2,0.0,0.0,0.0,0.0,298580,0.0
6449,11583.0574771,7506.7564,11444.64,12188.904,17135.816732,11667.0733909,222397.578,6667.974,252.0,19.2,0.0,0.0,0.0,0.0,300863,0.0
6450,28621.1071024,7506.7564,11444.64,12188.904,5721.08356898,12009.7569286,222397.578,6667.974,252.0,19.2,0.0,0.0,0.0,0.0,306829,0.0
6451,36685.0,7506.7564,11444.64,12188.904,0.0,12540.5238893,224023.981711,6925.194,370.8,19.2,0.0,0.0,0.0,0.0,311705,0.0
6452,36685.0,7506.7564,11444.64,12188.904,0.0,13726.2396995,226482.138,8115.444,714.67790046,19.2,0.0,0.0,0.0,0.0,316883,0.0
6453,36685.0,7506.7564,11444.64,12188.904,0.0,15536.3611343,226482.138,8115.444,684.556465737,19.2,0.0,0.0,0.0,0.0,318663,0.0
6454,35811.7859989,7506.7564,11444.64,12188.904,0.0,17917.1616011,222397.578,6667.974,252.0,19.2,0.0,0.0,0.0,0.0,314206,0.0
6455,25243.2289189,7506.7564,11444.64,12188.904,0.0,20033.7186811,222397.578,6667.974,252.0,19.2,0.0,0.0,0.0,0.0,305754,0.0
6456,17058.8537361,7506.7564,11444.64,12188.904,0.0,21521.0938639,222397.578,6667.974,252.0,19.2,0.0,0.0,0.0,0.0,299057,0.0
6457,20179.5987806,7376.83177,11444.64,11921.016,0.0,21681.6899442,214486.848,5187.77550518,176.4,19.2,0.0,0.0,0.0,0.0,292474,0.0
6458,14920.2946367,7376.83177,11444.64,11921.016,0.0,21690.6055933,214486.848,5263.164,176.4,19.2,0.0,0.0,0.0,0.0,287299,0.0
6459,12523.9205099,7376.83177,11444.64,11921.016,0.0,21423.9797201,214486.848,5263.164,176.4,19.2,0.0,0.0,0.0,0.0,284636,0.0
6460,14451.3794016,7376.83177,11444.64,11921.016,0.0,19763.5208284,214486.848,5263.164,176.4,19.2,0.0,0.0,0.0,0.0,284903,0.0
6461,17040.898673,7376.83177,11444.64,11921.016,0.0,17139.001557,214486.848,5263.164,176.4,19.2,0.0,0.0,0.0,0.0,284868,0.0
6462,19742.0252937,7376.83177,11444.64,11921.016,0.0,15116.8749363,214486.848,5263.164,176.4,19.2,0.0,0.0,0.0,0.0,285547,0.0
6463,22427.4697486,7376.83177,11444.64,11921.016,0.0,13240.4304814,214486.848,5263.164,176.4,19.2,0.0,0.0,0.0,0.0,286356,0.0
6464,19345.5260647,7376.83177,11444.64,11921.016,5786.09515055,11488.2790148,214486.848,5263.164,176.4,19.2,0.0,0.0,0.0,0.0,287308,0.0
6465,10221.2076577,7376.83177,11444.64,11921.016,15433.9088688,10756.7837035,214486.848,5263.164,176.4,19.2,0.0,0.0,0.0,0.0,287100,0.0
6466,6603.3,7376.83177,11444.64,11921.016,25047.3477272,12927.1727752,208743.184728,3656.907,176.4,19.2,0.0,0.0,0.0,0.0,287916,0.0
6467,6603.3,7376.83177,11444.64,11921.016,31670.6143584,13339.006217,202608.769655,3213.522,8.1,19.2,0.0,0.0,0.0,0.0,288205,0.0
6468,6603.3,7376.83177,11444.64,11921.016,36102.2790189,12608.3616008,198800.74961,3213.522,8.1,19.2,0.0,0.0,0.0,0.0,288098,0.0
6469,6603.3,7376.83177,11444.64,11921.016,37971.0607412,12303.417847,196766.911642,3213.522,8.1,19.2,0.0,0.0,0.0,0.0,287628,0.0
6470,6603.3,7376.83177,11444.64,11921.016,36488.9659794,13266.1317342,196669.292516,3213.522,8.1,19.2,0.0,0.0,0.0,0.0,287011,0.0
6471,6603.3,7376.83177,11444.64,11921.016,32071.4010945,13985.6821139,199527.307022,3213.522,8.1,19.2,0.0,0.0,0.0,0.0,286171,0.0
6472,6603.3,7376.83177,11444.64,11921.016,25027.9352104,14093.3376974,206239.117322,3213.522,8.1,19.2,0.0,0.0,0.0,0.0,285947,0.0
6473,8054.42813734,7376.83177,11444.64,11921.016,16868.4978719,13512.9742208,214486.848,5263.164,176.4,19.2,0.0,0.0,0.0,0.0,289124,0.0
6474,27573.9373223,7376.83177,11444.64,11921.016,5368.24445599,12005.7184517,214486.848,5263.164,176.4,19.2,0.0,0.0,0.0,0.0,295636,0.0
6475,36685.0,7376.83177,11444.64,11921.016,0.0,12323.84613,216788.3021,5362.164,252.0,19.2,0.0,0.0,0.0,0.0,302173,0.0
6476,36685.0,7376.83177,11444.64,11921.016,0.0,13893.639841,219796.938,6168.93438904,370.8,19.2,0.0,0.0,0.0,0.0,307677,0.0
6477,36685.0,7376.83177,11444.64,11921.016,0.0,15742.6875527,219796.938,6173.244,1901.44267726,1769.2,0.0,0.0,0.0,0.0,312811,0.0
6478,36685.0,7376.83177,11444.64,11921.016,0.0,17553.1893853,219796.938,6173.244,651.940844733,19.2,0.0,0.0,0.0,0.0,311622,0.0
6479,36422.4910208,7376.83177,11444.64,11921.016,0.0,18544.4092092,214486.848,5263.164,176.4,19.2,0.0,0.0,0.0,0.0,305655,0.0
6480,29995.3754531,7376.83177,11444.64,11921.016,0.0,19231.1397769,214486.848,5220.549,176.4,19.2,0.0,0.0,0.0,0.0,299872,0.0
6481,21873.7698191,7304.65142,11444.64,11876.368,0.0,19820.0509046,215823.438,5734.944,411.937856332,19.2,0.0,0.0,0.0,0.0,294309,0.0
6482,17166.2998429,7304.65142,11444.64,11876.368,0.0,19674.6587371,215823.438,5734.944,370.8,19.2,0.0,0.0,0.0,0.0,289415,0.0
6483,15446.4381706,7304.65142,11444.64,11876.368,0.0,19190.5204094,215823.438,5734.944,370.8,19.2,0.0,0.0,0.0,0.0,287211,0.0
6484,16633.2209109,7304.65142,11444.64,11876.368,0.0,17922.7376691,215823.438,5734.944,370.8,19.2,0.0,0.0,0.0,0.0,287130,0.0
6485,18239.1019334,7304.65142,11444.64,11876.368,0.0,15935.8566466,215823.438,5734.944,370.8,19.2,0.0,0.0,0.0,0.0,286749,0.0
6486,20137.3856568,7304.65142,11444.64,11876.368,0.0,14455.5729232,215823.438,5734.944,370.8,19.2,0.0,0.0,0.0,0.0,287167,0.0
6487,22039.9742798,7304.65142,11444.64,11876.368,0.0,13079.9843002,215823.438,5734.944,370.8,19.2,0.0,0.0,0.0,0.0,287694,0.0
6488,17020.5685046,7304.65142,11444.64,11876.368,5805.84344271,12061.4356327,215823.438,5734.944,484.911,19.2,0.0,0.0,0.0,0.0,287576,0.0
6489,6646.52210311,7304.65142,11444.64,11876.368,15590.273366,11681.0521109,215823.438,5734.944,484.911,19.2,0.0,0.0,0.0,0.0,286606,0.0
6490,6163.08,7304.65142,11444.64,11876.368,24851.6945347,13421.1647465,208237.319299,3739.482,176.4,19.2,0.0,0.0,0.0,0.0,287234,0.0
6491,6163.08,7304.65142,11444.64,11876.368,32069.111302,13532.7157077,201880.76157,2994.372,8.1,19.2,0.0,0.0,0.0,0.0,287293,0.0
6492,6163.08,7304.65142,11444.64,11876.368,35915.1407048,12006.1102495,199301.337626,2994.372,8.1,19.2,0.0,0.0,0.0,0.0,287033,0.0
6493,6163.08,7304.65142,11444.64,11876.368,37353.4055614,10162.0491091,199225.133909,2994.372,8.1,19.2,0.0,0.0,0.0,0.0,286551,0.0
6494,6163.08,7304.65142,11444.64,11876.368,35347.5139578,9395.94359608,200486.131026,2994.372,8.1,19.2,0.0,0.0,0.0,0.0,285040,0.0
6495,6163.08,7304.65142,11444.64,11876.368,31983.0645234,9278.4813687,201304.042688,2994.372,8.1,19.2,0.0,0.0,0.0,0.0,282376,0.0
6496,6163.08,7304.65142,11444.64,11876.368,25465.5506307,8970.64233148,205414.8435,3417.62411779,176.4,19.2,0.0,0.0,0.0,0.0,280253,0.0
6497,6163.08,7304.65142,11444.64,11876.368,15998.8214014,8616.61835872,214246.60682,5143.014,252.0,19.2,0.0,0.0,0.0,0.0,281065,0.0
6498,19877.6146882,7304.65142,11444.64,11876.368,4964.54872052,7007.79517131,215823.438,5734.944,370.8,19.2,0.0,0.0,0.0,0.0,284424,0.0
6499,28839.3479075,7304.65142,11444.64,11876.368,0.0,6518.61067254,215823.438,5734.944,370.8,19.2,0.0,0.0,0.0,0.0,287932,0.0
6500,32285.7441944,7304.65142,11444.64,11876.368,0.0,7756.21438564,215823.438,5734.944,370.8,19.2,0.0,0.0,0.0,0.0,292616,0.0
6501,36093.3255538,7304.65142,11444.64,11876.368,0.0,8936.63302623,215823.438,5734.944,370.8,19.2,0.0,0.0,0.0,0.0,297604,0.0
6502,33027.3079058,7304.65142,11444.64,11876.368,0.0,11355.6506742,215823.438,5734.944,370.8,19.2,0.0,0.0,0.0,0.0,296957,0.0
6503,26324.501632,7304.65142,11444.64,11876.368,0.0,14346.456948,215823.438,5734.944,370.8,19.2,0.0,0.0,0.0,0.0,293245,0.0
6504,19824.1927974,7304.65142,11444.64,11876.368,0.0,17029.7657826,215823.438,5734.944,370.8,19.2,0.0,0.0,0.0,0.0,289428,0.0
6505,9273.52432276,7088.11037,11444.64,11563.832,0.0,18667.0208072,220552.4385,6285.834,176.4,19.2,0.0,0.0,0.0,0.0,285071,0.0
6506,6346.505,7088.11037,11444.64,11563.832,0.0,19784.3912087,218233.083421,6191.838,176.4,19.2,0.0,0.0,0.0,0.0,280848,0.0
6507,6346.505,7088.11037,11444.64,11563.832,0.0,20102.6519864,217652.6385,5106.02214359,176.4,19.2,0.0,0.0,0.0,0.0,279500,0.0
6508,6346.505,7088.11037,11444.64,11563.832,0.0,18767.0857342,218382.388896,6191.838,176.4,19.2,0.0,0.0,0.0,0.0,279980,0.0
6509,6384.34581769,7088.11037,11444.64,11563.832,0.0,16780.0993123,220695.5385,6285.834,176.4,19.2,0.0,0.0,0.0,0.0,280438,0.0
6510,9779.38072051,7088.11037,11444.64,11563.832,0.0,14894.5444095,220662.0585,6285.834,176.4,19.2,0.0,0.0,0.0,0.0,281914,0.0
6511,13117.3073658,7088.11037,11444.64,11563.832,0.0,12876.2826666,220602.393598,6285.834,176.4,19.2,0.0,0.0,0.0,0.0,283174,0.0
6512,10564.1628671,7088.11037,11444.64,11563.832,5799.59510903,10747.9871539,220590.2385,6285.834,176.4,19.2,0.0,0.0,0.0,0.0,284280,0.0
6513,6346.505,7088.11037,11444.64,11563.832,15511.9030859,8280.92018103,219066.651363,6191.838,176.4,19.2,0.0,0.0,0.0,0.0,285690,0.0
6514,6346.505,7088.11037,11444.64,11563.832,24777.1074152,9747.16438489,214111.7235,4493.61732996,8.1,19.2,0.0,0.0,0.0,0.0,289600,0.0
6515,6346.505,7088.11037,11444.64,11563.832,31435.0199885,9815.03759623,212330.163045,4333.392,8.1,19.2,0.0,0.0,0.0,0.0,294384,0.0
6516,6346.505,7088.11037,11444.64,11563.832,35453.0890359,7969.76816278,214301.163431,4655.592,8.1,19.2,0.0,0.0,0.0,0.0,298850,0.0
6517,6346.505,7088.11037,11444.64,11563.832,37126.9161486,6053.83033399,215800.789147,4776.777,176.4,19.2,0.0,0.0,0.0,0.0,300397,0.0
6518,6346.505,7088.11037,11444.64,11563.832,34894.9871854,5163.31553334,217800.839911,5383.17,176.4,19.2,0.0,0.0,0.0,0.0,299881,0.0
6519,6346.505,7088.11037,11444.64,11563.832,32417.02204,5183.04782035,218664.40477,6191.838,176.4,19.2,0.0,0.0,0.0,0.0,299095,0.0
6520,10617.721397,7088.11037,11444.64,11563.832,25825.216044,5852.13768895,220514.9085,6285.834,176.4,19.2,0.0,0.0,0.0,0.0,299388,0.0
6521,20801.1689309,7088.11037,11444.64,11563.832,17579.6966858,6860.75951329,220551.3585,6285.834,176.4,19.2,0.0,0.0,0.0,0.0,302371,0.0
6522,36685.0,7088.11037,11444.64,11563.832,5442.83206506,7983.1946859,221106.956879,6285.834,176.4,19.2,0.0,0.0,0.0,0.0,307796,0.0
6523,36685.0,7088.11037,11444.64,11563.832,0.0,8580.33786648,229150.965764,7293.114,370.8,19.2,0.0,0.0,0.0,0.0,312196,0.0
6524,36685.0,7088.11037,11444.64,11563.832,0.0,9401.99096145,229454.838,8412.984,967.293,1363.31166855,0.0,0.0,0.0,0.0,316382,0.0
6525,36685.0,7088.11037,11444.64,11563.832,0.0,11293.3084312,229454.838,8412.984,1762.08719878,1769.2,0.0,0.0,0.0,0.0,319474,0.0
6526,36685.0,7088.11037,11444.64,11563.832,0.0,12631.5280682,229454.838,8412.984,580.867561815,19.2,0.0,0.0,0.0,0.0,317881,0.0
6527,36685.0,7088.11037,11444.64,11563.832,0.0,13638.1011042,224910.652526,6880.464,252.0,19.2,0.0,0.0,0.0,0.0,312482,0.0
6528,36667.2944782,7088.11037,11444.64,11563.832,0.0,14083.8406518,220466.8485,6285.834,176.4,19.2,0.0,0.0,0.0,0.0,307796,0.0
6529,17165.0553772,6871.56932,11444.64,11385.24,0.0,13935.2283028,233970.138,8304.129,370.8,19.2,0.0,0.0,0.0,0.0,303466,0.0
6530,14288.5435838,6871.56932,11444.64,11385.24,0.0,13273.7143908,233459.163705,8304.129,370.8,19.2,0.0,0.0,0.0,0.0,299417,0.0
6531,13026.6302741,6871.56932,11444.64,11385.24,0.0,12520.1534059,233551.638,8304.129,370.8,19.2,0.0,0.0,0.0,0.0,297494,0.0
6532,13684.4614073,6871.56932,11444.64,11385.24,0.0,11687.7222727,233438.238,8304.129,370.8,19.2,0.0,0.0,0.0,0.0,297206,0.0
6533,14384.5485371,6871.56932,11444.64,11385.24,0.0,10260.9351429,233494.938,8304.129,370.8,19.2,0.0,0.0,0.0,0.0,296536,0.0
6534,15981.1846832,6871.56932,11444.64,11385.24,0.0,8592.49899684,233505.738,8304.129,370.8,19.2,0.0,0.0,0.0,0.0,296475,0.0
6535,18168.8742829,6871.56932,11444.64,11385.24,0.0,7090.6093971,233494.938,8304.129,370.8,19.2,0.0,0.0,0.0,0.0,297150,0.0
6536,15191.9493969,6871.56932,11444.64,11385.24,5756.12344004,5406.11084303,233438.238,8304.129,370.8,19.2,0.0,0.0,0.0,0.0,298188,0.0
6537,7912.59070213,6871.56932,11444.64,11385.24,15593.5465449,3277.34643296,233494.938,8304.129,370.8,19.2,0.0,0.0,0.0,0.0,298674,0.0
6538,6603.3,6871.56932,11444.64,11385.24,24678.2638483,3507.08521741,228729.168,7014.53361432,252.0,19.2,0.0,0.0,0.0,0.0,300505,0.0
6539,6603.3,6871.56932,11444.64,11385.24,31472.9096956,3931.35428791,223889.637696,6325.749,176.4,19.2,0.0,0.0,0.0,0.0,302120,0.0
6540,6603.3,6871.56932,11444.64,11385.24,35037.7638656,4063.361432,221598.772382,6231.753,176.4,19.2,0.0,0.0,0.0,0.0,303432,0.0
6541,6603.3,6871.56932,11444.64,11385.24,37219.2178033,4377.37963384,221050.1385,5309.91474284,176.4,19.2,0.0,0.0,0.0,0.0,304457,0.0
6542,6603.3,6871.56932,11444.64,11385.24,35056.0899664,5899.31861877,220996.1385,5948.10359484,176.4,19.2,0.0,0.0,0.0,0.0,304400,0.0
6543,6603.3,6871.56932,11444.64,11385.24,30980.3195721,8301.54186294,221050.1385,6009.65074498,176.4,19.2,0.0,0.0,0.0,0.0,302842,0.0
6544,6603.3,6871.56932,11444.64,11385.24,26054.5305074,8347.95239719,224652.218775,6422.949,176.4,19.2,0.0,0.0,0.0,0.0,301978,0.0
6545,7873.46202783,6871.56932,11444.64,11385.24,16068.9496419,7297.87201025,233619.138,8304.129,370.8,19.2,0.0,0.0,0.0,0.0,303255,0.0
6546,23810.7150548,6871.56932,11444.64,11385.24,4699.31492587,5693.15369933,233438.238,8304.129,370.8,19.2,0.0,0.0,0.0,0.0,306037,0.0
6547,32460.9642488,6871.56932,11444.64,11385.24,0.0,4674.7194312,233505.738,8304.129,370.8,19.2,0.0,0.0,0.0,0.0,309037,0.0
6548,36626.9290587,6871.56932,11444.64,11385.24,0.0,5008.25462126,233438.238,8304.129,370.8,19.2,0.0,0.0,0.0,0.0,313469,0.0
6549,36685.0,6871.56932,11444.64,11385.24,0.0,5512.67823279,233999.838,8492.814,1312.803,1631.41744721,0.0,0.0,0.0,0.0,317336,0.0
6550,36685.0,6871.56932,11444.64,11385.24,0.0,7309.38344433,233999.838,8492.814,437.315235669,19.2,0.0,0.0,0.0,0.0,316645,0.0
6551,29158.2527108,6871.56932,11444.64,11385.24,0.0,9260.9309692,233438.238,8304.129,370.8,19.2,0.0,0.0,0.0,0.0,310253,0.0
6552,21452.6945545,6871.56932,11444.64,11385.24,0.0,10822.7891255,233494.938,8304.129,370.8,19.2,0.0,0.0,0.0,0.0,304166,0.0
6553,21936.4751688,6712.77255,11444.64,11385.24,0.0,11424.2792812,227888.838,6826.644,664.911,19.2,0.0,0.0,0.0,0.0,298303,0.0
6554,15727.7387777,6712.77255,11444.64,11385.24,0.0,11583.0156723,227888.838,6826.644,664.911,19.2,0.0,0.0,0.0,0.0,292253,0.0
6555,12534.2758713,6712.77255,11444.64,11385.24,0.0,11302.4785787,227888.838,6826.644,664.911,19.2,0.0,0.0,0.0,0.0,288779,0.0
6556,13088.2748432,6712.77255,11444.64,11385.24,0.0,11105.4796068,227888.838,6826.644,664.911,19.2,0.0,0.0,0.0,0.0,289136,0.0
6557,13830.1646653,6712.77255,11444.64,11385.24,0.0,10515.5897847,227888.838,6826.644,664.911,19.2,0.0,0.0,0.0,0.0,289288,0.0
6558,15312.8828926,6712.77255,11444.64,11385.24,0.0,9559.87155738,227888.838,6826.644,664.911,19.2,0.0,0.0,0.0,0.0,289815,0.0
6559,16857.9294705,6712.77255,11444.64,11385.24,0.0,8455.82497947,227888.838,6826.644,664.911,19.2,0.0,0.0,0.0,0.0,290256,0.0
6560,13390.1604577,6712.77255,11444.64,11385.24,6021.37518509,6914.21880717,227888.838,6826.644,664.911,19.2,0.0,0.0,0.0,0.0,291268,0.0
6561,6925.66824692,6712.77255,11444.64,11385.24,15386.0982423,5175.98796079,227888.838,6826.644,664.911,19.2,0.0,0.0,0.0,0.0,292430,0.0
6562,6603.3,6712.77255,11444.64,11385.24,24409.8455066,5034.53857076,224451.468,6140.99537266,252.0,19.2,0.0,0.0,0.0,0.0,296454,0.0
6563,6603.3,6712.77255,11444.64,11385.24,31279.731742,4137.61160682,223245.930101,6023.574,252.0,19.2,0.0,0.0,0.0,0.0,301104,0.0
6564,6603.3,6712.77255,11444.64,11385.24,35408.8651753,3313.4352263,223323.973048,6023.574,252.0,19.2,0.0,0.0,0.0,0.0,304487,0.0
6565,6603.3,6712.77255,11444.64,11385.24,36011.1580442,3042.93567527,224287.459731,6087.294,252.0,19.2,0.0,0.0,0.0,0.0,305846,0.0
6566,6603.3,6712.77255,11444.64,11385.24,34354.0688397,3578.36170925,225165.822901,6280.794,370.8,19.2,0.0,0.0,0.0,0.0,305915,0.0
6567,6603.3,6712.77255,11444.64,11385.24,30066.1877153,3954.03775802,226702.377977,6351.444,370.8,19.2,0.0,0.0,0.0,0.0,303610,0.0
6568,7334.92464278,6712.77255,11444.64,11385.24,23887.6438295,4142.68597776,227888.838,6826.644,570.411,19.2,0.0,0.0,0.0,0.0,300213,0.0
6569,16495.0922133,6712.77255,11444.64,11385.24,15184.6674422,4034.99479444,227888.838,6826.644,664.911,19.2,0.0,0.0,0.0,0.0,300657,0.0
6570,29831.7563236,6712.77255,11444.64,11385.24,4342.62184669,4369.37627968,227888.838,6826.644,664.911,19.2,0.0,0.0,0.0,0.0,303486,0.0
6571,34363.7712195,6712.77255,11444.64,11385.24,0.0,5320.98323049,227888.838,6826.644,664.911,19.2,0.0,0.0,0.0,0.0,304627,0.0
6572,34572.1030174,6712.77255,11444.64,11385.24,0.0,6735.15143256,227888.838,6826.644,570.411,19.2,0.0,0.0,0.0,0.0,306155,0.0
6573,35978.2848282,6712.77255,11444.64,11385.24,0.0,8058.34905554,227888.838,6826.644,571.031566217,19.2,0.0,0.0,0.0,0.0,308885,0.0
6574,31526.2843144,6712.77255,11444.64,11385.24,0.0,11327.4701356,227888.838,6826.644,664.911,19.2,0.0,0.0,0.0,0.0,307796,0.0
6575,23544.2689263,6712.77255,11444.64,11385.24,0.0,14926.9855237,227888.838,6826.644,570.411,19.2,0.0,0.0,0.0,0.0,303319,0.0
6576,17910.1000202,6712.77255,11444.64,11385.24,0.0,17667.6544298,227888.838,6826.644,664.911,19.2,0.0,0.0,0.0,0.0,300520,0.0
6577,15405.8801672,6582.84792,11444.64,11362.916,0.0,18954.1356631,226808.838,6740.7422497,370.8,19.2,0.0,0.0,0.0,0.0,297690,0.0
6578,11923.5841412,6582.84792,11444.64,11362.916,0.0,19604.5299388,226808.838,6826.644,370.8,19.2,0.0,0.0,0.0,0.0,294944,0.0
6579,11047.0828716,6582.84792,11444.64,11362.916,0.0,19574.8812084,226808.838,6721.794,370.8,19.2,0.0,0.0,0.0,0.0,293933,0.0
6580,13724.1744712,6582.84792,11444.64,11362.916,0.0,18090.4396088,226808.838,6768.144,370.8,19.2,0.0,0.0,0.0,0.0,295172,0.0
6581,16016.6611143,6582.84792,11444.64,11362.916,0.0,15967.4529657,226808.838,6826.644,370.8,19.2,0.0,0.0,0.0,0.0,295400,0.0
6582,18297.751343,6582.84792,11444.64,11362.916,0.0,14121.362737,226808.838,6826.644,370.8,19.2,0.0,0.0,0.0,0.0,295835,0.0
6583,19361.0926066,6582.84792,11444.64,11362.916,0.0,12910.0214734,226808.838,6826.644,370.8,19.2,0.0,0.0,0.0,0.0,295687,0.0
6584,15505.4261226,6582.84792,11444.64,11362.916,6196.29313129,10962.3948261,226808.838,6826.644,370.8,19.2,0.0,0.0,0.0,0.0,296080,0.0
6585,8973.33211558,6582.84792,11444.64,11362.916,15673.0354475,7995.24651689,226808.838,6768.144,370.8,19.2,0.0,0.0,0.0,0.0,295999,0.0
6586,6603.3,6582.84792,11444.64,11362.916,25010.412176,8510.03326906,221804.786635,5688.864,252.0,19.2,0.0,0.0,0.0,0.0,297279,0.0
6587,6603.3,6582.84792,11444.64,11362.916,31991.540427,9521.83927516,215854.4385,4697.87787784,176.4,19.2,0.0,0.0,0.0,0.0,298255,0.0
6588,6603.3,6582.84792,11444.64,11362.916,36314.9109472,8927.59967796,213643.578455,3983.607,176.4,19.2,0.0,0.0,0.0,0.0,299059,0.0
6589,6603.3,6582.84792,11444.64,11362.916,37487.3711082,7441.92808535,213740.789886,3983.607,176.4,19.2,0.0,0.0,0.0,0.0,298843,0.0
6590,6603.3,6582.84792,11444.64,11362.916,35793.0896296,5955.19229883,215612.807152,3983.607,176.4,19.2,0.0,0.0,0.0,0.0,297534,0.0
6591,6603.3,6582.84792,11444.64,11362.916,32093.2650815,4533.77733827,216557.98566,5398.668,176.4,19.2,0.0,0.0,0.0,0.0,294773,0.0
6592,6603.3,6582.84792,11444.64,11362.916,24948.7319672,3840.27250947,221189.827603,5688.864,176.4,19.2,0.0,0.0,0.0,0.0,291857,0.0
6593,9074.06642541,6582.84792,11444.64,11362.916,15822.3350508,3631.71260376,226808.838,6826.644,370.8,19.2,0.0,0.0,0.0,0.0,291944,0.0
6594,24307.0162902,6582.84792,11444.64,11362.916,4302.28101453,3339.81677524,226808.838,6826.644,370.8,19.2,0.0,0.0,0.0,0.0,295365,0.0
6595,31523.1624234,6582.84792,11444.64,11362.916,0.0,3639.95165657,226808.838,6826.644,370.8,19.2,0.0,0.0,0.0,0.0,298579,0.0
6596,34152.2388807,6582.84792,11444.64,11362.916,0.0,5116.87519928,226808.838,6826.644,370.8,19.2,0.0,0.0,0.0,0.0,302685,0.0
6597,36685.0,6582.84792,11444.64,11362.916,0.0,6375.46189224,226808.838,6826.644,726.452187755,19.2,0.0,0.0,0.0,0.0,306832,0.0
6598,34964.8881602,6582.84792,11444.64,11362.916,0.0,8239.22591979,226808.838,6826.644,370.8,19.2,0.0,0.0,0.0,0.0,306620,0.0
6599,29235.2666953,6582.84792,11444.64,11362.916,0.0,10393.3473847,226808.838,6768.144,370.8,19.2,0.0,0.0,0.0,0.0,302986,0.0
6600,24360.2320714,6582.84792,11444.64,11362.916,0.0,12187.8820086,226808.838,6826.644,370.8,19.2,0.0,0.0,0.0,0.0,299964,0.0
6601,24208.5771186,6424.05115,11444.64,11340.592,0.0,13593.5806592,223567.938,5876.244,448.177072235,19.2,0.0,0.0,0.0,0.0,296923,0.0
6602,20189.1043622,6424.05115,11444.64,11340.592,0.0,14374.4304878,223567.938,5876.244,370.8,19.2,0.0,0.0,0.0,0.0,293607,0.0
6603,19022.9253653,6424.05115,11444.64,11340.592,0.0,14549.6094847,223567.938,5876.244,370.8,19.2,0.0,0.0,0.0,0.0,292616,0.0
6604,18988.2538287,6424.05115,11444.64,11340.592,0.0,14508.2810213,223567.938,5876.244,370.8,19.2,0.0,0.0,0.0,0.0,292540,0.0
6605,18924.4241732,6424.05115,11444.64,11340.592,0.0,14254.1106768,223567.938,5876.244,370.8,19.2,0.0,0.0,0.0,0.0,292222,0.0
6606,19783.2523261,6424.05115,11444.64,11340.592,0.0,13582.2825239,223567.938,5876.244,370.8,19.2,0.0,0.0,0.0,0.0,292409,0.0
6607,20678.0315222,6424.05115,11444.64,11340.592,0.0,12673.5033278,223567.938,5876.244,370.8,19.2,0.0,0.0,0.0,0.0,292395,0.0
6608,16263.4764144,6424.05115,11444.64,11340.592,6098.78445126,10987.1629843,223567.938,5876.244,484.911,19.2,0.0,0.0,0.0,0.0,292507,0.0
6609,10539.1921397,6424.05115,11444.64,11340.592,15087.6547001,7210.57701013,223567.938,5876.244,484.911,19.2,0.0,0.0,0.0,0.0,291995,0.0
6610,6676.67,6424.05115,11444.64,11340.592,24362.6859333,4955.66102244,221704.905894,5805.594,252.0,19.2,0.0,0.0,0.0,0.0,292986,0.0
6611,6676.67,6424.05115,11444.64,11340.592,31271.4780153,4407.02596408,217116.478871,5017.464,176.4,19.2,0.0,0.0,0.0,0.0,293894,0.0
6612,6676.67,6424.05115,11444.64,11340.592,35325.5921626,4303.37415763,214204.01253,4923.468,176.4,19.2,0.0,0.0,0.0,0.0,294838,0.0
6613,6676.67,6424.05115,11444.64,11340.592,36672.9367492,4856.51639017,213531.8085,3521.18521063,176.4,19.2,0.0,0.0,0.0,0.0,294664,0.0
6614,6676.67,6424.05115,11444.64,11340.592,35211.8577464,6263.77003182,212738.412072,3508.407,176.4,19.2,0.0,0.0,0.0,0.0,293804,0.0
6615,6676.67,6424.05115,11444.64,11340.592,31733.6277229,8694.06591524,210324.831212,3387.222,8.1,19.2,0.0,0.0,0.0,0.0,290053,0.0
6616,6676.67,6424.05115,11444.64,11340.592,24911.6734255,8910.15417785,212671.212247,3508.407,176.4,19.2,0.0,0.0,0.0,0.0,286083,0.0
6617,6676.67,6424.05115,11444.64,11340.592,16361.7161354,8112.84214349,219088.224571,5213.664,176.4,19.2,0.0,0.0,0.0,0.0,284858,0.0
6618,15902.6428748,6424.05115,11444.64,11340.592,4321.82067029,7648.07130491,223567.938,5876.244,370.8,19.2,0.0,0.0,0.0,0.0,286916,0.0
6619,23028.5576066,6424.05115,11444.64,11340.592,0.0,7815.97724343,223567.938,5876.244,370.8,19.2,0.0,0.0,0.0,0.0,289888,0.0
6620,26480.4612685,6424.05115,11444.64,11340.592,0.0,9119.07358152,223567.938,5876.244,370.8,19.2,0.0,0.0,0.0,0.0,294643,0.0
6621,30797.1777756,6424.05115,11444.64,11340.592,0.0,10290.3570744,223567.938,5876.244,370.8,19.2,0.0,0.0,0.0,0.0,300131,0.0
6622,30763.2039574,6424.05115,11444.64,11340.592,0.0,10933.3308926,223567.938,5876.244,370.8,19.2,0.0,0.0,0.0,0.0,300740,0.0
6623,27441.2996311,6424.05115,11444.64,11340.592,0.0,12116.2352189,223567.938,5876.244,370.8,19.2,0.0,0.0,0.0,0.0,298601,0.0
6624,24356.0155356,6424.05115,11444.64,11340.592,0.0,13304.5193144,223567.938,5876.244,370.8,19.2,0.0,0.0,0.0,0.0,296704,0.0
6625,12092.5388433,6236.38224,11444.64,11228.972,0.0,14474.1699167,230883.768,7184.529,370.8,19.2,0.0,0.0,0.0,0.0,293935,0.0
6626,8153.10850641,6236.38224,11444.64,11228.972,0.0,15071.1595981,230518.208655,7184.529,370.8,19.2,0.0,0.0,0.0,0.0,290227,0.0
6627,6796.6225522,6236.38224,11444.64,11228.972,0.0,14824.9862078,230486.868,7184.529,370.8,19.2,0.0,0.0,0.0,0.0,288593,0.0
6628,6529.93,6236.38224,11444.64,11228.972,0.0,15178.5893829,230434.957377,7184.529,370.8,19.2,0.0,0.0,0.0,0.0,288628,0.0
6629,6529.93,6236.38224,11444.64,11228.972,0.0,15268.353769,229848.842991,7113.879,370.8,19.2,0.0,0.0,0.0,0.0,288061,0.0
6630,7047.88396398,6236.38224,11444.64,11228.972,0.0,14739.724796,230486.868,7184.529,370.8,19.2,0.0,0.0,0.0,0.0,288759,0.0
6631,9273.18712241,6236.38224,11444.64,11228.972,0.0,14278.4216376,230486.868,7184.529,370.8,19.2,0.0,0.0,0.0,0.0,290523,0.0
6632,7885.27309818,6236.38224,11444.64,11228.972,6119.33387319,13082.0017886,230486.868,7184.529,370.8,19.2,0.0,0.0,0.0,0.0,294058,0.0
6633,6529.93,6236.38224,11444.64,11228.972,15438.367271,10621.6596773,229135.169812,7113.879,370.8,19.2,0.0,0.0,0.0,0.0,298139,0.0
6634,6529.93,6236.38224,11444.64,11228.972,24655.1154968,9123.09165851,226930.009605,6856.659,252.0,19.2,0.0,0.0,0.0,0.0,303276,0.0
6635,6529.93,6236.38224,11444.64,11228.972,31299.5365014,7498.9875586,226263.4027,6521.949,252.0,19.2,0.0,0.0,0.0,0.0,307295,0.0
6636,6529.93,6236.38224,11444.64,11228.972,35144.1461117,6198.79470389,226238.985944,6521.949,252.0,19.2,0.0,0.0,0.0,0.0,309815,0.0
6637,6529.93,6236.38224,11444.64,11228.972,36076.9096669,5065.29369465,227374.293398,6920.379,252.0,19.2,0.0,0.0,0.0,0.0,311148,0.0
6638,6529.93,6236.38224,11444.64,11228.972,34262.9864932,4529.00846557,230163.551801,7184.529,370.8,19.2,0.0,0.0,0.0,0.0,311970,0.0
6639,8795.73445035,6236.38224,11444.64,11228.972,30646.4816604,4514.39264926,230486.868,7184.529,370.8,19.2,0.0,0.0,0.0,0.0,310928,0.0
6640,12769.7301834,6236.38224,11444.64,11228.972,24630.5279527,5217.35062392,230486.868,7184.529,370.8,19.2,0.0,0.0,0.0,0.0,309589,0.0
6641,23158.8591783,6236.38224,11444.64,11228.972,14838.3326474,6228.41693427,230486.868,7184.529,370.8,19.2,0.0,0.0,0.0,0.0,311197,0.0
6642,36685.0,6236.38224,11444.64,11228.972,3843.73229507,7130.76266716,230586.981798,7184.529,370.8,19.2,0.0,0.0,0.0,0.0,314731,0.0
6643,36685.0,6236.38224,11444.64,11228.972,0.0,8055.57517142,232919.838,8492.814,656.578588575,19.2,0.0,0.0,0.0,0.0,315739,0.0
6644,36685.0,6236.38224,11444.64,11228.972,0.0,9838.28206313,232919.838,8492.814,736.911,429.160696872,0.0,0.0,0.0,0.0,318012,0.0
6645,36685.0,6236.38224,11444.64,11228.972,0.0,11027.0675558,232919.838,8492.814,1050.05420422,1488.232,0.0,0.0,0.0,0.0,320573,0.0
6646,36685.0,6236.38224,11444.64,11228.972,0.0,11297.7590057,232919.838,8492.814,438.394754275,19.2,0.0,0.0,0.0,0.0,318763,0.0
6647,36437.86473,6236.38224,11444.64,11228.972,0.0,11188.74403,230486.868,7184.529,370.8,19.2,0.0,0.0,0.0,0.0,314598,0.0
6648,32704.7132714,6236.38224,11444.64,11228.972,0.0,11946.8954886,230486.868,7184.529,370.8,19.2,0.0,0.0,0.0,0.0,311623,0.0
6649,23859.9033318,6077.58547,11444.64,10938.76,0.0,13307.3481982,233711.838,8492.814,484.911,19.2,0.0,0.0,0.0,0.0,308337,0.0
6650,18833.6161124,6077.58547,11444.64,10938.76,0.0,14834.5639529,233711.838,8492.814,447.98246462,19.2,0.0,0.0,0.0,0.0,304801,0.0
6651,15738.6807427,6077.58547,11444.64,10938.76,0.0,15963.6817873,233711.838,8492.814,370.8,19.2,0.0,0.0,0.0,0.0,302758,0.0
6652,13943.0768922,6077.58547,11444.64,10938.76,0.0,17177.2856378,233711.838,8492.814,370.8,19.2,0.0,0.0,0.0,0.0,302176,0.0
6653,12957.6317397,6077.58547,11444.64,10938.76,0.0,17831.7307903,233711.838,8492.814,370.8,19.2,0.0,0.0,0.0,0.0,301845,0.0
6654,13645.1522158,6077.58547,11444.64,10938.76,0.0,17513.2103142,233711.838,8492.814,370.8,19.2,0.0,0.0,0.0,0.0,302214,0.0
6655,14006.1774524,6077.58547,11444.64,10938.76,0.0,17013.1850776,233711.838,8492.814,370.8,19.2,0.0,0.0,0.0,0.0,302075,0.0
6656,10001.9132847,6077.58547,11444.64,10938.76,6133.45860569,15552.8796396,233711.838,8492.814,484.911,19.2,0.0,0.0,0.0,0.0,302858,0.0
6657,5942.97,6077.58547,11444.64,10938.76,15538.8818188,12984.4148474,232470.618864,8304.129,370.8,19.2,0.0,0.0,0.0,0.0,304092,0.0
6658,5942.97,6077.58547,11444.64,10938.76,24820.7557008,11276.9875247,229053.422305,7113.879,370.8,19.2,0.0,0.0,0.0,0.0,307059,0.0
6659,5942.97,6077.58547,11444.64,10938.76,31738.722693,9645.85456501,226544.318272,6521.949,252.0,19.2,0.0,0.0,0.0,0.0,309126,0.0
6660,5942.97,6077.58547,11444.64,10938.76,35682.2291427,8841.83076909,225761.435618,6521.949,176.4,19.2,0.0,0.0,0.0,0.0,311407,0.0
6661,5942.97,6077.58547,11444.64,10938.76,36454.9260774,9017.97026046,225655.599192,6521.949,176.4,19.2,0.0,0.0,0.0,0.0,312250,0.0
6662,5942.97,6077.58547,11444.64,10938.76,33003.7451526,9922.91907847,227255.868,6840.31229893,252.0,19.2,0.0,0.0,0.0,0.0,311698,0.0
6663,5942.97,6077.58547,11444.64,10938.76,29710.729427,11401.4879117,226075.278191,6521.949,176.4,19.2,0.0,0.0,0.0,0.0,308309,0.0
6664,5942.97,6077.58547,11444.64,10938.76,22820.3233954,11372.0335804,228903.808554,7113.879,370.8,19.2,0.0,0.0,0.0,0.0,305004,0.0
6665,8841.19169485,6077.58547,11444.64,10938.76,13038.0974758,10781.9623593,233711.838,8492.814,484.911,19.2,0.0,0.0,0.0,0.0,303831,0.0
6666,20099.0123534,6077.58547,11444.64,10938.76,3697.73367764,10076.505499,233711.838,8492.814,484.911,19.2,0.0,0.0,0.0,0.0,305043,0.0
6667,23575.6625127,6077.58547,11444.64,10938.76,0.0,10649.5890173,233711.838,8492.814,484.911,19.2,0.0,0.0,0.0,0.0,305395,0.0
6668,24594.4743813,6077.58547,11444.64,10938.76,0.0,12180.8881487,233711.838,8492.814,370.8,19.2,0.0,0.0,0.0,0.0,307831,0.0
6669,26518.8734951,6077.58547,11444.64,10938.76,0.0,13283.4890349,233711.838,8492.814,370.8,19.2,0.0,0.0,0.0,0.0,310858,0.0
6670,24966.3675559,6077.58547,11444.64,10938.76,0.0,14533.9949741,233711.838,8492.814,370.8,19.2,0.0,0.0,0.0,0.0,310556,0.0
6671,20047.2476747,6077.58547,11444.64,10938.76,0.0,15812.1148553,233711.838,8492.814,370.8,19.2,0.0,0.0,0.0,0.0,306915,0.0
6672,15357.0733603,6077.58547,11444.64,10938.76,0.0,17381.2891697,233711.838,8492.814,370.8,19.2,0.0,0.0,0.0,0.0,303794,0.0
6673,5502.75,5990.96905,11444.64,10827.14,0.0,18894.2842059,238702.602744,8503.614,370.8,19.2,0.0,0.0,0.0,0.0,300256,0.0
6674,5502.75,5990.96905,11444.64,10827.14,0.0,20529.0233448,234937.148605,7195.329,370.8,19.2,0.0,0.0,0.0,0.0,296817,0.0
6675,5502.75,5990.96905,11444.64,10827.14,0.0,22064.706851,231322.415099,6931.179,252.0,19.2,0.0,0.0,0.0,0.0,294355,0.0
6676,5502.75,5990.96905,11444.64,10827.14,0.0,20349.810371,232881.011579,7124.679,370.8,19.2,0.0,0.0,0.0,0.0,294511,0.0
6677,5502.75,5990.96905,11444.64,10827.14,0.0,17796.2727933,236126.538,7643.69015665,370.8,19.2,0.0,0.0,0.0,0.0,295722,0.0
6678,6943.42917752,5990.96905,11444.64,10827.14,0.0,15162.9587725,238985.838,8514.414,570.411,19.2,0.0,0.0,0.0,0.0,298459,0.0
6679,12879.8729267,5990.96905,11444.64,10827.14,0.0,12569.5150233,238985.838,8514.414,570.411,19.2,0.0,0.0,0.0,0.0,301802,0.0
6680,14326.8485195,5990.96905,11444.64,10827.14,6002.89635676,9976.14307369,238985.838,8514.414,664.911,19.2,0.0,0.0,0.0,0.0,306753,0.0
6681,12060.3888938,5990.96905,11444.64,10827.14,15232.2845406,7308.67454839,238985.838,8514.414,659.450967188,19.2,0.0,0.0,0.0,0.0,311043,0.0
6682,8281.61106153,5990.96905,11444.64,10827.14,24383.6861588,6526.0907297,238985.838,8514.414,570.411,19.2,0.0,0.0,0.0,0.0,315544,0.0
6683,5502.75,5990.96905,11444.64,10827.14,31220.9466197,5676.05509725,238682.885233,8503.614,370.8,19.2,0.0,0.0,0.0,0.0,318239,0.0
6684,5502.75,5990.96905,11444.64,10827.14,35488.8777197,4720.94886647,237210.745364,8314.929,370.8,19.2,0.0,0.0,0.0,0.0,319891,0.0
6685,5502.75,5990.96905,11444.64,10827.14,36357.9081788,4301.75246692,236859.911304,8314.929,370.8,19.2,0.0,0.0,0.0,0.0,319990,0.0
6686,5502.75,5990.96905,11444.64,10827.14,33224.9531181,4018.9026866,238985.838,8514.414,558.193145318,19.2,0.0,0.0,0.0,0.0,319087,0.0
6687,8768.0590123,5990.96905,11444.64,10827.14,27706.4223285,4276.90660918,238985.838,8514.414,570.411,19.2,0.0,0.0,0.0,0.0,317104,0.0
6688,12335.4247013,5990.96905,11444.64,10827.14,21196.295207,4777.66804168,238985.838,8514.414,570.411,19.2,0.0,0.0,0.0,0.0,314662,0.0
6689,18918.7609127,5990.96905,11444.64,10827.14,13915.6286425,5431.9983948,238985.838,8514.414,570.411,19.2,0.0,0.0,0.0,0.0,314619,0.0
6690,30440.3256645,5990.96905,11444.64,10827.14,3398.5583033,6237.50398222,238985.838,8514.414,570.411,19.2,0.0,0.0,0.0,0.0,316429,0.0
6691,32136.6407216,5990.96905,11444.64,10827.14,0.0,7748.74722841,238985.838,8514.414,570.411,19.2,0.0,0.0,0.0,0.0,316238,0.0
6692,30952.0538566,5990.96905,11444.64,10827.14,0.0,9431.33409342,238985.838,8514.414,570.411,19.2,0.0,0.0,0.0,0.0,316736,0.0
6693,31608.8626321,5990.96905,11444.64,10827.14,0.0,10160.5253179,238985.838,8514.414,570.411,19.2,0.0,0.0,0.0,0.0,318122,0.0
6694,28765.7533491,5990.96905,11444.64,10827.14,0.0,10809.6346009,238985.838,8514.414,570.411,19.2,0.0,0.0,0.0,0.0,315928,0.0
6695,21854.9146742,5990.96905,11444.64,10827.14,0.0,11547.4732758,238985.838,8514.414,570.411,19.2,0.0,0.0,0.0,0.0,309755,0.0
6696,14732.1186964,5990.96905,11444.64,10827.14,0.0,13018.2692536,238985.838,8514.414,570.411,19.2,0.0,0.0,0.0,0.0,304103,0.0
6697,14484.9740157,5904.35263,11444.64,10603.9,0.0,14065.9363543,233900.838,8155.359,370.8,19.2,0.0,0.0,0.0,0.0,298950,0.0
6698,9369.21714095,5904.35263,11444.64,10603.9,0.0,14384.693229,233900.838,8155.359,370.8,19.2,0.0,0.0,0.0,0.0,294153,0.0
6699,6268.88428323,5904.35263,11444.64,10603.9,0.0,14654.0260868,233900.838,8155.359,370.8,19.2,0.0,0.0,0.0,0.0,291322,0.0
6700,7253.05067375,5904.35263,11444.64,10603.9,0.0,14180.8596962,233900.838,8155.359,370.8,19.2,0.0,0.0,0.0,0.0,291833,0.0
6701,9799.71769825,5904.35263,11444.64,10603.9,0.0,13207.1926718,233900.838,8155.359,370.8,19.2,0.0,0.0,0.0,0.0,293406,0.0
6702,13000.0340701,5904.35263,11444.64,10603.9,0.0,12206.8762999,233900.838,8155.359,370.8,19.2,0.0,0.0,0.0,0.0,295606,0.0
6703,16464.9123632,5904.35263,11444.64,10603.9,0.0,10860.9980068,233900.838,8155.359,370.8,19.2,0.0,0.0,0.0,0.0,297725,0.0
6704,15730.6377173,5904.35263,11444.64,10603.9,5936.26148229,9121.01117043,233900.838,8155.359,370.8,19.2,0.0,0.0,0.0,0.0,301187,0.0
6705,11854.4467868,5904.35263,11444.64,10603.9,14932.363718,7131.09986524,233900.838,8155.359,370.8,19.2,0.0,0.0,0.0,0.0,304317,0.0
6706,7582.36046958,5904.35263,11444.64,10603.9,24413.4314861,6127.11841433,233900.838,8155.359,370.8,19.2,0.0,0.0,0.0,0.0,308522,0.0
6707,5282.64,5904.35263,11444.64,10603.9,31343.4115659,5436.01677178,233609.680032,8155.359,370.8,19.2,0.0,0.0,0.0,0.0,312170,0.0
6708,5282.64,5904.35263,11444.64,10603.9,35410.7101198,5166.96191246,232510.338,7479.45733776,370.8,19.2,0.0,0.0,0.0,0.0,314193,0.0
6709,5282.64,5904.35263,11444.64,10603.9,36504.351027,5427.17862238,231409.178721,7035.759,370.8,19.2,0.0,0.0,0.0,0.0,314002,0.0
6710,5282.64,5904.35263,11444.64,10603.9,34151.2809913,6153.370564,231773.238,7084.57781475,370.8,19.2,0.0,0.0,0.0,0.0,312788,0.0
6711,5282.64,5904.35263,11444.64,10603.9,29273.4063457,6909.09333652,232567.038,7528.9296878,370.8,19.2,0.0,0.0,0.0,0.0,309904,0.0
6712,6474.65578279,5904.35263,11444.64,10603.9,21973.5606863,7396.02304821,233900.838,8184.02985266,370.8,19.2,0.0,0.0,0.0,0.0,306272,0.0
6713,15553.3481126,5904.35263,11444.64,10603.9,12426.0428247,7695.60443272,233900.838,8195.274,370.8,19.2,0.0,0.0,0.0,0.0,306114,0.0
6714,26377.6219519,5904.35263,11444.64,10603.9,2988.65610377,7506.71731434,233900.838,8195.274,370.8,19.2,0.0,0.0,0.0,0.0,307312,0.0
6715,28826.4984345,5904.35263,11444.64,10603.9,0.0,8463.49693555,233900.838,8195.274,370.8,19.2,0.0,0.0,0.0,0.0,307729,0.0
6716,28761.0645742,5904.35263,11444.64,10603.9,0.0,10373.9307958,233900.838,8195.274,370.8,19.2,0.0,0.0,0.0,0.0,309574,0.0
6717,29286.5028646,5904.35263,11444.64,10603.9,0.0,11926.4925054,233900.838,8195.274,370.8,19.2,0.0,0.0,0.0,0.0,311652,0.0
6718,26084.5156728,5904.35263,11444.64,10603.9,0.0,12137.4796972,233900.838,8195.274,370.8,19.2,0.0,0.0,0.0,0.0,308661,0.0
6719,20231.8112187,5904.35263,11444.64,10603.9,0.0,12058.1841513,233900.838,8195.274,370.8,19.2,0.0,0.0,0.0,0.0,302729,0.0
6720,14712.3609692,5904.35263,11444.64,10603.9,0.0,12241.6344008,233900.838,8195.274,370.8,19.2,0.0,0.0,0.0,0.0,297393,0.0
6721,14639.3051966,5832.17228,11444.64,10269.04,0.0,12586.9605234,229454.838,7471.044,370.8,19.2,0.0,0.0,0.0,0.0,292088,0.0
6722,9149.93263677,5832.17228,11444.64,10269.04,0.0,13047.4121867,229454.838,7684.96489652,370.8,19.2,0.0,0.0,0.0,0.0,287273,0.0
6723,5333.94013024,5832.17228,11444.64,10269.04,0.0,13500.9255898,229454.838,8115.444,370.8,19.2,0.0,0.0,0.0,0.0,284341,0.0
6724,6069.17513852,5832.17228,11444.64,10269.04,0.0,12873.6905815,229454.838,8115.444,370.8,19.2,0.0,0.0,0.0,0.0,284449,0.0
6725,7175.54593806,5832.17228,11444.64,10269.04,0.0,11965.5197819,229454.838,8018.244,370.8,19.2,0.0,0.0,0.0,0.0,284550,0.0
6726,8853.02533554,5832.17228,11444.64,10269.04,0.0,11126.8403845,229454.838,8115.444,370.8,19.2,0.0,0.0,0.0,0.0,285486,0.0
6727,10781.615861,5832.17228,11444.64,10269.04,0.0,9961.24985897,229454.838,8115.444,370.8,19.2,0.0,0.0,0.0,0.0,286249,0.0
6728,7563.72589397,5832.17228,11444.64,10269.04,5672.77607453,8862.36375151,229454.838,8115.444,370.8,19.2,0.0,0.0,0.0,0.0,287605,0.0
6729,4805.735,5832.17228,11444.64,10269.04,13531.762689,6237.58538176,228532.220649,6995.844,370.8,19.2,0.0,0.0,0.0,0.0,288039,0.0
6730,4805.735,5832.17228,11444.64,10269.04,22337.462823,4943.68929099,224731.366606,6731.694,252.0,19.2,0.0,0.0,0.0,0.0,291367,0.0
6731,4805.735,5832.17228,11444.64,10269.04,29807.3890868,4456.90157848,221968.258055,6333.264,176.4,19.2,0.0,0.0,0.0,0.0,295113,0.0
6732,4805.735,5832.17228,11444.64,10269.04,33198.7362439,3998.3117045,222461.500772,6333.264,176.4,19.2,0.0,0.0,0.0,0.0,298539,0.0
6733,4805.735,5832.17228,11444.64,10269.04,33523.8922448,3963.5600035,224235.996472,6490.764,252.0,19.2,0.0,0.0,0.0,0.0,300837,0.0
6734,4805.735,5832.17228,11444.64,10269.04,32600.1280538,4308.71582704,225322.674839,6731.694,252.0,19.2,0.0,0.0,0.0,0.0,301586,0.0
6735,4805.735,5832.17228,11444.64,10269.04,28296.8979425,4841.56997576,226218.750802,6925.194,370.8,19.2,0.0,0.0,0.0,0.0,299024,0.0
6736,4805.735,5832.17228,11444.64,10269.04,20635.0601813,5765.96548239,229454.838,7621.54905631,370.8,19.2,0.0,0.0,0.0,0.0,296219,0.0
6737,14074.7664979,5832.17228,11444.64,10269.04,12867.5331784,6558.56604374,229454.838,8115.444,370.8,19.2,0.0,0.0,0.0,0.0,299007,0.0
6738,28503.5449439,5832.17228,11444.64,10269.04,2822.00410355,6658.31667253,229454.838,8115.444,370.8,19.2,0.0,0.0,0.0,0.0,303490,0.0
6739,33729.7808994,5832.17228,11444.64,10269.04,0.0,7191.2848206,229454.838,8018.244,370.8,19.2,0.0,0.0,0.0,0.0,306330,0.0
6740,34979.4287486,5832.17228,11444.64,10269.04,0.0,7880.93697145,229454.838,8002.944,370.8,19.2,0.0,0.0,0.0,0.0,308254,0.0
6741,35967.3722191,5832.17228,11444.64,10269.04,0.0,8015.49350094,229454.838,8115.444,370.8,19.2,0.0,0.0,0.0,0.0,309489,0.0
6742,32480.3847534,5832.17228,11444.64,10269.04,0.0,6833.98096662,229454.838,8002.944,370.8,19.2,0.0,0.0,0.0,0.0,304708,0.0
6743,25859.3978551,5832.17228,11444.64,10269.04,0.0,5559.46786486,229454.838,8115.444,370.8,19.2,0.0,0.0,0.0,0.0,296925,0.0
6744,20922.9927519,5832.17228,11444.64,10269.04,0.0,4860.37296808,229454.838,8002.944,370.8,19.2,0.0,0.0,0.0,0.0,291177,0.0
6745,11017.4842176,5615.63123,11444.64,9867.208,0.0,4693.86372156,235319.358831,8492.814,370.8,19.2,0.0,0.0,0.0,0.0,286841,0.0
6746,6804.15844145,5615.63123,11444.64,9867.208,0.0,5041.91032855,235108.638,8492.814,370.8,19.2,0.0,0.0,0.0,0.0,282765,0.0
6747,4059.12422545,5615.63123,11444.64,9867.208,0.0,5405.84454455,235413.738,8492.814,370.8,19.2,0.0,0.0,0.0,0.0,280689,0.0
6748,5721.3016802,5615.63123,11444.64,9867.208,0.0,4839.1170898,235161.288,8492.814,370.8,19.2,0.0,0.0,0.0,0.0,281532,0.0
6749,7652.68012434,5615.63123,11444.64,9867.208,0.0,4340.38864566,235135.638,8492.814,370.8,19.2,0.0,0.0,0.0,0.0,282939,0.0
6750,10263.7800175,5615.63123,11444.64,9867.208,0.0,4077.23875254,235247.688,8492.814,370.8,19.2,0.0,0.0,0.0,0.0,285399,0.0
6751,12357.2718,5615.63123,11444.64,9867.208,0.0,4021.79697001,235270.638,8492.814,370.8,19.2,0.0,0.0,0.0,0.0,287460,0.0
6752,8732.01796414,5615.63123,11444.64,9867.208,5907.82672622,3897.87407964,235217.988,8492.814,370.8,19.2,0.0,0.0,0.0,0.0,289566,0.0
6753,4035.35,5615.63123,11444.64,9867.208,14961.0941171,2992.95296147,234083.994691,8304.129,370.8,19.2,0.0,0.0,0.0,0.0,291695,0.0
6754,4035.35,5615.63123,11444.64,9867.208,24003.0527806,2242.18836057,230170.068,7113.879,321.782628818,19.2,0.0,0.0,0.0,0.0,294833,0.0
6755,4035.35,5615.63123,11444.64,9867.208,30255.5061548,2101.80936443,226961.306251,6521.949,176.4,19.2,0.0,0.0,0.0,0.0,296999,0.0
6756,4035.35,5615.63123,11444.64,9867.208,33869.0058255,1767.05718132,225957.558763,6422.949,176.4,19.2,0.0,0.0,0.0,0.0,299175,0.0
6757,4035.35,5615.63123,11444.64,9867.208,35220.5756639,1612.29106756,226068.755038,6422.949,176.4,19.2,0.0,0.0,0.0,0.0,300483,0.0
6758,4035.35,5615.63123,11444.64,9867.208,34952.5464125,1591.11388882,226423.961469,6521.949,176.4,19.2,0.0,0.0,0.0,0.0,300648,0.0
6759,4035.35,5615.63123,11444.64,9867.208,28802.3259679,1994.90727658,229663.358526,6920.379,252.0,19.2,0.0,0.0,0.0,0.0,298615,0.0
6760,4035.35,5615.63123,11444.64,9867.208,21470.4607952,2917.79659184,234072.784383,8304.129,370.8,19.2,0.0,0.0,0.0,0.0,298118,0.0
6761,15657.5828347,5615.63123,11444.64,9867.208,12188.7141387,3964.77179655,235108.638,8492.814,370.8,19.2,0.0,0.0,0.0,0.0,302730,0.0
6762,29767.518641,5615.63123,11444.64,9867.208,2911.95926044,4720.59086852,235108.638,8492.814,370.8,19.2,0.0,0.0,0.0,0.0,308319,0.0
6763,35423.1787116,5615.63123,11444.64,9867.208,0.0,5158.94005841,235131.588,8492.814,370.8,19.2,0.0,0.0,0.0,0.0,311524,0.0
6764,36685.0,5615.63123,11444.64,9867.208,0.0,6304.41799906,235583.838,8492.814,736.911,36.5397709392,0.0,0.0,0.0,0.0,314767,0.0
6765,36685.0,5615.63123,11444.64,9867.208,0.0,7600.56697693,235583.838,8492.814,967.293,1131.00879307,0.0,0.0,0.0,0.0,317388,0.0
6766,33997.6826167,5615.63123,11444.64,9867.208,0.0,8774.73615329,235161.288,8492.814,370.8,19.2,0.0,0.0,0.0,0.0,313744,0.0
6767,26785.8979351,5615.63123,11444.64,9867.208,0.0,9389.17083487,235108.638,8492.814,370.8,19.2,0.0,0.0,0.0,0.0,307094,0.0
6768,20637.3355901,5615.63123,11444.64,9867.208,0.0,10062.3831799,235190.988,8492.814,370.8,19.2,0.0,0.0,0.0,0.0,301701,0.0
6769,20860.6989103,5413.52625,11444.64,9443.052,0.0,10645.6898397,230057.838,8115.444,484.911,19.2,0.0,0.0,0.0,0.0,296485,0.0
6770,15704.9661691,5413.52625,11444.64,9443.052,0.0,10673.4225809,230057.838,8115.444,484.911,19.2,0.0,0.0,0.0,0.0,291357,0.0
6771,13950.9934582,5413.52625,11444.64,9443.052,0.0,10671.5062918,230057.838,8115.444,370.8,19.2,0.0,0.0,0.0,0.0,289487,0.0
6772,16048.6711949,5413.52625,11444.64,9443.052,0.0,10485.8285551,230057.838,8115.444,370.8,19.2,0.0,0.0,0.0,0.0,291399,0.0
6773,18831.7825397,5413.52625,11444.64,9443.052,0.0,10458.7172103,230057.838,8115.444,370.8,19.2,0.0,0.0,0.0,0.0,294155,0.0
6774,22149.7941663,5413.52625,11444.64,9443.052,0.0,10777.7055837,230057.838,8115.444,370.8,19.2,0.0,0.0,0.0,0.0,297792,0.0
6775,24405.8304324,5413.52625,11444.64,9443.052,0.0,11068.6693176,230057.838,8115.444,370.8,19.2,0.0,0.0,0.0,0.0,300339,0.0
6776,20397.1761902,5413.52625,11444.64,9443.052,5947.95440997,10958.2581498,230057.838,8115.444,484.911,19.2,0.0,0.0,0.0,0.0,302282,0.0
6777,11864.9005997,5413.52625,11444.64,9443.052,14971.9952268,10421.4929235,230057.838,8115.444,484.911,19.2,0.0,0.0,0.0,0.0,302237,0.0
6778,3492.412,5413.52625,11444.64,9443.052,23796.9553737,11622.5860457,229849.484331,7144.344,370.8,19.2,0.0,0.0,0.0,0.0,302597,0.0
6779,3492.412,5413.52625,11444.64,9443.052,30080.7509382,12823.0329716,223588.72184,6333.264,176.4,19.2,0.0,0.0,0.0,0.0,302815,0.0
6780,3492.412,5413.52625,11444.64,9443.052,33844.0033968,13920.2567885,219649.441565,6043.068,176.4,19.2,0.0,0.0,0.0,0.0,303446,0.0
6781,3492.412,5413.52625,11444.64,9443.052,34146.4285464,15503.4473227,218236.7385,5425.15538089,176.4,19.2,0.0,0.0,0.0,0.0,303301,0.0
6782,3492.412,5413.52625,11444.64,9443.052,31576.4902475,17044.8143964,218344.7385,5644.7266061,176.4,19.2,0.0,0.0,0.0,0.0,302600,0.0
6783,3492.412,5413.52625,11444.64,9443.052,24273.7102639,18094.9201832,221803.875303,6234.264,176.4,19.2,0.0,0.0,0.0,0.0,300396,0.0
6784,3492.412,5413.52625,11444.64,9443.052,20098.9261304,19103.7011067,224056.278513,6333.264,252.0,19.2,0.0,0.0,0.0,0.0,299657,0.0
6785,7564.98340059,5413.52625,11444.64,9443.052,12112.7757804,18935.6295691,230057.838,8115.444,484.911,19.2,0.0,0.0,0.0,0.0,303592,0.0
6786,22302.5473417,5413.52625,11444.64,9443.052,2682.99338079,18488.8480275,230057.838,8115.444,484.911,19.2,0.0,0.0,0.0,0.0,308453,0.0
6787,26059.9028958,5413.52625,11444.64,9443.052,0.0,20719.4858542,230057.838,8115.444,484.911,19.2,0.0,0.0,0.0,0.0,311758,0.0
6788,26737.8718696,5413.52625,11444.64,9443.052,0.0,23753.5168804,230057.838,8115.444,484.911,19.2,0.0,0.0,0.0,0.0,315470,0.0
6789,25755.8590311,5413.52625,11444.64,9443.052,0.0,26488.5297189,230057.838,8115.444,484.911,19.2,0.0,0.0,0.0,0.0,317223,0.0
6790,19559.3768575,5413.52625,11444.64,9443.052,0.0,28222.0118925,230057.838,8115.444,484.911,19.2,0.0,0.0,0.0,0.0,312760,0.0
6791,12253.2143052,5413.52625,11444.64,9443.052,0.0,28912.7288373,230057.838,8115.444,434.356607518,19.2,0.0,0.0,0.0,0.0,306094,0.0
6792,5634.36143769,5413.52625,11444.64,9443.052,0.0,30087.1383123,230057.838,8115.444,370.8,19.2,0.0,0.0,0.0,0.0,300586,0.0
6793,18926.394931,5312.47376,11444.64,9130.516,0.0,31903.893309,212866.938,5347.944,252.0,19.2,0.0,0.0,0.0,0.0,295204,0.0
6794,12149.881325,5312.47376,11444.64,9130.516,0.0,34260.406915,212866.938,5347.944,252.0,19.2,0.0,0.0,0.0,0.0,290784,0.0
6795,8276.20055247,5312.47376,11444.64,9130.516,0.0,36448.0876875,212866.938,5347.944,252.0,19.2,0.0,0.0,0.0,0.0,289098,0.0
6796,11516.1884259,5312.47376,11444.64,9130.516,0.0,33754.0998141,212866.938,5347.944,252.0,19.2,0.0,0.0,0.0,0.0,289644,0.0
6797,15169.7624183,5312.47376,11444.64,9130.516,0.0,31255.5258217,212866.938,5347.944,252.0,19.2,0.0,0.0,0.0,0.0,290799,0.0
6798,18880.0029135,5312.47376,11444.64,9130.516,0.0,29477.2328048,212866.938,5347.944,267.052521777,19.2,0.0,0.0,0.0,0.0,292746,0.0
6799,20690.0010267,5312.47376,11444.64,9130.516,0.0,28410.4872133,212866.938,5347.944,370.8,19.2,0.0,0.0,0.0,0.0,293593,0.0
6800,17565.9472903,5312.47376,11444.64,9130.516,5923.21643185,26768.1245178,212866.938,5347.944,252.0,19.2,0.0,0.0,0.0,0.0,294631,0.0
6801,10694.9995133,5312.47376,11444.64,9130.516,15185.6600766,24090.62865,212866.938,5347.944,252.0,19.2,0.0,0.0,0.0,0.0,294345,0.0
6802,3411.705,5312.47376,11444.64,9130.516,22963.4791593,26765.7874313,211188.284649,4949.514,176.4,19.2,0.0,0.0,0.0,0.0,295362,0.0
6803,3411.705,5312.47376,11444.64,9130.516,29668.9637755,32084.7245734,202832.2935,3123.072,40.4113910241,19.2,0.0,0.0,0.0,0.0,297068,0.0
6804,3411.705,5312.47376,11444.64,9130.516,33392.0829291,35187.5244059,198919.885905,2800.872,8.1,19.2,0.0,0.0,0.0,0.0,299627,0.0
6805,3411.705,5312.47376,11444.64,9130.516,35443.6388363,36815.0134865,196619.840917,2800.872,8.1,19.2,0.0,0.0,0.0,0.0,301006,0.0
6806,3411.705,5312.47376,11444.64,9130.516,33455.7259993,36814.0032923,199849.763948,2800.872,8.1,19.2,0.0,0.0,0.0,0.0,302247,0.0
6807,3411.705,5312.47376,11444.64,9130.516,29368.4905502,36386.0686428,202967.2935,3123.072,152.540547002,19.2,0.0,0.0,0.0,0.0,301316,0.0
6808,3411.705,5312.47376,11444.64,9130.516,22935.6862585,35409.993232,208238.52175,4707.864,176.4,19.2,0.0,0.0,0.0,0.0,300787,0.0
6809,13297.2111433,5312.47376,11444.64,9130.516,13398.2408614,33313.8362353,212866.938,5347.944,252.0,19.2,0.0,0.0,0.0,0.0,304383,0.0
6810,29760.9450738,5312.47376,11444.64,9130.516,2640.27634324,32565.0668229,212866.938,5347.944,252.0,19.2,0.0,0.0,0.0,0.0,309340,0.0
6811,31812.5842191,5312.47376,11444.64,9130.516,0.0,36232.7040209,212866.938,5347.944,252.0,19.2,0.0,0.0,0.0,0.0,312419,0.0
6812,30034.8828514,5312.47376,11444.64,9130.516,0.0,41442.4053886,212866.938,5347.944,252.0,19.2,0.0,0.0,0.0,0.0,315851,0.0
6813,27562.0263037,5312.47376,11444.64,9130.516,0.0,45398.2619363,212866.938,5347.944,252.0,19.2,0.0,0.0,0.0,0.0,317334,0.0
6814,21830.9450585,5312.47376,11444.64,9130.516,0.0,45879.3431815,212866.938,5347.944,252.0,19.2,0.0,0.0,0.0,0.0,312084,0.0
6815,14635.7843877,5312.47376,11444.64,9130.516,0.0,45622.5038523,212866.938,5347.944,252.0,19.2,0.0,0.0,0.0,0.0,304632,0.0
6816,7844.12236598,5312.47376,11444.64,9130.516,0.0,46579.165874,212866.938,5347.944,252.0,19.2,0.0,0.0,0.0,0.0,298797,0.0
6817,31281.3763741,5283.60162,11444.64,8996.572,0.0,48354.8670059,186766.173,1185.57,252.0,19.2,0.0,0.0,0.0,0.0,293584,0.0
6818,25387.2503275,5283.60162,11444.64,8996.572,0.0,49411.9930525,186766.173,1185.57,252.0,19.2,0.0,0.0,0.0,0.0,288747,0.0
6819,22224.4410589,5283.60162,11444.64,8996.572,0.0,49760.2268585,186766.173,1185.57,331.575462602,19.2,0.0,0.0,0.0,0.0,286012,0.0
6820,22442.5663141,5283.60162,11444.64,8996.572,0.0,48588.8770659,186766.173,1185.57,370.8,19.2,0.0,0.0,0.0,0.0,285098,0.0
6821,22711.4690672,5283.60162,11444.64,8996.572,0.0,47340.7743128,186766.173,1185.57,252.0,19.2,0.0,0.0,0.0,0.0,284000,0.0
6822,22904.4113078,5283.60162,11444.64,8996.572,0.0,46177.8320722,186766.173,1185.57,252.0,19.2,0.0,0.0,0.0,0.0,283030,0.0
6823,24236.1703652,5283.60162,11444.64,8996.572,0.0,44808.2730148,186766.173,1185.57,370.8,19.2,0.0,0.0,0.0,0.0,283111,0.0
6824,20329.8935461,5283.60162,11444.64,8996.572,5820.04190688,42815.307927,186766.173,1185.57,252.0,19.2,0.0,0.0,0.0,0.0,282913,0.0
6825,14447.4148239,5283.60162,11444.64,8996.572,14677.4615798,37969.3669763,186766.173,1185.57,252.0,19.2,0.0,0.0,0.0,0.0,281042,0.0
6826,4469.28545341,5283.60162,11444.64,8996.572,23984.56658,38044.3913466,186766.173,1185.57,252.0,19.2,0.0,0.0,0.0,0.0,280446,0.0
6827,3851.925,5283.60162,11444.64,8996.572,31272.5871855,43900.8090111,174181.880183,719.685,8.1,19.2,0.0,0.0,0.0,0.0,279679,0.0
6828,3851.925,5283.60162,11444.64,8996.572,35221.4774595,48356.4841967,164072.314724,719.685,8.1,19.2,0.0,0.0,0.0,0.0,277974,0.0
6829,3851.925,5283.60162,11444.64,8996.572,36735.8093304,49807.3976882,159598.969361,592.785,8.1,19.2,0.0,0.0,0.0,0.0,276339,0.0
6830,3851.925,5283.60162,11444.64,8996.572,34283.8753398,51009.0314074,159166.269633,592.785,8.1,19.2,0.0,0.0,0.0,0.0,274656,0.0
6831,3851.925,5283.60162,11444.64,8996.572,30307.5588854,51080.343299,160200.274196,592.785,8.1,19.2,0.0,0.0,0.0,0.0,271785,0.0
6832,3851.925,5283.60162,11444.64,8996.572,22344.8951003,52559.489829,164800.891451,719.685,8.1,19.2,0.0,0.0,0.0,0.0,270029,0.0
6833,3851.925,5283.60162,11444.64,8996.572,12476.1763213,52636.1904898,176587.909569,719.685,8.1,19.2,0.0,0.0,0.0,0.0,272024,0.0
6834,9261.33785538,5283.60162,11444.64,8996.572,2451.2584246,50381.6471,186766.173,1185.57,252.0,19.2,0.0,0.0,0.0,0.0,276042,0.0
6835,14015.4411295,5283.60162,11444.64,8996.572,0.0,51804.8022505,186766.173,1185.57,252.0,19.2,0.0,0.0,0.0,0.0,279768,0.0
6836,14085.5682132,5283.60162,11444.64,8996.572,0.0,55416.8751668,186766.173,1185.57,370.8,19.2,0.0,0.0,0.0,0.0,283569,0.0
6837,14403.042307,5283.60162,11444.64,8996.572,0.0,57354.201073,186766.173,1185.57,252.0,19.2,0.0,0.0,0.0,0.0,285705,0.0
6838,12748.28305,5283.60162,11444.64,8996.572,0.0,56436.16033,186766.173,1185.57,370.8,19.2,0.0,0.0,0.0,0.0,283251,0.0
6839,8305.76660677,5283.60162,11444.64,8996.572,0.0,55782.4767732,186766.173,1185.57,252.0,19.2,0.0,0.0,0.0,0.0,278036,0.0
6840,3851.925,5283.60162,11444.64,8996.572,0.0,55831.3654932,186659.225887,1163.07,176.4,19.2,0.0,0.0,0.0,0.0,273426,0.0
6841,4035.35,5211.42127,11444.64,8751.008,0.0,55983.3262231,181483.312507,2643.642,8.1,19.2,0.0,0.0,0.0,0.0,269580,0.0
6842,4035.35,5211.42127,11444.64,8751.008,0.0,55690.8757978,177898.762932,2643.642,8.1,19.2,0.0,0.0,0.0,0.0,265703,0.0
6843,4035.35,5211.42127,11444.64,8751.008,0.0,54559.0030792,176236.635651,2643.642,8.1,19.2,0.0,0.0,0.0,0.0,262909,0.0
6844,4035.35,5211.42127,11444.64,8751.008,0.0,52545.868007,177861.770723,2643.642,8.1,19.2,0.0,0.0,0.0,0.0,262521,0.0
6845,4035.35,5211.42127,11444.64,8751.008,0.0,49872.1411175,182293.497612,2643.642,8.1,19.2,0.0,0.0,0.0,0.0,264279,0.0
6846,4035.35,5211.42127,11444.64,8751.008,0.0,47043.6067146,187584.032015,2643.642,8.1,19.2,0.0,0.0,0.0,0.0,266741,0.0
6847,4035.35,5211.42127,11444.64,8751.008,0.0,43743.9289095,193749.70982,2643.642,8.1,19.2,0.0,0.0,0.0,0.0,269607,0.0
6848,4035.35,5211.42127,11444.64,8751.008,5650.02458858,40513.7281065,195772.386035,2801.142,8.1,19.2,0.0,0.0,0.0,0.0,274207,0.0
6849,4035.35,5211.42127,11444.64,8751.008,15037.541394,36131.9476978,195077.149638,2643.642,8.1,19.2,0.0,0.0,0.0,0.0,278360,0.0
6850,4035.35,5211.42127,11444.64,8751.008,23882.7599608,34850.5582355,191193.320534,2643.642,8.1,19.2,0.0,0.0,0.0,0.0,282040,0.0
6851,4035.35,5211.42127,11444.64,8751.008,31089.8047511,37813.2212704,183799.612708,2643.642,8.1,19.2,0.0,0.0,0.0,0.0,284816,0.0
6852,4035.35,5211.42127,11444.64,8751.008,35804.2167341,41802.2344282,177632.187568,2643.642,8.1,19.2,0.0,0.0,0.0,0.0,287352,0.0
6853,4035.35,5211.42127,11444.64,8751.008,36705.1098582,41573.0464405,178523.482431,2643.642,8.1,19.2,0.0,0.0,0.0,0.0,288915,0.0
6854,4035.35,5211.42127,11444.64,8751.008,35596.2569343,39110.7173406,183204.664455,2643.642,8.1,19.2,0.0,0.0,0.0,0.0,290025,0.0
6855,4035.35,5211.42127,11444.64,8751.008,31402.5458728,36076.3598163,190263.733041,2643.642,8.1,19.2,0.0,0.0,0.0,0.0,289856,0.0
6856,4035.35,5211.42127,11444.64,8751.008,23483.8189621,32426.2547178,199987.81905,4502.088,176.4,19.2,0.0,0.0,0.0,0.0,290038,0.0
6857,19337.6446902,5211.42127,11444.64,8751.008,13810.5816312,29057.4219087,201591.5985,4596.084,176.4,19.2,0.0,0.0,0.0,0.0,293996,0.0
6858,36685.0,5211.42127,11444.64,8751.008,2554.8213044,27122.25879,202439.166636,4596.084,176.4,19.2,0.0,0.0,0.0,0.0,299000,0.0
6859,36685.0,5211.42127,11444.64,8751.008,0.0,27746.8705133,203752.638,5033.484,1283.41821669,1581.52,0.0,0.0,0.0,0.0,301490,0.0
6860,36685.0,5211.42127,11444.64,8751.008,0.0,30354.9505786,203752.638,5033.484,941.17015138,991.688,0.0,0.0,0.0,0.0,303166,0.0
6861,36685.0,5211.42127,11444.64,8751.008,0.0,32657.7697921,203752.638,4735.92293788,176.4,19.2,0.0,0.0,0.0,0.0,303434,0.0
6862,34489.241189,5211.42127,11444.64,8751.008,0.0,31374.407041,201591.5985,4596.084,176.4,19.2,0.0,0.0,0.0,0.0,297654,0.0
6863,26897.6849349,5211.42127,11444.64,8751.008,0.0,29216.9632951,202104.5985,4596.084,176.4,19.2,0.0,0.0,0.0,0.0,288418,0.0
6864,22038.9469858,5211.42127,11444.64,8751.008,0.0,27412.333529,201804.966215,4596.084,176.4,19.2,0.0,0.0,0.0,0.0,281455,0.0
6865,4218.775,5095.93271,11444.64,8505.444,0.0,25845.4310015,214707.209288,5071.968,176.4,19.2,0.0,0.0,0.0,0.0,275085,0.0
6866,4218.775,5095.93271,11444.64,8505.444,0.0,24751.3599665,211595.341324,3656.907,176.4,19.2,0.0,0.0,0.0,0.0,269464,0.0
6867,4218.775,5095.93271,11444.64,8505.444,0.0,23863.6313498,209288.1285,3391.1484402,8.1,19.2,0.0,0.0,0.0,0.0,265835,0.0
6868,4218.775,5095.93271,11444.64,8505.444,0.0,22140.0243198,210270.67697,3656.907,176.4,19.2,0.0,0.0,0.0,0.0,265528,0.0
6869,4218.775,5095.93271,11444.64,8505.444,0.0,20165.9117241,212883.0435,4052.65306591,176.4,19.2,0.0,0.0,0.0,0.0,266562,0.0
6870,4218.775,5095.93271,11444.64,8505.444,0.0,18242.6636372,215083.5435,5122.40115285,176.4,19.2,0.0,0.0,0.0,0.0,267909,0.0
6871,4218.775,5095.93271,11444.64,8505.444,0.0,16605.1975138,217518.246776,5362.164,176.4,19.2,0.0,0.0,0.0,0.0,268946,0.0
6872,4218.775,5095.93271,11444.64,8505.444,6113.90515431,14930.9195012,215842.819635,5165.964,176.4,19.2,0.0,0.0,0.0,0.0,271514,0.0
6873,4218.775,5095.93271,11444.64,8505.444,15474.1771868,12076.5515461,212797.972557,3656.907,176.4,19.2,0.0,0.0,0.0,0.0,273466,0.0
6874,4218.775,5095.93271,11444.64,8505.444,24505.5399483,9546.2623353,208332.584006,3213.522,8.1,19.2,0.0,0.0,0.0,0.0,274890,0.0
6875,4218.775,5095.93271,11444.64,8505.444,31233.1150223,9629.33785959,202930.933408,3213.522,8.1,19.2,0.0,0.0,0.0,0.0,276299,0.0
6876,4218.775,5095.93271,11444.64,8505.444,35003.9257088,7828.5574714,203310.90311,3213.522,8.1,19.2,0.0,0.0,0.0,0.0,278649,0.0
6877,4218.775,5095.93271,11444.64,8505.444,36466.1522982,6241.45225961,205558.781732,3213.522,8.1,19.2,0.0,0.0,0.0,0.0,280772,0.0
6878,4218.775,5095.93271,11444.64,8505.444,35569.0397159,6234.95269684,208009.393877,3213.522,8.1,19.2,0.0,0.0,0.0,0.0,282319,0.0
6879,4218.775,5095.93271,11444.64,8505.444,31764.0690984,6678.21355859,212210.418633,3656.907,176.4,19.2,0.0,0.0,0.0,0.0,283770,0.0
6880,4218.775,5095.93271,11444.64,8505.444,24781.7929306,6380.02616611,219759.315193,5696.874,252.0,19.2,0.0,0.0,0.0,0.0,286154,0.0
6881,18840.0647674,5095.93271,11444.64,8505.444,14902.6401321,6399.87235246,219932.612038,5760.594,252.0,19.2,0.0,0.0,0.0,0.0,291153,0.0
6882,36574.6534843,5095.93271,11444.64,8505.444,2518.93803762,6170.12476806,220135.473,5760.594,252.0,19.2,0.0,0.0,0.0,0.0,296477,0.0
6883,36685.0,5095.93271,11444.64,8505.444,0.0,7264.2302029,222563.988,6173.244,1312.803,1584.7180871,0.0,0.0,0.0,0.0,300630,0.0
6884,36685.0,5095.93271,11444.64,8505.444,0.0,10089.7000234,222563.988,6173.244,940.923,989.128266567,0.0,0.0,0.0,0.0,302488,0.0
6885,36685.0,5095.93271,11444.64,8505.444,0.0,11682.3425035,221499.546787,5954.094,370.8,19.2,0.0,0.0,0.0,0.0,301257,0.0
6886,32976.4386367,5095.93271,11444.64,8505.444,0.0,11586.3276533,220158.423,5760.594,252.0,19.2,0.0,0.0,0.0,0.0,295799,0.0
6887,26481.7249265,5095.93271,11444.64,8505.444,0.0,10990.7913635,219935.673,5760.594,252.0,19.2,0.0,0.0,0.0,0.0,288486,0.0
6888,21640.8359851,5095.93271,11444.64,8505.444,0.0,10162.7803049,220035.573,5760.594,252.0,19.2,0.0,0.0,0.0,0.0,282917,0.0
6889,16881.8460634,4937.13594,11444.64,8304.528,0.0,9360.91799665,221612.688,5876.244,370.8,19.2,0.0,0.0,0.0,0.0,278808,0.0
6890,13963.5572687,4937.13594,11444.64,8304.528,0.0,8768.09579133,221612.688,5876.244,484.911,19.2,0.0,0.0,0.0,0.0,275411,0.0
6891,12284.9756584,4937.13594,11444.64,8304.528,0.0,8294.78840161,221612.688,5876.244,370.8,19.2,0.0,0.0,0.0,0.0,273145,0.0
6892,12703.3322728,4937.13594,11444.64,8304.528,0.0,8000.43178719,221612.688,5876.244,370.8,19.2,0.0,0.0,0.0,0.0,273269,0.0
6893,14067.2254932,4937.13594,11444.64,8304.528,0.0,7794.42756682,221612.688,5876.244,484.911,19.2,0.0,0.0,0.0,0.0,274541,0.0
6894,15075.1022111,4937.13594,11444.64,8304.528,0.0,7989.66184886,221612.688,5876.244,370.8,19.2,0.0,0.0,0.0,0.0,275630,0.0
6895,15246.0461214,4937.13594,11444.64,8304.528,0.0,8340.71793862,221612.688,5876.244,370.8,19.2,0.0,0.0,0.0,0.0,276152,0.0
6896,10193.0976867,4937.13594,11444.64,8304.528,6117.90603071,8706.76034255,221612.688,5876.244,370.8,19.2,0.0,0.0,0.0,0.0,277583,0.0
6897,4438.885,4937.13594,11444.64,8304.528,15722.2856838,8586.39063182,218475.270744,5213.664,252.0,19.2,0.0,0.0,0.0,0.0,277394,0.0
6898,4438.885,4937.13594,11444.64,8304.528,24894.080192,7633.87688619,212217.1335,4167.12048185,176.4,19.2,0.0,0.0,0.0,0.0,278233,0.0
6899,4438.885,4937.13594,11444.64,8304.528,31708.5089637,8153.65850977,207001.321587,3065.022,8.1,19.2,0.0,0.0,0.0,0.0,279081,0.0
6900,4438.885,4937.13594,11444.64,8304.528,35194.2674126,7503.77143121,205899.450216,3065.022,8.1,19.2,0.0,0.0,0.0,0.0,280815,0.0
6901,4438.885,4937.13594,11444.64,8304.528,36775.5352976,6730.08426157,205672.869501,3065.022,8.1,19.2,0.0,0.0,0.0,0.0,281396,0.0
6902,4438.885,4937.13594,11444.64,8304.528,34759.089995,6777.44949034,207571.949575,3065.022,8.1,19.2,0.0,0.0,0.0,0.0,281326,0.0
6903,4438.885,4937.13594,11444.64,8304.528,30496.0237041,7237.9993531,208622.2185,3256.26950281,8.1,19.2,0.0,0.0,0.0,0.0,278765,0.0
6904,4438.885,4937.13594,11444.64,8304.528,23182.6496749,7815.19684789,212500.896537,4923.468,176.4,19.2,0.0,0.0,0.0,0.0,277743,0.0
6905,5916.85954533,4937.13594,11444.64,8304.528,13667.2624426,8736.53107207,221612.688,5876.244,484.911,19.2,0.0,0.0,0.0,0.0,281000,0.0
6906,22467.0696638,4937.13594,11444.64,8304.528,2429.83847362,8657.85592259,221612.688,5876.244,370.8,19.2,0.0,0.0,0.0,0.0,286120,0.0
6907,27377.1895495,4937.13594,11444.64,8304.528,0.0,10039.5745105,221612.688,5876.244,370.8,19.2,0.0,0.0,0.0,0.0,289982,0.0
6908,27899.353425,4937.13594,11444.64,8304.528,0.0,12868.0429138,221612.688,5876.244,456.167721196,19.2,0.0,0.0,0.0,0.0,293418,0.0
6909,27826.1184264,4937.13594,11444.64,8304.528,0.0,14977.6456336,221612.688,5876.244,370.8,19.2,0.0,0.0,0.0,0.0,295369,0.0
6910,24416.8780851,4937.13594,11444.64,8304.528,0.0,14760.8859749,221612.688,5876.244,370.8,19.2,0.0,0.0,0.0,0.0,291743,0.0
6911,18478.1326895,4937.13594,11444.64,8304.528,0.0,13818.6313705,221612.688,5876.244,370.8,19.2,0.0,0.0,0.0,0.0,284862,0.0
6912,13761.2536397,4937.13594,11444.64,8304.528,0.0,13530.5104203,221612.688,5876.244,370.8,19.2,0.0,0.0,0.0,0.0,279857,0.0
6913,8456.33713592,4922.69987,11444.64,8103.612,0.0,13447.7789941,222288.138,6280.794,370.8,19.2,0.0,0.0,0.0,0.0,275334,0.0
6914,4695.68,4922.69987,11444.64,8103.612,0.0,13671.9728103,221956.038,6267.15731972,252.0,19.2,0.0,0.0,0.0,0.0,271333,0.0
6915,4695.68,4922.69987,11444.64,8103.612,0.0,13738.026532,220520.277598,5688.864,252.0,19.2,0.0,0.0,0.0,0.0,269385,0.0
6916,4695.68,4922.69987,11444.64,8103.612,0.0,14406.2793054,220306.338,5832.55082457,252.0,19.2,0.0,0.0,0.0,0.0,269983,0.0
6917,4695.68,4922.69987,11444.64,8103.612,0.0,15359.4674472,219801.836683,5688.864,252.0,19.2,0.0,0.0,0.0,0.0,270288,0.0
6918,4695.68,4922.69987,11444.64,8103.612,0.0,15413.0953401,220933.49879,6023.574,252.0,19.2,0.0,0.0,0.0,0.0,271808,0.0
6919,5539.30672023,4922.69987,11444.64,8103.612,0.0,14981.8094098,222288.138,6280.794,370.8,19.2,0.0,0.0,0.0,0.0,273951,0.0
6920,4695.68,4922.69987,11444.64,8103.612,6140.83208967,14307.5888706,221086.45317,6087.294,252.0,19.2,0.0,0.0,0.0,0.0,277060,0.0
6921,4695.68,4922.69987,11444.64,8103.612,15441.5401143,12517.7896195,216720.774396,5492.664,176.4,19.2,0.0,0.0,0.0,0.0,279535,0.0
6922,4695.68,4922.69987,11444.64,8103.612,23643.3791041,10262.8151321,215167.905894,5398.668,176.4,19.2,0.0,0.0,0.0,0.0,283835,0.0
6923,4695.68,4922.69987,11444.64,8103.612,30940.0480611,10257.1433646,211608.969704,3983.607,176.4,19.2,0.0,0.0,0.0,0.0,286152,0.0
6924,4695.68,4922.69987,11444.64,8103.612,34086.5679497,11656.3630523,208815.915128,3540.222,8.1,19.2,0.0,0.0,0.0,0.0,287293,0.0
6925,4695.68,4922.69987,11444.64,8103.612,35650.5843025,11873.5787084,207655.683119,3540.222,8.1,19.2,0.0,0.0,0.0,0.0,287914,0.0
6926,4695.68,4922.69987,11444.64,8103.612,33776.4788281,11899.2672613,209253.100041,3540.222,8.1,19.2,0.0,0.0,0.0,0.0,287663,0.0
6927,4695.68,4922.69987,11444.64,8103.612,30337.698882,12360.4519204,210815.495328,3862.422,8.1,19.2,0.0,0.0,0.0,0.0,286570,0.0
6928,4695.68,4922.69987,11444.64,8103.612,23477.2069192,12164.9242401,216384.922971,5415.714,176.4,19.2,0.0,0.0,0.0,0.0,286805,0.0
6929,12481.545488,4922.69987,11444.64,8103.612,13660.170869,11338.399773,222288.138,6280.794,370.8,19.2,0.0,0.0,0.0,0.0,290910,0.0
6930,31507.5878085,4922.69987,11444.64,8103.612,2358.76078426,8930.38196203,222288.138,6280.794,292.185575226,19.2,0.0,0.0,0.0,0.0,296148,0.0
6931,36685.0,4922.69987,11444.64,8103.612,0.0,7761.22865694,224323.938,6569.88147306,370.8,19.2,0.0,0.0,0.0,0.0,300201,0.0
6932,36685.0,4922.69987,11444.64,8103.612,0.0,8504.13190286,224323.938,6826.644,962.523,1052.81122714,0.0,0.0,0.0,0.0,302826,0.0
6933,36685.0,4922.69987,11444.64,8103.612,0.0,8823.78767241,224323.938,6826.644,1215.44645759,1496.232,0.0,0.0,0.0,0.0,303842,0.0
6934,34838.8537881,4922.69987,11444.64,8103.612,0.0,10523.0623419,222288.138,6280.794,252.0,19.2,0.0,0.0,0.0,0.0,298673,0.0
6935,26280.3019616,4922.69987,11444.64,8103.612,0.0,11618.6141684,222288.138,6280.794,252.0,19.2,0.0,0.0,0.0,0.0,291210,0.0
6936,19170.6648977,4922.69987,11444.64,8103.612,0.0,13371.2512323,222288.138,6280.794,252.0,19.2,0.0,0.0,0.0,0.0,285853,0.0
6937,8085.9252605,4879.39166,11444.64,7902.696,0.0,14664.5637264,227348.838,6806.94535308,370.8,19.2,0.0,0.0,0.0,0.0,281523,0.0
6938,4732.365,4879.39166,11444.64,7902.696,0.0,15576.8820023,226528.581338,6351.444,370.8,19.2,0.0,0.0,0.0,0.0,277806,0.0
6939,4732.365,4879.39166,11444.64,7902.696,0.0,15931.2545729,224795.858767,6280.794,370.8,19.2,0.0,0.0,0.0,0.0,276357,0.0
6940,4732.365,4879.39166,11444.64,7902.696,0.0,15195.3652868,226912.098053,6351.444,370.8,19.2,0.0,0.0,0.0,0.0,277808,0.0
6941,7182.98469161,4879.39166,11444.64,7902.696,0.0,13909.8056484,227348.838,6826.644,370.8,19.2,0.0,0.0,0.0,0.0,279885,0.0
6942,10967.877117,4879.39166,11444.64,7902.696,0.0,12167.913223,227348.838,6826.644,370.8,19.2,0.0,0.0,0.0,0.0,281928,0.0
6943,12703.7601515,4879.39166,11444.64,7902.696,0.0,11650.0301885,227348.838,6826.644,370.8,19.2,0.0,0.0,0.0,0.0,283146,0.0
6944,9518.78772996,4879.39166,11444.64,7902.696,6090.74574667,10781.2568634,227348.838,6826.644,370.8,19.2,0.0,0.0,0.0,0.0,285183,0.0
6945,4732.365,4879.39166,11444.64,7902.696,15285.7255669,9215.9811266,225738.406647,6280.794,370.8,19.2,0.0,0.0,0.0,0.0,285870,0.0
6946,4732.365,4879.39166,11444.64,7902.696,24117.1626941,7979.05990957,220207.220736,5589.864,176.4,19.2,0.0,0.0,0.0,0.0,287048,0.0
6947,4732.365,4879.39166,11444.64,7902.696,29924.9908834,6585.43618986,217160.212267,5398.668,176.4,19.2,0.0,0.0,0.0,0.0,288224,0.0
6948,4732.365,4879.39166,11444.64,7902.696,33939.6939585,4593.04439889,216340.4385,4595.13048263,176.4,19.2,0.0,0.0,0.0,0.0,288623,0.0
6949,4732.365,4879.39166,11444.64,7902.696,34874.7007417,2861.69131311,216448.4385,5236.4767852,176.4,19.2,0.0,0.0,0.0,0.0,288576,0.0
6950,4732.365,4879.39166,11444.64,7902.696,32406.4960034,1704.23134108,219375.915995,5492.664,176.4,19.2,0.0,0.0,0.0,0.0,288134,0.0
6951,4732.365,4879.39166,11444.64,7902.696,28390.9281094,1153.102297,221953.812934,5688.864,252.0,19.2,0.0,0.0,0.0,0.0,286417,0.0
6952,4732.365,4879.39166,11444.64,7902.696,22205.7234232,1570.95850423,226534.781413,6351.444,370.8,19.2,0.0,0.0,0.0,0.0,286012,0.0
6953,15613.7879585,4879.39166,11444.64,7902.696,12464.8625269,2994.13985468,227348.838,6826.644,370.8,19.2,0.0,0.0,0.0,0.0,289865,0.0
6954,29724.3124665,4879.39166,11444.64,7902.696,1975.50123438,4131.9766391,227348.838,6826.644,370.8,19.2,0.0,0.0,0.0,0.0,294624,0.0
6955,33930.0422425,4879.39166,11444.64,7902.696,0.0,5326.74809748,227348.838,6826.644,370.8,19.2,0.0,0.0,0.0,0.0,298049,0.0
6956,35138.7597163,4879.39166,11444.64,7902.696,0.0,7051.03062373,227348.838,6826.644,370.8,19.2,0.0,0.0,0.0,0.0,300982,0.0
6957,34581.0362837,4879.39166,11444.64,7902.696,0.0,8040.75405629,227348.838,6826.644,370.8,19.2,0.0,0.0,0.0,0.0,301414,0.0
6958,28206.8634004,4879.39166,11444.64,7902.696,0.0,8392.92693964,227348.838,6826.644,370.8,19.2,0.0,0.0,0.0,0.0,295392,0.0
6959,20635.9543866,4879.39166,11444.64,7902.696,0.0,8477.83595343,227348.838,6826.644,370.8,19.2,0.0,0.0,0.0,0.0,287906,0.0
6960,15723.011395,4879.39166,11444.64,7902.696,0.0,7780.77894499,227348.838,6826.644,370.8,19.2,0.0,0.0,0.0,0.0,282296,0.0
6961,15359.8420883,4792.77524,11444.64,7724.104,0.0,7566.55667169,224585.838,5876.244,370.8,19.2,0.0,0.0,0.0,0.0,277740,0.0
6962,11837.6850545,4792.77524,11444.64,7724.104,0.0,7076.40147845,224688.150227,5876.244,370.8,19.2,0.0,0.0,0.0,0.0,273830,0.0
6963,10648.8212958,4792.77524,11444.64,7724.104,0.0,6799.4774642,224755.938,5876.244,370.8,19.2,0.0,0.0,0.0,0.0,272432,0.0
6964,11257.5980102,4792.77524,11444.64,7724.104,0.0,6941.70074979,224755.938,5876.244,370.8,19.2,0.0,0.0,0.0,0.0,273183,0.0
6965,13404.6788282,4792.77524,11444.64,7724.104,0.0,7049.61993182,224755.938,5876.244,370.8,19.2,0.0,0.0,0.0,0.0,275438,0.0
6966,15954.232489,4792.77524,11444.64,7724.104,0.0,6903.06627102,224755.938,5876.244,370.8,19.2,0.0,0.0,0.0,0.0,277841,0.0
6967,17323.5920692,4792.77524,11444.64,7724.104,0.0,7091.70669081,224755.938,5876.244,370.8,19.2,0.0,0.0,0.0,0.0,279399,0.0
6968,13120.1686988,4792.77524,11444.64,7724.104,6046.56685683,6984.56320435,224755.938,5876.244,370.8,19.2,0.0,0.0,0.0,0.0,281135,0.0
6969,4695.68,4792.77524,11444.64,7724.104,15284.9884391,6948.02331359,224684.545007,5876.244,370.8,19.2,0.0,0.0,0.0,0.0,281841,0.0
6970,4695.68,4792.77524,11444.64,7724.104,24072.6964803,7647.03271085,218078.807569,5114.664,176.4,19.2,0.0,0.0,0.0,0.0,283766,0.0
6971,4695.68,4792.77524,11444.64,7724.104,30031.1061799,7691.13835829,214382.949222,3557.007,176.4,19.2,0.0,0.0,0.0,0.0,284515,0.0
6972,4695.68,4792.77524,11444.64,7724.104,32844.9118586,7105.58871132,212348.29319,3508.407,176.4,19.2,0.0,0.0,0.0,0.0,284660,0.0
6973,4695.68,4792.77524,11444.64,7724.104,33586.1010797,6210.38673751,211982.305943,3508.407,176.4,19.2,0.0,0.0,0.0,0.0,284140,0.0
6974,4695.68,4792.77524,11444.64,7724.104,31167.9502386,5524.87366296,214363.4085,3604.96835844,176.4,19.2,0.0,0.0,0.0,0.0,283514,0.0
6975,4695.68,4792.77524,11444.64,7724.104,28065.8552133,5174.50276929,214525.4085,4507.43427742,176.4,19.2,0.0,0.0,0.0,0.0,281126,0.0
6976,4695.68,4792.77524,11444.64,7724.104,21256.5932869,6422.8821207,218833.061352,5213.664,176.4,19.2,0.0,0.0,0.0,0.0,280579,0.0
6977,9613.25241025,4792.77524,11444.64,7724.104,11323.4377414,8293.60860838,224755.938,5876.244,370.8,19.2,0.0,0.0,0.0,0.0,284214,0.0
6978,24061.2596141,4792.77524,11444.64,7724.104,2055.09716557,8088.94198036,224755.938,5876.244,370.8,19.2,0.0,0.0,0.0,0.0,289189,0.0
6979,29184.4160891,4792.77524,11444.64,7724.104,0.0,7950.88267091,224755.938,5876.244,370.8,19.2,0.0,0.0,0.0,0.0,292119,0.0
6980,30650.7377728,4792.77524,11444.64,7724.104,0.0,9362.56098723,224755.938,5876.244,370.8,19.2,0.0,0.0,0.0,0.0,294997,0.0
6981,29531.5571903,4792.77524,11444.64,7724.104,0.0,10500.7415697,224755.938,5876.244,370.8,19.2,0.0,0.0,0.0,0.0,295016,0.0
6982,22144.9978003,4792.77524,11444.64,7724.104,0.0,11777.3009597,224755.938,5876.244,370.8,19.2,0.0,0.0,0.0,0.0,288906,0.0
6983,13748.4718089,4792.77524,11444.64,7724.104,0.0,12721.8269511,224755.938,5876.244,370.8,19.2,0.0,0.0,0.0,0.0,281454,0.0
6984,8662.36658032,4792.77524,11444.64,7724.104,0.0,12908.9321797,224755.938,5876.244,370.8,19.2,0.0,0.0,0.0,0.0,276555,0.0
6985,13339.1251594,4590.67026,11444.64,7545.512,0.0,12769.0595806,216430.938,5734.944,484.911,19.2,0.0,0.0,0.0,0.0,272359,0.0
6986,10599.9733142,4590.67026,11444.64,7545.512,0.0,11975.3224258,216430.938,5734.944,370.8,19.2,0.0,0.0,0.0,0.0,268712,0.0
6987,9591.26263255,4590.67026,11444.64,7545.512,0.0,11314.9221074,216430.938,5734.944,484.911,19.2,0.0,0.0,0.0,0.0,267157,0.0
6988,12096.413482,4590.67026,11444.64,7545.512,0.0,8843.77125798,216430.938,5734.944,484.911,19.2,0.0,0.0,0.0,0.0,267191,0.0
6989,14249.9572828,4590.67026,11444.64,7545.512,0.0,7063.74605093,216430.938,5734.944,395.39240632,19.2,0.0,0.0,0.0,0.0,267475,0.0
6990,15639.3677579,4590.67026,11444.64,7545.512,0.0,6097.81698212,216430.938,5734.944,484.911,19.2,0.0,0.0,0.0,0.0,267988,0.0
6991,16477.6549574,4590.67026,11444.64,7545.512,0.0,5905.64078257,216430.938,5734.944,370.8,19.2,0.0,0.0,0.0,0.0,268520,0.0
6992,11137.733976,4590.67026,11444.64,7545.512,5963.83083507,5862.61992892,216430.938,5734.944,484.911,19.2,0.0,0.0,0.0,0.0,269215,0.0
6993,4072.035,4590.67026,11444.64,7545.512,14979.8820922,5333.21276047,215684.403887,5541.444,252.0,19.2,0.0,0.0,0.0,0.0,269463,0.0
6994,4072.035,4590.67026,11444.64,7545.512,22992.7711502,6134.28887327,210044.664717,4852.818,176.4,19.2,0.0,0.0,0.0,0.0,271873,0.0
6995,4072.035,4590.67026,11444.64,7545.512,29016.7387963,7824.25189605,205702.040048,3367.512,176.4,19.2,0.0,0.0,0.0,0.0,273759,0.0
6996,4072.035,4590.67026,11444.64,7545.512,32450.7098421,8673.44643332,202823.314465,2994.372,8.1,19.2,0.0,0.0,0.0,0.0,274622,0.0
6997,4072.035,4590.67026,11444.64,7545.512,33103.9891925,9169.80289102,200795.678656,2994.372,8.1,19.2,0.0,0.0,0.0,0.0,273744,0.0
6998,4072.035,4590.67026,11444.64,7545.512,30739.3416504,9854.00877306,200914.120317,2994.372,8.1,19.2,0.0,0.0,0.0,0.0,272182,0.0
6999,4072.035,4590.67026,11444.64,7545.512,27874.6568313,11324.7145514,198848.099357,2994.372,8.1,19.2,0.0,0.0,0.0,0.0,268722,0.0
7000,4072.035,4590.67026,11444.64,7545.512,21292.4544667,12615.7804583,201653.235815,2994.372,8.1,19.2,0.0,0.0,0.0,0.0,266236,0.0
7001,4072.035,4590.67026,11444.64,7545.512,11906.5559471,13711.4640841,210402.704709,4852.818,176.4,19.2,0.0,0.0,0.0,0.0,268722,0.0
7002,12354.5249346,4590.67026,11444.64,7545.512,1957.68030049,11978.9795049,216430.938,5734.944,484.911,19.2,0.0,0.0,0.0,0.0,272542,0.0
7003,17610.9075012,4590.67026,11444.64,7545.512,0.0,11868.2772388,216430.938,5734.944,484.911,19.2,0.0,0.0,0.0,0.0,275730,0.0
7004,20921.9570744,4590.67026,11444.64,7545.512,0.0,13173.3386656,216430.938,5734.944,370.8,19.2,0.0,0.0,0.0,0.0,280232,0.0
7005,22150.6564685,4590.67026,11444.64,7545.512,0.0,14202.6392715,216430.938,5734.944,370.8,19.2,0.0,0.0,0.0,0.0,282490,0.0
7006,17820.680554,4590.67026,11444.64,7545.512,0.0,14252.504186,216430.938,5734.944,484.911,19.2,0.0,0.0,0.0,0.0,278324,0.0
7007,13517.3840232,4590.67026,11444.64,7545.512,0.0,13635.9117168,216430.938,5734.944,370.8,19.2,0.0,0.0,0.0,0.0,273290,0.0
7008,11567.5046818,4590.67026,11444.64,7545.512,0.0,12388.7910582,216430.938,5734.944,370.8,19.2,0.0,0.0,0.0,0.0,270093,0.0
7009,4125.18490766,4446.30956,11444.64,7344.596,0.0,11851.9375323,221060.088,5876.244,370.8,19.2,0.0,0.0,0.0,0.0,266539,0.0
7010,3998.665,4446.30956,11444.64,7344.596,0.0,10730.3677548,219588.127685,5612.094,252.0,19.2,0.0,0.0,0.0,0.0,263436,0.0
7011,3998.665,4446.30956,11444.64,7344.596,0.0,9823.48414785,218941.011292,5612.094,252.0,19.2,0.0,0.0,0.0,0.0,261882,0.0
7012,3998.665,4446.30956,11444.64,7344.596,0.0,8896.11915821,220066.076282,5805.594,370.8,19.2,0.0,0.0,0.0,0.0,262392,0.0
7013,4827.6133956,4446.30956,11444.64,7344.596,0.0,8671.5090444,221060.088,5876.244,370.8,19.2,0.0,0.0,0.0,0.0,264061,0.0
7014,7348.45832708,4446.30956,11444.64,7344.596,0.0,9078.66411292,221060.088,5876.244,370.8,19.2,0.0,0.0,0.0,0.0,266989,0.0
7015,9288.07863375,4446.30956,11444.64,7344.596,0.0,9691.04380625,221060.088,5876.244,370.8,19.2,0.0,0.0,0.0,0.0,269541,0.0
7016,5323.08286812,4446.30956,11444.64,7344.596,5780.22749568,10543.3238258,221060.088,5876.244,385.288250349,19.2,0.0,0.0,0.0,0.0,272223,0.0
7017,3998.665,4446.30956,11444.64,7344.596,13859.5357791,9964.06184286,217772.327818,5213.664,252.0,19.2,0.0,0.0,0.0,0.0,274315,0.0
7018,3998.665,4446.30956,11444.64,7344.596,21641.802562,11410.5413599,211884.3135,4480.53201805,176.4,19.2,0.0,0.0,0.0,0.0,276847,0.0
7019,3998.665,4446.30956,11444.64,7344.596,27323.1041793,12336.2777589,208235.3985,3258.70900181,8.1,19.2,0.0,0.0,0.0,0.0,278415,0.0
7020,3998.665,4446.30956,11444.64,7344.596,29558.9984916,11899.6171593,207554.9985,3121.8752891,8.1,19.2,0.0,0.0,0.0,0.0,279397,0.0
7021,3998.665,4446.30956,11444.64,7344.596,32437.2058635,10437.5615315,206451.700045,3065.022,8.1,19.2,0.0,0.0,0.0,0.0,279653,0.0
7022,3998.665,4446.30956,11444.64,7344.596,28942.2695092,9587.97999643,209820.532934,3508.407,176.4,19.2,0.0,0.0,0.0,0.0,279289,0.0
7023,3998.665,4446.30956,11444.64,7344.596,26356.3242595,9227.97625791,211553.481923,3508.407,176.4,19.2,0.0,0.0,0.0,0.0,278076,0.0
7024,3998.665,4446.30956,11444.64,7344.596,19028.5347837,10873.0991375,215699.891519,5114.664,176.4,19.2,0.0,0.0,0.0,0.0,278146,0.0
7025,8886.72193239,4446.30956,11444.64,7344.596,10557.7143171,12365.6861905,221060.088,5876.244,370.8,19.2,0.0,0.0,0.0,0.0,282372,0.0
7026,24365.4096619,4446.30956,11444.64,7344.596,1667.34697819,11735.3657999,221060.088,5876.244,370.8,19.2,0.0,0.0,0.0,0.0,288330,0.0
7027,30828.4218116,4446.30956,11444.64,7344.596,0.0,11817.7006284,221060.088,5876.244,370.8,19.2,0.0,0.0,0.0,0.0,293208,0.0
7028,32911.4809312,4446.30956,11444.64,7344.596,0.0,13951.6415088,221060.088,5876.244,370.8,19.2,0.0,0.0,0.0,0.0,297425,0.0
7029,31566.0068635,4446.30956,11444.64,7344.596,0.0,15948.1155765,221060.088,5876.244,370.8,19.2,0.0,0.0,0.0,0.0,298076,0.0
7030,24226.0236851,4446.30956,11444.64,7344.596,0.0,17506.0987549,221060.088,5876.244,370.8,19.2,0.0,0.0,0.0,0.0,292294,0.0
7031,16445.6055785,4446.30956,11444.64,7344.596,0.0,18430.5168615,221060.088,5876.244,370.8,19.2,0.0,0.0,0.0,0.0,285438,0.0
7032,11596.0152035,4446.30956,11444.64,7344.596,0.0,19046.1072365,221060.088,5876.244,370.8,19.2,0.0,0.0,0.0,0.0,281204,0.0
7033,3705.185,4330.821,11444.64,7166.004,0.0,19577.6674925,224664.238507,6351.444,370.8,19.2,0.0,0.0,0.0,0.0,277630,0.0
7034,3705.185,4330.821,11444.64,7166.004,0.0,19863.3941565,221775.461844,6087.294,252.0,19.2,0.0,0.0,0.0,0.0,274644,0.0
7035,3705.185,4330.821,11444.64,7166.004,0.0,20763.3712029,220142.514797,5688.864,176.4,19.2,0.0,0.0,0.0,0.0,273437,0.0
7036,3705.185,4330.821,11444.64,7166.004,0.0,20443.0472372,221289.138,5898.96476284,252.0,19.2,0.0,0.0,0.0,0.0,274549,0.0
7037,3705.185,4330.821,11444.64,7166.004,0.0,20120.169186,223022.386814,6280.794,370.8,19.2,0.0,0.0,0.0,0.0,276460,0.0
7038,3705.185,4330.821,11444.64,7166.004,0.0,20595.4106647,224505.145335,6280.794,370.8,19.2,0.0,0.0,0.0,0.0,278418,0.0
7039,3705.185,4330.821,11444.64,7166.004,0.0,21344.8044734,225187.938,6573.60752659,370.8,19.2,0.0,0.0,0.0,0.0,280143,0.0
7040,3705.185,4330.821,11444.64,7166.004,6027.32456797,21690.5528936,221682.978538,6087.294,252.0,19.2,0.0,0.0,0.0,0.0,282406,0.0
7041,3705.185,4330.821,11444.64,7166.004,15939.6098395,20383.4948781,214773.8085,4984.83678236,176.4,19.2,0.0,0.0,0.0,0.0,282924,0.0
7042,3705.185,4330.821,11444.64,7166.004,25251.4145464,25303.0900071,203969.323446,3540.222,8.1,19.2,0.0,0.0,0.0,0.0,284738,0.0
7043,3705.185,4330.821,11444.64,7166.004,32122.7778077,30468.9839257,193036.066267,3540.222,8.1,19.2,0.0,0.0,0.0,0.0,285842,0.0
7044,3705.185,4330.821,11444.64,7166.004,36038.6304218,31526.2521715,188514.945407,3540.222,8.1,19.2,0.0,0.0,0.0,0.0,286294,0.0
7045,3705.185,4330.821,11444.64,7166.004,37286.2734108,29705.2921987,188950.26239,3540.222,8.1,19.2,0.0,0.0,0.0,0.0,286156,0.0
7046,3705.185,4330.821,11444.64,7166.004,36068.6002236,26470.8436202,193319.384156,3540.222,8.1,19.2,0.0,0.0,0.0,0.0,286073,0.0
7047,3705.185,4330.821,11444.64,7166.004,31865.8832676,23474.7591766,198952.185556,3540.222,8.1,19.2,0.0,0.0,0.0,0.0,284507,0.0
7048,3705.185,4330.821,11444.64,7166.004,24871.8615938,20876.0026579,209014.963748,3540.222,8.1,19.2,0.0,0.0,0.0,0.0,284977,0.0
7049,3705.185,4330.821,11444.64,7166.004,15001.140921,18756.3200959,223992.094983,6280.794,370.8,19.2,0.0,0.0,0.0,0.0,291067,0.0
7050,24902.8371841,4330.821,11444.64,7166.004,3456.89182365,15299.2239922,225187.938,6826.644,370.8,19.2,0.0,0.0,0.0,0.0,299005,0.0
7051,35288.6484218,4330.821,11444.64,7166.004,0.0,14760.3045782,225187.938,6826.644,370.8,19.2,0.0,0.0,0.0,0.0,305395,0.0
7052,36685.0,4330.821,11444.64,7166.004,0.0,16732.0283874,225187.938,6826.644,967.293,1421.63161255,0.0,0.0,0.0,0.0,310762,0.0
7053,36685.0,4330.821,11444.64,7166.004,0.0,18587.7080613,225187.938,6826.644,736.911,205.333938719,0.0,0.0,0.0,0.0,311171,0.0
7054,27861.6917386,4330.821,11444.64,7166.004,0.0,19513.2612614,225187.938,6826.644,370.8,19.2,0.0,0.0,0.0,0.0,302721,0.0
7055,18756.2166575,4330.821,11444.64,7166.004,0.0,18957.7363425,225187.938,6826.644,370.8,19.2,0.0,0.0,0.0,0.0,293060,0.0
7056,12555.879798,4330.821,11444.64,7166.004,0.0,18064.8726552,225187.938,6649.84454682,370.8,19.2,0.0,0.0,0.0,0.0,285790,0.0
7057,6928.25326964,4215.33244,11444.64,7076.708,0.0,17185.5732904,225966.438,6499.944,484.911,19.2,0.0,0.0,0.0,0.0,279821,0.0
7058,3411.705,4215.33244,11444.64,7076.708,0.0,16149.5779228,225966.438,6371.59863719,370.8,19.2,0.0,0.0,0.0,0.0,275026,0.0
7059,3411.705,4215.33244,11444.64,7076.708,0.0,14976.2103418,225190.188,6155.21621815,370.8,19.2,0.0,0.0,0.0,0.0,272860,0.0
7060,4908.53372969,4215.33244,11444.64,7076.708,0.0,13703.4038303,225966.438,6499.944,370.8,19.2,0.0,0.0,0.0,0.0,274205,0.0
7061,6298.50518517,4215.33244,11444.64,7076.708,0.0,14027.4323748,225966.438,6499.944,370.8,19.2,0.0,0.0,0.0,0.0,275919,0.0
7062,6932.82193018,4215.33244,11444.64,7076.708,0.0,14594.1156298,225966.438,6499.944,370.8,19.2,0.0,0.0,0.0,0.0,277120,0.0
7063,6203.05480519,4215.33244,11444.64,7076.708,0.0,15951.8827548,225966.438,6499.944,370.8,19.2,0.0,0.0,0.0,0.0,277748,0.0
7064,3411.705,4215.33244,11444.64,7076.708,5960.20171671,16767.8561824,223176.912661,6117.444,252.0,19.2,0.0,0.0,0.0,0.0,278442,0.0
7065,3411.705,4215.33244,11444.64,7076.708,15694.2593487,16247.5437618,214369.954449,3820.257,176.4,19.2,0.0,0.0,0.0,0.0,276476,0.0
7066,3411.705,4215.33244,11444.64,7076.708,24665.5304336,21550.417896,201051.49423,3376.872,8.1,19.2,0.0,0.0,0.0,0.0,276820,0.0
7067,3411.705,4215.33244,11444.64,7076.708,31339.5476213,24289.9763086,193556.91863,3376.872,8.1,19.2,0.0,0.0,0.0,0.0,278739,0.0
7068,3411.705,4215.33244,11444.64,7076.708,34192.5878076,21566.2700052,195497.584747,3376.872,8.1,19.2,0.0,0.0,0.0,0.0,280809,0.0
7069,3411.705,4215.33244,11444.64,7076.708,35451.397632,17045.0474951,198884.997433,3376.872,8.1,19.2,0.0,0.0,0.0,0.0,280934,0.0
7070,3411.705,4215.33244,11444.64,7076.708,33490.93729,14231.3876069,203608.117663,3376.872,8.1,19.2,0.0,0.0,0.0,0.0,280883,0.0
7071,3411.705,4215.33244,11444.64,7076.708,29614.6748511,13226.7959595,205974.971749,3376.872,8.1,19.2,0.0,0.0,0.0,0.0,278369,0.0
7072,3411.705,4215.33244,11444.64,7076.708,21789.8254874,13345.0709822,212069.4435,3699.072,54.0025903785,19.2,0.0,0.0,0.0,0.0,277125,0.0
7073,3411.705,4215.33244,11444.64,7076.708,12613.5734254,12608.3216011,224023.275533,6117.444,370.8,19.2,0.0,0.0,0.0,0.0,281901,0.0
7074,21515.1188628,4215.33244,11444.64,7076.708,1643.84892898,10013.7418584,225966.438,6499.944,448.027909788,19.2,0.0,0.0,0.0,0.0,288843,0.0
7075,29819.589933,4215.33244,11444.64,7076.708,0.0,9006.34762701,225966.438,6499.944,370.8,19.2,0.0,0.0,0.0,0.0,294419,0.0
7076,34647.6715177,4215.33244,11444.64,7076.708,0.0,9440.26604228,225966.438,6499.944,370.8,19.2,0.0,0.0,0.0,0.0,299681,0.0
7077,36105.4532239,4215.33244,11444.64,7076.708,0.0,9371.48433613,225966.438,6499.944,370.8,19.2,0.0,0.0,0.0,0.0,301070,0.0
7078,28289.3082811,4215.33244,11444.64,7076.708,0.0,9311.62927889,225966.438,6499.944,370.8,19.2,0.0,0.0,0.0,0.0,293194,0.0
7079,19598.2320318,4215.33244,11444.64,7076.708,0.0,9215.70552817,225966.438,6499.944,370.8,19.2,0.0,0.0,0.0,0.0,284407,0.0
7080,13536.4160298,4215.33244,11444.64,7076.708,0.0,8656.52153022,225966.438,6499.944,370.8,19.2,0.0,0.0,0.0,0.0,277786,0.0
7081,16982.3461852,4157.58816,11444.64,7076.708,0.0,8320.42465482,217906.938,5876.244,484.911,19.2,0.0,0.0,0.0,0.0,272269,0.0
7082,12742.9691863,4157.58816,11444.64,7076.708,0.0,7464.91265373,217906.938,5876.244,370.8,19.2,0.0,0.0,0.0,0.0,267060,0.0
7083,11021.8672417,4157.58816,11444.64,7076.708,0.0,7038.01459827,217906.938,5876.244,370.8,19.2,0.0,0.0,0.0,0.0,264912,0.0
7084,13493.2081368,4157.58816,11444.64,7076.708,0.0,6076.67370318,217906.938,5876.244,370.8,19.2,0.0,0.0,0.0,0.0,266422,0.0
7085,15074.9722857,4157.58816,11444.64,7076.708,0.0,6224.90955434,217906.938,5876.244,370.8,19.2,0.0,0.0,0.0,0.0,268152,0.0
7086,16203.0023676,4157.58816,11444.64,7076.708,0.0,6640.87947239,217906.938,5876.244,370.8,19.2,0.0,0.0,0.0,0.0,269696,0.0
7087,16328.6772553,4157.58816,11444.64,7076.708,0.0,7599.20458473,217906.938,5876.244,370.8,19.2,0.0,0.0,0.0,0.0,270780,0.0
7088,9940.79765449,4157.58816,11444.64,7076.708,5951.66027194,8240.31291356,217906.938,5876.244,484.911,19.2,0.0,0.0,0.0,0.0,271099,0.0
7089,3085.2085,4157.58816,11444.64,7076.708,15520.001756,8170.55831299,212870.231271,5017.464,176.4,19.2,0.0,0.0,0.0,0.0,267538,0.0
7090,3085.2085,4157.58816,11444.64,7076.708,24430.7774421,11202.4482515,200027.307646,3065.022,8.1,19.2,0.0,0.0,0.0,0.0,264517,0.0
7091,3085.2085,4157.58816,11444.64,7076.708,30419.5259432,14526.2731183,188206.734278,3065.022,8.1,19.2,0.0,0.0,0.0,0.0,262009,0.0
7092,3085.2085,4157.58816,11444.64,7076.708,33381.1215847,14244.2315334,183695.180222,3065.022,8.1,19.2,0.0,0.0,0.0,0.0,260177,0.0
7093,3085.2085,4157.58816,11444.64,7076.708,34874.1429054,13150.2846976,181391.005737,2938.122,8.1,19.2,0.0,0.0,0.0,0.0,258145,0.0
7094,3085.2085,4157.58816,11444.64,7076.708,30890.4864269,13026.7943048,183833.252608,3065.022,8.1,19.2,0.0,0.0,0.0,0.0,256607,0.0
7095,3085.2085,4157.58816,11444.64,7076.708,25000.6370002,13277.4017697,186483.49457,3065.022,8.1,19.2,0.0,0.0,0.0,0.0,253618,0.0
7096,3085.2085,4157.58816,11444.64,7076.708,18760.7806921,12303.5106465,193240.242001,3065.022,8.1,19.2,0.0,0.0,0.0,0.0,253161,0.0
7097,3085.2085,4157.58816,11444.64,7076.708,10534.4095997,11913.985677,206137.938063,3387.222,8.1,19.2,0.0,0.0,0.0,0.0,257765,0.0
7098,5805.78975207,4157.58816,11444.64,7076.708,1401.77287342,10353.2082145,217906.938,5876.244,484.911,19.2,0.0,0.0,0.0,0.0,264527,0.0
7099,15397.7979045,4157.58816,11444.64,7076.708,0.0,9202.62030311,217906.938,5876.244,483.263632418,19.2,0.0,0.0,0.0,0.0,271565,0.0
7100,22213.570739,4157.58816,11444.64,7076.708,0.0,9290.31110096,217906.938,5876.244,370.8,19.2,0.0,0.0,0.0,0.0,278356,0.0
7101,24303.7753052,4157.58816,11444.64,7076.708,0.0,8708.10653484,217906.938,5876.244,370.8,19.2,0.0,0.0,0.0,0.0,279864,0.0
7102,20754.9670606,4157.58816,11444.64,7076.708,0.0,6988.91477943,217906.938,5876.244,370.8,19.2,0.0,0.0,0.0,0.0,274596,0.0
7103,16058.7962992,4157.58816,11444.64,7076.708,0.0,5127.08554081,217906.938,5876.244,370.8,19.2,0.0,0.0,0.0,0.0,268038,0.0
7104,11634.0049264,4157.58816,11444.64,7076.708,0.0,3926.87691355,217906.938,5876.244,370.8,19.2,0.0,0.0,0.0,0.0,262413,0.0
7105,11823.268662,4085.40781,11444.64,7054.384,0.0,3592.55752797,212866.938,5543.604,252.0,19.2,0.0,0.0,0.0,0.0,256682,0.0
7106,6522.32876228,4085.40781,11444.64,7054.384,0.0,3784.69742772,212866.938,5543.604,370.8,19.2,0.0,0.0,0.0,0.0,251692,0.0
7107,3749.33154567,4085.40781,11444.64,7054.384,0.0,4305.69464433,212866.938,5543.604,370.8,19.2,0.0,0.0,0.0,0.0,249440,0.0
7108,5078.10410856,4085.40781,11444.64,7054.384,0.0,4438.92208144,212866.938,5543.604,370.8,19.2,0.0,0.0,0.0,0.0,250902,0.0
7109,6056.67352053,4085.40781,11444.64,7054.384,0.0,4755.35266947,212866.938,5543.604,370.8,19.2,0.0,0.0,0.0,0.0,252197,0.0
7110,6995.79282852,4085.40781,11444.64,7054.384,0.0,5001.23336148,212866.938,5543.604,370.8,19.2,0.0,0.0,0.0,0.0,253382,0.0
7111,8053.8693714,4085.40781,11444.64,7054.384,0.0,5515.1568186,212866.938,5543.604,370.8,19.2,0.0,0.0,0.0,0.0,254954,0.0
7112,2931.29722234,4085.40781,11444.64,7054.384,5517.51600017,5629.6981627,212866.938,5543.604,323.314804781,19.2,0.0,0.0,0.0,0.0,255416,0.0
7113,2868.767,4085.40781,11444.64,7054.384,14343.3407584,4669.76295958,206041.1085,3473.98897201,176.4,19.2,0.0,0.0,0.0,0.0,254177,0.0
7114,2868.767,4085.40781,11444.64,7054.384,22256.3699757,3904.57554126,199779.853673,2898.702,8.1,19.2,0.0,0.0,0.0,0.0,254320,0.0
7115,2868.767,4085.40781,11444.64,7054.384,28800.2379719,5028.03750799,192653.52371,2898.702,8.1,19.2,0.0,0.0,0.0,0.0,254861,0.0
7116,2868.767,4085.40781,11444.64,7054.384,31866.5104091,4483.1283283,189777.160453,2898.702,8.1,19.2,0.0,0.0,0.0,0.0,254506,0.0
7117,2868.767,4085.40781,11444.64,7054.384,32050.5164853,3577.75771271,190087.524992,2898.702,8.1,19.2,0.0,0.0,0.0,0.0,254095,0.0
7118,2868.767,4085.40781,11444.64,7054.384,28446.3826848,2846.41650058,193634.000005,2898.702,8.1,19.2,0.0,0.0,0.0,0.0,253306,0.0
7119,2868.767,4085.40781,11444.64,7054.384,24445.5525924,2602.95489471,195635.291703,2898.702,8.1,19.2,0.0,0.0,0.0,0.0,251063,0.0
7120,2868.767,4085.40781,11444.64,7054.384,16950.096736,2511.43621878,203483.581235,3342.087,176.4,19.2,0.0,0.0,0.0,0.0,251936,0.0
7121,5857.4278199,4085.40781,11444.64,7054.384,8147.10753879,2631.49083131,212866.938,5543.604,370.8,19.2,0.0,0.0,0.0,0.0,258021,0.0
7122,19701.0816748,4085.40781,11444.64,7054.384,1053.30064739,3323.64386784,212866.938,5543.604,370.8,19.2,0.0,0.0,0.0,0.0,265463,0.0
7123,27847.8431476,4085.40781,11444.64,7054.384,0.0,4236.18304238,212866.938,5543.604,370.8,19.2,0.0,0.0,0.0,0.0,273469,0.0
7124,33562.656337,4085.40781,11444.64,7054.384,0.0,5404.369853,212866.938,5543.604,370.8,19.2,0.0,0.0,0.0,0.0,280352,0.0
7125,34325.0137193,4085.40781,11444.64,7054.384,0.0,5768.01247068,212866.938,5543.604,370.8,19.2,0.0,0.0,0.0,0.0,281478,0.0
7126,27698.0686221,4085.40781,11444.64,7054.384,0.0,5785.95756792,212866.938,5543.604,370.8,19.2,0.0,0.0,0.0,0.0,274869,0.0
7127,19745.3119081,4085.40781,11444.64,7054.384,0.0,5451.7142819,212866.938,5543.604,370.8,19.2,0.0,0.0,0.0,0.0,266582,0.0
7128,12825.2135499,4085.40781,11444.64,7054.384,0.0,5074.81264014,212866.938,5543.604,370.8,19.2,0.0,0.0,0.0,0.0,259285,0.0
7129,16294.1731888,3998.79139,11444.64,6987.412,0.0,5060.66142117,205390.638,4551.084,176.4,19.2,0.0,0.0,0.0,0.0,253923,0.0
7130,12239.9110979,3998.79139,11444.64,6987.412,0.0,5027.32351207,205390.638,4551.084,252.0,19.2,0.0,0.0,0.0,0.0,249911,0.0
7131,11185.8225058,3998.79139,11444.64,6987.412,0.0,5116.01210422,205390.638,4551.084,176.4,19.2,0.0,0.0,0.0,0.0,248870,0.0
7132,13643.8850674,3998.79139,11444.64,6987.412,0.0,4567.94954258,205390.638,4551.084,176.4,19.2,0.0,0.0,0.0,0.0,250780,0.0
7133,15466.7478847,3998.79139,11444.64,6987.412,0.0,4274.08672533,205390.638,4551.084,176.4,19.2,0.0,0.0,0.0,0.0,252309,0.0
7134,17698.7149641,3998.79139,11444.64,6987.412,0.0,4445.11964594,205390.638,4551.084,176.4,19.2,0.0,0.0,0.0,0.0,254712,0.0
7135,19324.2645685,3998.79139,11444.64,6987.412,0.0,5074.57004153,205390.638,4551.084,176.4,19.2,0.0,0.0,0.0,0.0,256967,0.0
7136,14395.9616467,3998.79139,11444.64,6987.412,4588.47486844,6427.39809484,205390.638,4551.084,176.4,19.2,0.0,0.0,0.0,0.0,257980,0.0
7137,5498.11451332,3998.79139,11444.64,6987.412,11548.2589552,7030.46114153,205390.638,4551.084,176.4,19.2,0.0,0.0,0.0,0.0,256645,0.0
7138,2703.6845,3998.79139,11444.64,6987.412,17022.0968053,6089.34283065,203878.548474,4354.884,176.4,19.2,0.0,0.0,0.0,0.0,256675,0.0
7139,2703.6845,3998.79139,11444.64,6987.412,21034.9845542,7126.28399281,199329.776563,2845.827,176.4,19.2,0.0,0.0,0.0,0.0,255667,0.0
7140,2703.6845,3998.79139,11444.64,6987.412,24323.8471605,8724.53054078,193306.352409,2402.442,8.1,19.2,0.0,0.0,0.0,0.0,253919,0.0
7141,2703.6845,3998.79139,11444.64,6987.412,26583.9223979,9286.9520202,188241.855692,2402.442,8.1,19.2,0.0,0.0,0.0,0.0,251677,0.0
7142,2703.6845,3998.79139,11444.64,6987.412,23454.3467051,9555.91488004,188987.468525,2402.442,8.1,19.2,0.0,0.0,0.0,0.0,249562,0.0
7143,2703.6845,3998.79139,11444.64,6987.412,15330.1714984,10031.5171566,193959.041455,2402.442,8.1,19.2,0.0,0.0,0.0,0.0,246885,0.0
7144,2703.6845,3998.79139,11444.64,6987.412,13505.0207932,9805.0716533,196053.637664,2402.442,8.1,19.2,0.0,0.0,0.0,0.0,246928,0.0
7145,5506.34762545,3998.79139,11444.64,6987.412,6001.1833184,7672.30366614,205390.638,4551.084,176.4,19.2,0.0,0.0,0.0,0.0,251748,0.0
7146,18225.9714508,3998.79139,11444.64,6987.412,1091.78536121,6038.63442102,205390.638,4551.084,251.843376937,19.2,0.0,0.0,0.0,0.0,258000,0.0
7147,24205.6329545,3998.79139,11444.64,6987.412,0.0,6748.60165554,205390.638,4551.084,252.0,19.2,0.0,0.0,0.0,0.0,263598,0.0
7148,25262.2079626,3998.79139,11444.64,6987.412,0.0,9841.02664741,205390.638,4551.084,252.0,19.2,0.0,0.0,0.0,0.0,267747,0.0
7149,21008.1600581,3998.79139,11444.64,6987.412,0.0,13437.6745519,205390.638,4551.084,176.4,19.2,0.0,0.0,0.0,0.0,267014,0.0
7150,11434.3428114,3998.79139,11444.64,6987.412,0.0,16066.4917986,205390.638,4551.084,176.4,19.2,0.0,0.0,0.0,0.0,260069,0.0
7151,2703.6845,3998.79139,11444.64,6987.412,0.0,17202.059996,204629.728114,4452.084,176.4,19.2,0.0,0.0,0.0,0.0,251614,0.0
7152,2703.6845,3998.79139,11444.64,6987.412,0.0,17182.5404077,199439.504702,2845.827,176.4,19.2,0.0,0.0,0.0,0.0,244798,0.0
7153,2476.2375,3955.48318,11444.64,6920.44,0.0,16680.2027843,194097.508536,4161.888,176.4,19.2,0.0,0.0,0.0,0.0,239932,0.0
7154,2476.2375,3955.48318,11444.64,6920.44,0.0,15860.9384756,192520.833844,2746.827,176.4,19.2,0.0,0.0,0.0,0.0,236121,0.0
7155,2476.2375,3955.48318,11444.64,6920.44,0.0,15062.0118506,191326.760469,2746.827,176.4,19.2,0.0,0.0,0.0,0.0,234128,0.0
7156,2476.2375,3955.48318,11444.64,6920.44,0.0,14372.1049011,192763.667419,2746.827,176.4,19.2,0.0,0.0,0.0,0.0,234875,0.0
7157,2476.2375,3955.48318,11444.64,6920.44,0.0,14539.1198448,193457.673,3984.80647525,176.4,19.2,0.0,0.0,0.0,0.0,236974,0.0
7158,3969.68936659,3955.48318,11444.64,6920.44,0.0,14450.2904534,194659.173,4353.084,252.0,19.2,0.0,0.0,0.0,0.0,240024,0.0
7159,6743.21488872,3955.48318,11444.64,6920.44,0.0,14401.7649313,194659.173,4353.084,252.0,19.2,0.0,0.0,0.0,0.0,242749,0.0
7160,4049.53259757,3955.48318,11444.64,6920.44,4508.03924172,14690.0079807,194659.173,4353.084,176.4,19.2,0.0,0.0,0.0,0.0,244776,0.0
7161,2476.2375,3955.48318,11444.64,6920.44,11536.0865578,13631.1301442,192207.555618,2746.827,176.4,19.2,0.0,0.0,0.0,0.0,245114,0.0
7162,2476.2375,3955.48318,11444.64,6920.44,17893.1387827,10915.8581926,189028.460345,2303.442,8.1,19.2,0.0,0.0,0.0,0.0,244965,0.0
7163,2476.2375,3955.48318,11444.64,6920.44,22178.9891964,10689.0290915,184265.439032,2303.442,8.1,19.2,0.0,0.0,0.0,0.0,244261,0.0
7164,2476.2375,3955.48318,11444.64,6920.44,25717.5564545,8893.0659757,181588.83489,2303.442,8.1,19.2,0.0,0.0,0.0,0.0,243327,0.0
7165,2476.2375,3955.48318,11444.64,6920.44,29008.0581792,6189.65305623,179738.746085,2303.442,8.1,19.2,0.0,0.0,0.0,0.0,242064,0.0
7166,2476.2375,3955.48318,11444.64,6920.44,28633.3587007,4512.31256117,180560.786058,2303.442,8.1,19.2,0.0,0.0,0.0,0.0,240834,0.0
7167,2476.2375,3955.48318,11444.64,6920.44,25576.7041072,3625.2949405,182984.458272,2303.442,8.1,19.2,0.0,0.0,0.0,0.0,239314,0.0
7168,2476.2375,3955.48318,11444.64,6920.44,18993.0564514,3973.38534723,189431.515521,2460.942,8.1,19.2,0.0,0.0,0.0,0.0,239683,0.0
7169,10511.5672767,3955.48318,11444.64,6920.44,8319.73524742,4733.27729587,194659.173,4353.084,176.4,19.2,0.0,0.0,0.0,0.0,245093,0.0
7170,23859.326402,3955.48318,11444.64,6920.44,998.067144999,5488.18627303,194659.173,4353.084,176.4,19.2,0.0,0.0,0.0,0.0,251874,0.0
7171,29099.60315,3955.48318,11444.64,6920.44,0.0,7269.97666999,194659.173,4353.084,176.4,19.2,0.0,0.0,0.0,0.0,257898,0.0
7172,30662.2249674,3955.48318,11444.64,6920.44,0.0,9962.35485264,194659.173,4353.084,176.4,19.2,0.0,0.0,0.0,0.0,262153,0.0
7173,28162.3470611,3955.48318,11444.64,6920.44,0.0,11882.2327589,194659.173,4353.084,176.4,19.2,0.0,0.0,0.0,0.0,261573,0.0
7174,21649.2447392,3955.48318,11444.64,6920.44,0.0,11363.1039316,194659.173,4353.084,251.631149203,19.2,0.0,0.0,0.0,0.0,254616,0.0
7175,15187.3357869,3955.48318,11444.64,6920.44,0.0,9546.64403312,194659.173,4353.084,252.0,19.2,0.0,0.0,0.0,0.0,246338,0.0
7176,9866.35446382,3955.48318,11444.64,6920.44,0.0,8110.62535618,194659.173,4353.084,252.0,19.2,0.0,0.0,0.0,0.0,239581,0.0
7177,2476.2375,3912.17497,11444.64,6831.144,0.0,6686.86720904,199814.764321,2800.872,8.1,19.2,0.0,0.0,0.0,0.0,233994,0.0
7178,2476.2375,3912.17497,11444.64,6831.144,0.0,5125.28075115,197019.350779,2800.872,8.1,19.2,0.0,0.0,0.0,0.0,229637,0.0
7179,2476.2375,3912.17497,11444.64,6831.144,0.0,4243.91809809,195726.713432,2800.872,8.1,19.2,0.0,0.0,0.0,0.0,227463,0.0
7180,2476.2375,3912.17497,11444.64,6831.144,0.0,3982.2620964,197715.369434,2800.872,8.1,19.2,0.0,0.0,0.0,0.0,229190,0.0
7181,2476.2375,3912.17497,11444.64,6831.144,0.0,4521.10781082,201145.6935,2991.70221918,8.1,19.2,0.0,0.0,0.0,0.0,233350,0.0
7182,2476.2375,3912.17497,11444.64,6831.144,0.0,5375.79601662,205071.089513,4659.318,176.4,19.2,0.0,0.0,0.0,0.0,239966,0.0
7183,2476.2375,3912.17497,11444.64,6831.144,0.0,6146.7000022,210321.989528,4949.514,176.4,19.2,0.0,0.0,0.0,0.0,246278,0.0
7184,2476.2375,3912.17497,11444.64,6831.144,4574.14279923,6336.10131764,210546.845413,4949.514,252.0,19.2,0.0,0.0,0.0,0.0,251342,0.0
7185,2476.2375,3912.17497,11444.64,6831.144,11623.8678014,5845.94092444,207520.080804,4753.314,176.4,19.2,0.0,0.0,0.0,0.0,254603,0.0
7186,2476.2375,3912.17497,11444.64,6831.144,18292.7485237,5988.7975064,203564.4005,3244.257,176.4,19.2,0.0,0.0,0.0,0.0,255950,0.0
7187,2476.2375,3912.17497,11444.64,6831.144,24309.9921766,5644.0533805,198358.585973,2800.872,8.1,19.2,0.0,0.0,0.0,0.0,255805,0.0
7188,2476.2375,3912.17497,11444.64,6831.144,28281.905698,4821.16999257,195357.555839,2800.872,8.1,19.2,0.0,0.0,0.0,0.0,255953,0.0
7189,2476.2375,3912.17497,11444.64,6831.144,30377.3160642,3999.26999902,194400.045467,2800.872,8.1,19.2,0.0,0.0,0.0,0.0,256269,0.0
7190,2476.2375,3912.17497,11444.64,6831.144,29520.7996101,3683.885005,195425.946915,2800.872,8.1,19.2,0.0,0.0,0.0,0.0,256123,0.0
7191,2476.2375,3912.17497,11444.64,6831.144,24781.1276469,3642.26644332,198835.23744,2800.872,8.1,19.2,0.0,0.0,0.0,0.0,254751,0.0
7192,2476.2375,3912.17497,11444.64,6831.144,19425.5847762,3905.41043648,203862.951317,3244.257,176.4,19.2,0.0,0.0,0.0,0.0,255298,0.0
7193,7204.89769897,3912.17497,11444.64,6831.144,10239.7571084,4117.3932226,210931.938,5347.944,484.911,19.2,0.0,0.0,0.0,0.0,260534,0.0
7194,23593.0278871,3912.17497,11444.64,6831.144,1129.90171561,4099.11842725,210931.938,5347.944,484.911,19.2,0.0,0.0,0.0,0.0,267794,0.0
7195,30116.6670615,3912.17497,11444.64,6831.144,0.0,4825.38096846,210931.938,5347.944,484.911,19.2,0.0,0.0,0.0,0.0,273914,0.0
7196,33331.7929264,3912.17497,11444.64,6831.144,0.0,5762.25510364,210931.938,5347.944,484.911,19.2,0.0,0.0,0.0,0.0,278066,0.0
7197,31379.0245027,3912.17497,11444.64,6831.144,0.0,6282.0235273,210931.938,5347.944,484.911,19.2,0.0,0.0,0.0,0.0,276633,0.0
7198,24573.7479957,3912.17497,11444.64,6831.144,0.0,5809.30003425,210931.938,5347.944,484.911,19.2,0.0,0.0,0.0,0.0,269355,0.0
7199,16350.4554882,3912.17497,11444.64,6831.144,0.0,5207.92017793,210931.938,5347.944,439.583363899,19.2,0.0,0.0,0.0,0.0,260485,0.0
7200,9782.11463937,3912.17497,11444.64,6831.144,0.0,4804.04439063,210931.938,5347.944,370.8,19.2,0.0,0.0,0.0,0.0,253444,0.0
7201,2432.2155,3897.7389,11444.64,6741.848,0.0,4727.12583109,213782.817769,5143.014,176.4,19.2,0.0,0.0,0.0,0.0,248365,0.0
7202,2432.2155,3897.7389,11444.64,6741.848,0.0,4487.06190577,210422.277694,4881.618,176.4,19.2,0.0,0.0,0.0,0.0,244503,0.0
7203,2432.2155,3897.7389,11444.64,6741.848,0.0,4123.05799016,209198.08161,4852.818,176.4,19.2,0.0,0.0,0.0,0.0,242886,0.0
7204,2432.2155,3897.7389,11444.64,6741.848,0.0,3773.02529456,210961.118305,4946.814,176.4,19.2,0.0,0.0,0.0,0.0,244393,0.0
7205,2432.2155,3897.7389,11444.64,6741.848,0.0,3637.11417282,214531.579427,5276.664,252.0,19.2,0.0,0.0,0.0,0.0,248233,0.0
7206,5179.69876909,3897.7389,11444.64,6741.848,0.0,3853.99233091,216070.938,5734.944,252.0,19.2,0.0,0.0,0.0,0.0,253195,0.0
7207,8985.70108278,3897.7389,11444.64,6741.848,0.0,4519.99001722,216070.938,5734.944,252.0,19.2,0.0,0.0,0.0,0.0,257667,0.0
7208,6928.48578086,3897.7389,11444.64,6741.848,5074.76687812,5179.43844102,216070.938,5734.944,252.0,19.2,0.0,0.0,0.0,0.0,261344,0.0
7209,2432.2155,3897.7389,11444.64,6741.848,13685.9976562,4440.08157479,214735.064369,5384.214,252.0,19.2,0.0,0.0,0.0,0.0,263033,0.0
7210,2432.2155,3897.7389,11444.64,6741.848,22319.9990846,4031.39111507,208391.9085,3509.65890035,176.4,19.2,0.0,0.0,0.0,0.0,262965,0.0
7211,2432.2155,3897.7389,11444.64,6741.848,29204.5840459,3779.50055747,201370.800997,2994.372,8.1,19.2,0.0,0.0,0.0,0.0,261893,0.0
7212,2432.2155,3897.7389,11444.64,6741.848,33295.3379849,3126.16499867,198347.382616,2994.372,8.1,19.2,0.0,0.0,0.0,0.0,262307,0.0
7213,2432.2155,3897.7389,11444.64,6741.848,34651.5650542,2583.30330725,197801.017239,2994.372,8.1,19.2,0.0,0.0,0.0,0.0,262574,0.0
7214,2432.2155,3897.7389,11444.64,6741.848,34256.8279839,2398.64856464,198383.409051,2994.372,8.1,19.2,0.0,0.0,0.0,0.0,262577,0.0
7215,2432.2155,3897.7389,11444.64,6741.848,29675.0833046,2513.85280495,201389.94949,2994.372,8.1,19.2,0.0,0.0,0.0,0.0,261117,0.0
7216,2432.2155,3897.7389,11444.64,6741.848,22687.8087159,2660.4112657,208337.9085,3597.82911837,176.4,19.2,0.0,0.0,0.0,0.0,261996,0.0
7217,7794.78268425,3897.7389,11444.64,6741.848,12227.9255202,2759.98289553,216070.938,5734.944,252.0,19.2,0.0,0.0,0.0,0.0,266944,0.0
7218,24418.9839796,3897.7389,11444.64,6741.848,1088.01676335,2941.34035703,216070.938,5673.294,252.0,19.2,0.0,0.0,0.0,0.0,272548,0.0
7219,29141.9978834,3897.7389,11444.64,6741.848,0.0,3594.54321659,216070.938,5603.094,252.0,19.2,0.0,0.0,0.0,0.0,276766,0.0
7220,30683.1164306,3897.7389,11444.64,6741.848,0.0,4726.97073198,216070.938,5707.5479374,252.0,19.2,0.0,0.0,0.0,0.0,279544,0.0
7221,28101.5677168,3897.7389,11444.64,6741.848,0.0,4910.1233832,216070.938,5734.944,252.0,19.2,0.0,0.0,0.0,0.0,277173,0.0
7222,20884.4209158,3897.7389,11444.64,6741.848,0.0,4281.2701842,216070.938,5734.944,252.0,19.2,0.0,0.0,0.0,0.0,269327,0.0
7223,13871.9677652,3897.7389,11444.64,6741.848,0.0,3416.72333484,216070.938,5734.944,252.0,19.2,0.0,0.0,0.0,0.0,261450,0.0
7224,8342.00369162,3897.7389,11444.64,6741.848,0.0,3019.68740838,216070.938,5734.944,252.0,19.2,0.0,0.0,0.0,0.0,255523,0.0
7225,6064.23090561,3868.86676,11444.64,6607.904,0.0,2857.97633439,214059.438,5734.944,370.8,19.2,0.0,0.0,0.0,0.0,251028,0.0
7226,2722.80823275,3868.86676,11444.64,6607.904,0.0,2775.39900725,214059.438,5734.944,370.8,19.2,0.0,0.0,0.0,0.0,247604,0.0
7227,2377.188,3868.86676,11444.64,6607.904,0.0,2934.99009339,213121.188,5369.02314661,252.0,19.2,0.0,0.0,0.0,0.0,245995,0.0
7228,2377.188,3868.86676,11444.64,6607.904,0.0,3471.88351899,213645.593721,5477.724,252.0,19.2,0.0,0.0,0.0,0.0,247165,0.0
7229,3939.54220627,3868.86676,11444.64,6607.904,0.0,4726.66503373,214059.438,5734.944,370.8,19.2,0.0,0.0,0.0,0.0,250772,0.0
7230,7023.53232818,3868.86676,11444.64,6607.904,0.0,6546.67491182,214059.438,5734.944,370.8,19.2,0.0,0.0,0.0,0.0,255676,0.0
7231,9124.50368918,3868.86676,11444.64,6607.904,0.0,8757.70355082,214059.438,5734.944,370.8,19.2,0.0,0.0,0.0,0.0,259988,0.0
7232,5889.30792725,3868.86676,11444.64,6607.904,5226.61591042,10617.2834023,214059.438,5734.944,370.8,19.2,0.0,0.0,0.0,0.0,263839,0.0
7233,2377.188,3868.86676,11444.64,6607.904,13676.4566938,9896.56382939,210127.966717,4946.814,176.4,19.2,0.0,0.0,0.0,0.0,263142,0.0
7234,2377.188,3868.86676,11444.64,6607.904,21161.0541302,10428.6350826,203734.5435,3316.572,105.396527192,19.2,0.0,0.0,0.0,0.0,263064,0.0
7235,2377.188,3868.86676,11444.64,6607.904,28705.2881837,13126.9645312,192956.476525,2994.372,8.1,19.2,0.0,0.0,0.0,0.0,262109,0.0
7236,2377.188,3868.86676,11444.64,6607.904,33959.500023,13818.8492692,186496.379948,2994.372,8.1,19.2,0.0,0.0,0.0,0.0,261595,0.0
7237,2377.188,3868.86676,11444.64,6607.904,35162.0652173,13350.1172533,185001.546769,2994.372,8.1,19.2,0.0,0.0,0.0,0.0,260834,0.0
7238,2377.188,3868.86676,11444.64,6607.904,34951.7421966,12467.7361061,189238.250937,2994.372,8.1,19.2,0.0,0.0,0.0,0.0,263978,0.0
7239,2377.188,3868.86676,11444.64,6607.904,28851.40357,11952.8492545,193958.476416,2994.372,8.1,19.2,0.0,0.0,0.0,0.0,262083,0.0
7240,2377.188,3868.86676,11444.64,6607.904,20506.6865802,11888.5965224,202570.446137,2994.372,8.1,19.2,0.0,0.0,0.0,0.0,262286,0.0
7241,4300.02998592,3868.86676,11444.64,6607.904,11166.8475135,10922.2604559,214059.438,5734.944,313.869284602,19.2,0.0,0.0,0.0,0.0,268438,0.0
7242,23754.9540072,3868.86676,11444.64,6607.904,936.563158667,8491.6900741,214059.438,5734.944,370.8,19.2,0.0,0.0,0.0,0.0,275289,0.0
7243,29498.7218145,3868.86676,11444.64,6607.904,0.0,8587.48542554,214059.438,5734.944,370.8,19.2,0.0,0.0,0.0,0.0,280192,0.0
7244,31838.9146611,3868.86676,11444.64,6607.904,0.0,9329.0925789,214059.438,5734.944,252.0,19.2,0.0,0.0,0.0,0.0,283155,0.0
7245,29495.6898792,3868.86676,11444.64,6607.904,0.0,9681.51736079,214059.438,5734.944,370.8,19.2,0.0,0.0,0.0,0.0,281283,0.0
7246,20677.4810783,3868.86676,11444.64,6607.904,0.0,9838.52616173,214059.438,5734.944,252.0,19.2,0.0,0.0,0.0,0.0,272503,0.0
7247,12189.0689523,3868.86676,11444.64,6607.904,0.0,9764.13828768,214059.438,5734.944,370.8,19.2,0.0,0.0,0.0,0.0,264059,0.0
7248,5660.86253226,3868.86676,11444.64,6607.904,0.0,9900.34470774,214059.438,5734.944,370.8,19.2,0.0,0.0,0.0,0.0,257667,0.0
7249,4442.93917365,3825.55855,11444.64,6406.988,0.0,10901.2322764,210931.938,5220.504,252.0,19.2,0.0,0.0,0.0,0.0,253445,0.0
7250,2402.8675,3825.55855,11444.64,6406.988,0.0,11375.8055588,209570.746391,4885.794,176.4,19.2,0.0,0.0,0.0,0.0,250108,0.0
7251,2402.8675,3825.55855,11444.64,6406.988,0.0,12211.3743741,207445.377576,4689.594,176.4,19.2,0.0,0.0,0.0,0.0,248622,0.0
7252,2402.8675,3825.55855,11444.64,6406.988,0.0,11371.7346821,209416.817268,4885.794,176.4,19.2,0.0,0.0,0.0,0.0,249950,0.0
7253,4325.43923003,3825.55855,11444.64,6406.988,0.0,10980.93222,210931.938,5220.504,370.8,19.2,0.0,0.0,0.0,0.0,253526,0.0
7254,9269.07951545,3825.55855,11444.64,6406.988,0.0,11118.0919345,210931.938,5220.504,252.0,19.2,0.0,0.0,0.0,0.0,258488,0.0
7255,12384.6719095,3825.55855,11444.64,6406.988,0.0,12234.6995405,210931.938,5220.504,370.8,19.2,0.0,0.0,0.0,0.0,262839,0.0
7256,9579.45283329,3825.55855,11444.64,6406.988,5456.90254604,13713.8160707,210931.938,5220.504,252.0,19.2,0.0,0.0,0.0,0.0,266851,0.0
7257,3849.57664796,3825.55855,11444.64,6406.988,13953.7725515,12949.1868492,210931.938,5220.504,298.63540137,19.2,0.0,0.0,0.0,0.0,268900,0.0
7258,2402.8675,3825.55855,11444.64,6406.988,22541.1810792,16529.5740469,203378.053824,3180.537,176.4,19.2,0.0,0.0,0.0,0.0,269905,0.0
7259,2402.8675,3825.55855,11444.64,6406.988,28887.4187619,26295.5671238,187865.508064,2737.152,8.1,19.2,0.0,0.0,0.0,0.0,269893,0.0
7260,2402.8675,3825.55855,11444.64,6406.988,32453.564011,32437.7795518,178837.150387,2737.152,8.1,19.2,0.0,0.0,0.0,0.0,270573,0.0
7261,2402.8675,3825.55855,11444.64,6406.988,32536.5627181,34051.2891124,177397.54212,2610.252,8.1,19.2,0.0,0.0,0.0,0.0,270703,0.0
7262,2402.8675,3825.55855,11444.64,6406.988,31269.0049436,32938.2733858,179713.215621,2737.152,8.1,19.2,0.0,0.0,0.0,0.0,270765,0.0
7263,2402.8675,3825.55855,11444.64,6406.988,26867.7285453,31221.7553151,184686.01009,2737.152,8.1,19.2,0.0,0.0,0.0,0.0,269620,0.0
7264,2402.8675,3825.55855,11444.64,6406.988,20137.0188589,27083.5604116,195895.91468,2737.152,8.1,19.2,0.0,0.0,0.0,0.0,269961,0.0
7265,4371.94614069,3825.55855,11444.64,6406.988,10697.2536449,22009.9716644,210931.938,5220.504,252.0,19.2,0.0,0.0,0.0,0.0,275180,0.0
7266,25956.237167,3825.55855,11444.64,6406.988,623.879138564,16652.2551444,210931.938,5220.504,370.8,19.2,0.0,0.0,0.0,0.0,281452,0.0
7267,32053.2249738,3825.55855,11444.64,6406.988,0.0,15336.9464762,210931.938,5220.504,252.0,19.2,0.0,0.0,0.0,0.0,285491,0.0
7268,30922.2030523,3825.55855,11444.64,6406.988,0.0,17812.9683977,210931.938,5220.504,252.0,19.2,0.0,0.0,0.0,0.0,286836,0.0
7269,25042.084295,3825.55855,11444.64,6406.988,0.0,20597.087155,210931.938,5220.504,252.0,19.2,0.0,0.0,0.0,0.0,283740,0.0
7270,16513.2537071,3825.55855,11444.64,6406.988,0.0,20022.9177429,210931.938,5220.504,252.0,19.2,0.0,0.0,0.0,0.0,274637,0.0
7271,8947.81123194,3825.55855,11444.64,6406.988,0.0,18455.5602181,210931.938,5220.504,370.8,19.2,0.0,0.0,0.0,0.0,265623,0.0
7272,4264.93332229,3825.55855,11444.64,6406.988,0.0,16620.2381277,210931.938,5220.504,252.0,19.2,0.0,0.0,0.0,0.0,258986,0.0
7273,2714.26067557,3782.25034,11444.64,6250.72,0.0,15335.5069844,209851.938,4680.684,370.8,19.2,0.0,0.0,0.0,0.0,254450,0.0
7274,2358.8455,3782.25034,11444.64,6250.72,0.0,14600.6763923,207954.383768,4516.884,176.4,19.2,0.0,0.0,0.0,0.0,251104,0.0
7275,2358.8455,3782.25034,11444.64,6250.72,0.0,14266.2134075,207058.046753,4419.684,176.4,19.2,0.0,0.0,0.0,0.0,249776,0.0
7276,2358.8455,3782.25034,11444.64,6250.72,0.0,14056.2342099,208469.82595,4615.884,176.4,19.2,0.0,0.0,0.0,0.0,251174,0.0
7277,4476.54519041,3782.25034,11444.64,6250.72,0.0,14325.2224696,209851.938,4680.684,370.8,19.2,0.0,0.0,0.0,0.0,255202,0.0
7278,9799.19145628,3782.25034,11444.64,6250.72,0.0,15043.6820555,209851.938,4680.684,296.694148236,19.2,0.0,0.0,0.0,0.0,261169,0.0
7279,14366.2759812,3782.25034,11444.64,6250.72,0.0,15668.2916788,209851.938,4680.684,252.0,19.2,0.0,0.0,0.0,0.0,266316,0.0
7280,12733.1360903,3782.25034,11444.64,6250.72,5211.25697942,16574.3745902,209851.938,4680.684,370.8,19.2,0.0,0.0,0.0,0.0,270919,0.0
7281,7711.72737142,3782.25034,11444.64,6250.72,13761.4395464,15482.6007422,209851.938,4680.684,370.8,19.2,0.0,0.0,0.0,0.0,273356,0.0
7282,3103.07893925,3782.25034,11444.64,6250.72,19989.9560249,14512.7326958,209851.938,4680.684,370.8,19.2,0.0,0.0,0.0,0.0,274006,0.0
7283,2358.8455,3782.25034,11444.64,6250.72,24861.5580714,18424.8579939,203411.901095,2910.627,176.4,19.2,0.0,0.0,0.0,0.0,273641,0.0
7284,2358.8455,3782.25034,11444.64,6250.72,28517.2747391,21619.3220015,197668.405419,2467.242,8.1,19.2,0.0,0.0,0.0,0.0,274136,0.0
7285,2358.8455,3782.25034,11444.64,6250.72,28443.9880778,22881.2223755,195758.791707,2467.242,8.1,19.2,0.0,0.0,0.0,0.0,273415,0.0
7286,2358.8455,3782.25034,11444.64,6250.72,27952.7080532,22877.6939957,195395.600111,2467.242,8.1,19.2,0.0,0.0,0.0,0.0,272557,0.0
7287,2358.8455,3782.25034,11444.64,6250.72,22235.951247,22042.7548767,199709.2935,2523.24453628,8.1,19.2,0.0,0.0,0.0,0.0,270375,0.0
7288,2358.8455,3782.25034,11444.64,6250.72,17005.8313367,21460.2883121,204038.6085,3789.2160112,176.4,19.2,0.0,0.0,0.0,0.0,270326,0.0
7289,9021.49030202,3782.25034,11444.64,6250.72,8572.33078506,21082.9465729,209851.938,4680.684,370.8,19.2,0.0,0.0,0.0,0.0,275077,0.0
7290,24259.2200697,3782.25034,11444.64,6250.72,485.463705057,19509.0838852,209851.938,4680.684,370.8,19.2,0.0,0.0,0.0,0.0,280654,0.0
7291,28126.0749512,3782.25034,11444.64,6250.72,0.0,19644.6927088,209851.938,4680.684,370.8,19.2,0.0,0.0,0.0,0.0,284171,0.0
7292,27350.9451823,3782.25034,11444.64,6250.72,0.0,22164.8224777,209851.938,4680.684,370.8,19.2,0.0,0.0,0.0,0.0,285916,0.0
7293,21622.0956223,3782.25034,11444.64,6250.72,0.0,24616.6720377,209851.938,4680.684,370.8,19.2,0.0,0.0,0.0,0.0,282639,0.0
7294,14863.3831685,3782.25034,11444.64,6250.72,0.0,23367.3844915,209851.938,4680.684,370.8,19.2,0.0,0.0,0.0,0.0,274631,0.0
7295,9286.95403055,3782.25034,11444.64,6250.72,0.0,20950.8136295,209851.938,4680.684,370.8,19.2,0.0,0.0,0.0,0.0,266638,0.0
7296,5287.53966897,3782.25034,11444.64,6250.72,0.0,18722.227991,209851.938,4680.684,370.8,19.2,0.0,0.0,0.0,0.0,260410,0.0
7297,2410.2045,3738.94213,11444.64,6116.776,0.0,16740.2282405,210172.815129,4885.794,176.4,19.2,0.0,0.0,0.0,0.0,255705,0.0
7298,2410.2045,3738.94213,11444.64,6116.776,0.0,15218.2041562,208240.039214,4689.594,176.4,19.2,0.0,0.0,0.0,0.0,252054,0.0
7299,2410.2045,3738.94213,11444.64,6116.776,0.0,13981.9589352,207654.284435,4689.594,176.4,19.2,0.0,0.0,0.0,0.0,250232,0.0
7300,2410.2045,3738.94213,11444.64,6116.776,0.0,15058.8188688,207743.424501,4689.594,176.4,19.2,0.0,0.0,0.0,0.0,251398,0.0
7301,2410.2045,3738.94213,11444.64,6116.776,0.0,17008.8894022,209401.153968,4885.794,176.4,19.2,0.0,0.0,0.0,0.0,255202,0.0
7302,3368.1969854,3738.94213,11444.64,6116.776,0.0,19125.0028846,211246.938,5220.504,370.8,19.2,0.0,0.0,0.0,0.0,260651,0.0
7303,6348.18094154,3738.94213,11444.64,6116.776,0.0,21178.0189285,211246.938,5220.504,370.8,19.2,0.0,0.0,0.0,0.0,265684,0.0
7304,2743.4479617,3738.94213,11444.64,6116.776,4762.15644023,23470.7466997,211246.938,5220.504,414.648768381,19.2,0.0,0.0,0.0,0.0,269178,0.0
7305,2410.2045,3738.94213,11444.64,6116.776,11939.4607832,20530.1216385,208929.460948,4786.794,176.4,19.2,0.0,0.0,0.0,0.0,270092,0.0
7306,2410.2045,3738.94213,11444.64,6116.776,18283.1087269,21202.22069,203391.970953,3180.537,176.4,19.2,0.0,0.0,0.0,0.0,269964,0.0
7307,2410.2045,3738.94213,11444.64,6116.776,21703.1299898,25594.1647404,195864.69064,2737.152,8.1,19.2,0.0,0.0,0.0,0.0,269637,0.0
7308,2410.2045,3738.94213,11444.64,6116.776,25769.8423957,25184.7604848,192750.38249,2737.152,8.1,19.2,0.0,0.0,0.0,0.0,270180,0.0
7309,2410.2045,3738.94213,11444.64,6116.776,29485.1880883,22102.8311327,192580.966149,2737.152,8.1,19.2,0.0,0.0,0.0,0.0,270644,0.0
7310,2410.2045,3738.94213,11444.64,6116.776,30130.3461656,19263.7286903,194727.910514,2737.152,8.1,19.2,0.0,0.0,0.0,0.0,270597,0.0
7311,2410.2045,3738.94213,11444.64,6116.776,26428.6717032,17535.3513874,198891.962279,2737.152,8.1,19.2,0.0,0.0,0.0,0.0,269331,0.0
7312,2410.2045,3738.94213,11444.64,6116.776,18666.0406731,16482.3878171,205507.81088,4595.598,176.4,19.2,0.0,0.0,0.0,0.0,269158,0.0
7313,10294.1188409,3738.94213,11444.64,6116.776,9653.84403588,14967.2369932,211246.938,5220.504,370.8,19.2,0.0,0.0,0.0,0.0,273073,0.0
7314,26384.5423545,3738.94213,11444.64,6116.776,865.827784359,11764.8297311,211246.938,5220.504,370.8,19.2,0.0,0.0,0.0,0.0,277173,0.0
7315,30235.7207681,3738.94213,11444.64,6116.776,0.0,11036.4791019,211246.938,5220.504,370.8,19.2,0.0,0.0,0.0,0.0,279430,0.0
7316,30718.6114778,3738.94213,11444.64,6116.776,0.0,11317.5883922,211246.938,5220.504,370.8,19.2,0.0,0.0,0.0,0.0,280194,0.0
7317,27214.6658352,3738.94213,11444.64,6116.776,0.0,11362.5340348,211246.938,5220.504,370.8,19.2,0.0,0.0,0.0,0.0,276735,0.0
7318,20734.1126491,3738.94213,11444.64,6116.776,0.0,9636.08722094,211246.938,5220.504,370.8,19.2,0.0,0.0,0.0,0.0,268528,0.0
7319,15172.6289719,3738.94213,11444.64,6116.776,0.0,7736.57089814,211246.938,5220.504,370.8,19.2,0.0,0.0,0.0,0.0,261067,0.0
7320,11404.6429139,3738.94213,11444.64,6116.776,0.0,6486.55695608,211246.938,5220.504,370.8,19.2,0.0,0.0,0.0,0.0,256049,0.0
7321,12238.0699165,3666.76178,11444.64,6049.804,0.0,6129.00230354,207856.638,4551.084,370.8,19.2,0.0,0.0,0.0,0.0,252326,0.0
7322,9147.17435817,3666.76178,11444.64,6049.804,0.0,6083.89786183,207856.638,4551.084,370.8,19.2,0.0,0.0,0.0,0.0,249190,0.0
7323,7290.22065566,3666.76178,11444.64,6049.804,0.0,6467.65156434,207856.638,4551.084,252.0,19.2,0.0,0.0,0.0,0.0,247598,0.0
7324,7353.47747001,3666.76178,11444.64,6049.804,0.0,7308.39474999,207856.638,4551.084,252.0,19.2,0.0,0.0,0.0,0.0,248502,0.0
7325,8007.27415517,3666.76178,11444.64,6049.804,0.0,9069.59806483,207856.638,4551.084,252.0,19.2,0.0,0.0,0.0,0.0,250917,0.0
7326,9601.09834437,3666.76178,11444.64,6049.804,0.0,11180.7738756,207856.638,4551.084,252.0,19.2,0.0,0.0,0.0,0.0,254622,0.0
7327,10965.7604958,3666.76178,11444.64,6049.804,0.0,13163.1117242,207856.638,4551.084,252.0,19.2,0.0,0.0,0.0,0.0,257969,0.0
7328,8006.7349188,3666.76178,11444.64,6049.804,5141.67427392,14070.6630273,207856.638,4551.084,370.8,19.2,0.0,0.0,0.0,0.0,261178,0.0
7329,2875.21603215,3666.76178,11444.64,6049.804,13969.0835346,11376.7726533,207856.638,4551.084,370.8,19.2,0.0,0.0,0.0,0.0,262180,0.0
7330,2582.624,3666.76178,11444.64,6049.804,22961.0956424,11589.3916358,200894.255942,2845.827,176.4,19.2,0.0,0.0,0.0,0.0,262230,0.0
7331,2582.624,3666.76178,11444.64,6049.804,29530.4045058,13909.3078512,192022.715863,2402.442,8.1,19.2,0.0,0.0,0.0,0.0,261636,0.0
7332,2582.624,3666.76178,11444.64,6049.804,33037.0056772,13952.4221043,188302.000438,2402.442,8.1,19.2,0.0,0.0,0.0,0.0,261465,0.0
7333,2582.624,3666.76178,11444.64,6049.804,34235.9861734,12732.3560908,187230.085956,2402.442,8.1,19.2,0.0,0.0,0.0,0.0,260372,0.0
7334,2582.624,3666.76178,11444.64,6049.804,33316.8848523,11679.0659223,188480.477445,2402.442,8.1,19.2,0.0,0.0,0.0,0.0,259650,0.0
7335,2582.624,3666.76178,11444.64,6049.804,29086.6917829,11233.454374,191271.282063,2402.442,8.1,19.2,0.0,0.0,0.0,0.0,257765,0.0
7336,2582.624,3666.76178,11444.64,6049.804,22584.9664109,11385.2445048,197423.217304,2402.442,8.1,19.2,0.0,0.0,0.0,0.0,257567,0.0
7337,4795.55075744,3666.76178,11444.64,6049.804,11757.1473155,11133.374147,207856.638,4551.084,370.8,19.2,0.0,0.0,0.0,0.0,261645,0.0
7338,23008.7963224,3666.76178,11444.64,6049.804,934.920707755,8768.35518983,207856.638,4551.084,370.8,19.2,0.0,0.0,0.0,0.0,266671,0.0
7339,28434.7269764,3666.76178,11444.64,6049.804,0.0,7868.34524355,207856.638,4551.084,370.8,19.2,0.0,0.0,0.0,0.0,270262,0.0
7340,29911.9793549,3666.76178,11444.64,6049.804,0.0,8336.0928651,207856.638,4551.084,370.8,19.2,0.0,0.0,0.0,0.0,272207,0.0
7341,27608.5398577,3666.76178,11444.64,6049.804,0.0,8598.5323623,207856.638,4551.084,370.8,19.2,0.0,0.0,0.0,0.0,270166,0.0
7342,21961.5817748,3666.76178,11444.64,6049.804,0.0,7658.49044525,207856.638,4551.084,370.8,19.2,0.0,0.0,0.0,0.0,263579,0.0
7343,15662.3977143,3666.76178,11444.64,6049.804,0.0,7298.67450565,207856.638,4551.084,370.8,19.2,0.0,0.0,0.0,0.0,256920,0.0
7344,10681.5810954,3666.76178,11444.64,6049.804,0.0,7547.28178205,207856.638,4551.084,275.009342574,19.2,0.0,0.0,0.0,0.0,252092,0.0
7345,2722.027,3594.58143,11444.64,5848.888,0.0,8511.31006175,211520.139508,4946.814,176.4,19.2,0.0,0.0,0.0,0.0,248784,0.0
7346,2722.027,3594.58143,11444.64,5848.888,0.0,9633.49103581,208751.9085,3862.86403419,176.4,19.2,0.0,0.0,0.0,0.0,246054,0.0
7347,2722.027,3594.58143,11444.64,5848.888,0.0,10810.5658955,206874.940674,3437.757,176.4,19.2,0.0,0.0,0.0,0.0,244929,0.0
7348,2722.027,3594.58143,11444.64,5848.888,0.0,11235.4649624,208499.041608,3437.757,176.4,19.2,0.0,0.0,0.0,0.0,246978,0.0
7349,2722.027,3594.58143,11444.64,5848.888,0.0,11536.611238,211081.838332,4946.814,176.4,19.2,0.0,0.0,0.0,0.0,251371,0.0
7350,2722.027,3594.58143,11444.64,5848.888,0.0,11832.3794443,216099.840126,5541.444,252.0,19.2,0.0,0.0,0.0,0.0,257355,0.0
7351,7257.04259217,3594.58143,11444.64,5848.888,0.0,12332.9659778,216430.938,5734.944,370.8,19.2,0.0,0.0,0.0,0.0,263034,0.0
7352,6906.45313112,3594.58143,11444.64,5848.888,5371.21976366,12665.2246752,216430.938,5734.944,484.911,19.2,0.0,0.0,0.0,0.0,268501,0.0
7353,3341.14018712,3594.58143,11444.64,5848.888,14456.4936556,10211.2637273,216430.938,5734.944,484.911,19.2,0.0,0.0,0.0,0.0,271567,0.0
7354,2722.027,3594.58143,11444.64,5848.888,22276.0709865,10173.1909453,212421.987638,5044.014,176.4,19.2,0.0,0.0,0.0,0.0,273721,0.0
7355,2722.027,3594.58143,11444.64,5848.888,28807.7423605,14676.6251574,204314.5935,3125.60255216,8.1,19.2,0.0,0.0,0.0,0.0,274562,0.0
7356,2722.027,3594.58143,11444.64,5848.888,33038.5148822,15617.6560687,200461.020619,2994.372,8.1,19.2,0.0,0.0,0.0,0.0,275749,0.0
7357,2722.027,3594.58143,11444.64,5848.888,34763.6075385,14021.7451074,200443.838924,2994.372,8.1,19.2,0.0,0.0,0.0,0.0,275861,0.0
7358,2722.027,3594.58143,11444.64,5848.888,34006.0636374,11741.7753632,203588.352569,2994.372,8.1,19.2,0.0,0.0,0.0,0.0,275968,0.0
7359,2722.027,3594.58143,11444.64,5848.888,29242.92392,9958.37657543,208523.206075,3437.757,176.4,19.2,0.0,0.0,0.0,0.0,274968,0.0
7360,2722.027,3594.58143,11444.64,5848.888,21129.2536807,9137.34757688,216027.618312,5541.444,252.0,19.2,0.0,0.0,0.0,0.0,275717,0.0
7361,18971.8938691,3594.58143,11444.64,5848.888,10005.7868099,7790.21689094,216430.938,5734.944,484.911,19.2,0.0,0.0,0.0,0.0,280326,0.0
7362,33880.0813226,3594.58143,11444.64,5848.888,885.330238126,6150.50808039,216430.938,5734.944,472.888928878,19.2,0.0,0.0,0.0,0.0,284462,0.0
7363,36685.0,3594.58143,11444.64,5848.888,0.0,5609.47427851,216430.938,5734.944,477.334291487,19.2,0.0,0.0,0.0,0.0,285845,0.0
7364,35519.5432768,3594.58143,11444.64,5848.888,0.0,6532.46529319,216430.938,5734.944,370.8,19.2,0.0,0.0,0.0,0.0,285496,0.0
7365,30871.3019648,3594.58143,11444.64,5848.888,0.0,6844.7066052,216430.938,5734.944,370.8,19.2,0.0,0.0,0.0,0.0,281160,0.0
7366,22373.6113298,3594.58143,11444.64,5848.888,0.0,6454.39724023,216430.938,5734.944,370.8,19.2,0.0,0.0,0.0,0.0,272272,0.0
7367,14965.8779172,3594.58143,11444.64,5848.888,0.0,5771.13065283,216430.938,5734.944,370.8,19.2,0.0,0.0,0.0,0.0,264181,0.0
7368,9470.25160931,3594.58143,11444.64,5848.888,0.0,5769.75696069,216430.938,5734.944,370.8,19.2,0.0,0.0,0.0,0.0,258684,0.0
7369,7284.17995272,3493.52894,11444.64,5804.24,0.0,6233.12910728,214963.938,5418.144,252.0,19.2,0.0,0.0,0.0,0.0,254913,0.0
7370,3327.74716794,3493.52894,11444.64,5804.24,0.0,7056.56189206,214963.938,5418.144,252.0,19.2,0.0,0.0,0.0,0.0,251780,0.0
7371,2747.7065,3493.52894,11444.64,5804.24,0.0,8101.80610669,213722.164453,5019.714,252.0,19.2,0.0,0.0,0.0,0.0,250605,0.0
7372,2747.7065,3493.52894,11444.64,5804.24,0.0,8163.80905164,214764.731508,5418.144,252.0,19.2,0.0,0.0,0.0,0.0,252108,0.0
7373,5616.17733437,3493.52894,11444.64,5804.24,0.0,8273.13172563,214963.938,5418.144,252.0,19.2,0.0,0.0,0.0,0.0,255285,0.0
7374,11028.8183759,3493.52894,11444.64,5804.24,0.0,7756.49068407,214963.938,5418.144,252.0,19.2,0.0,0.0,0.0,0.0,260181,0.0
7375,16505.6554657,3493.52894,11444.64,5804.24,0.0,7300.65359432,214963.938,5418.144,252.0,19.2,0.0,0.0,0.0,0.0,265202,0.0
7376,17183.709587,3493.52894,11444.64,5804.24,5215.48264024,6735.11683275,214963.938,5418.144,252.0,19.2,0.0,0.0,0.0,0.0,270530,0.0
7377,12951.1154448,3493.52894,11444.64,5804.24,14912.111438,4719.08217716,214963.938,5418.144,252.0,19.2,0.0,0.0,0.0,0.0,273978,0.0
7378,8988.28229872,3493.52894,11444.64,5804.24,23693.0558404,3238.0636579,214963.938,5444.05126296,252.0,19.2,0.0,0.0,0.0,0.0,277341,0.0
7379,3385.67806522,3493.52894,11444.64,5804.24,30124.0962732,3995.33472155,214963.938,5488.344,252.0,19.2,0.0,0.0,0.0,0.0,278971,0.0
7380,2747.7065,3493.52894,11444.64,5804.24,33895.9716471,4099.58392459,212681.014988,5019.714,176.4,19.2,0.0,0.0,0.0,0.0,279382,0.0
7381,2747.7065,3493.52894,11444.64,5804.24,34370.2844284,4713.9411066,209777.545025,4823.514,176.4,19.2,0.0,0.0,0.0,0.0,277371,0.0
7382,2747.7065,3493.52894,11444.64,5804.24,32568.8155185,6200.22419571,209008.726846,4729.518,176.4,19.2,0.0,0.0,0.0,0.0,276193,0.0
7383,2747.7065,3493.52894,11444.64,5804.24,28850.7034744,7950.32847409,208357.734612,4729.518,176.4,19.2,0.0,0.0,0.0,0.0,273574,0.0
7384,2747.7065,3493.52894,11444.64,5804.24,21835.2168852,9195.46334408,212447.890331,5019.714,176.4,19.2,0.0,0.0,0.0,0.0,272184,0.0
7385,12531.9253315,3493.52894,11444.64,5804.24,11962.5141202,9463.66960825,214963.938,5488.344,252.0,19.2,0.0,0.0,0.0,0.0,275424,0.0
7386,27735.1675084,3493.52894,11444.64,5804.24,796.83232749,8413.10922408,214963.938,5488.344,252.0,19.2,0.0,0.0,0.0,0.0,278411,0.0
7387,28251.7261308,3493.52894,11444.64,5804.24,0.0,9285.38292919,214963.938,5488.344,252.0,19.2,0.0,0.0,0.0,0.0,279003,0.0
7388,26359.7480968,3493.52894,11444.64,5804.24,0.0,11462.3609632,214963.938,5488.344,252.0,19.2,0.0,0.0,0.0,0.0,279288,0.0
7389,22721.6872485,3493.52894,11444.64,5804.24,0.0,12641.4218115,214963.938,5488.344,252.0,19.2,0.0,0.0,0.0,0.0,276829,0.0
7390,15880.7546901,3493.52894,11444.64,5804.24,0.0,12334.3543699,214963.938,5488.344,252.0,19.2,0.0,0.0,0.0,0.0,269681,0.0
7391,10037.3528134,3493.52894,11444.64,5804.24,0.0,11936.7562466,214963.938,5488.344,252.0,19.2,0.0,0.0,0.0,0.0,263440,0.0
7392,6604.87718802,3493.52894,11444.64,5804.24,0.0,11408.431872,214963.938,5418.144,252.0,19.2,0.0,0.0,0.0,0.0,259409,0.0
7393,4953.05854175,3435.78466,11444.64,5759.592,0.0,11072.0427982,214135.938,5347.944,370.8,19.2,0.0,0.0,0.0,0.0,256539,0.0
7394,2773.386,3435.78466,11444.64,5759.592,0.0,10849.3077737,214135.938,5347.944,270.207566301,19.2,0.0,0.0,0.0,0.0,254036,0.0
7395,2773.386,3435.78466,11444.64,5759.592,0.0,10968.0455938,213552.738,5224.61374623,252.0,19.2,0.0,0.0,0.0,0.0,253430,0.0
7396,3941.20338742,3435.78466,11444.64,5759.592,0.0,10660.8979526,214135.938,5347.944,370.8,19.2,0.0,0.0,0.0,0.0,255116,0.0
7397,7579.14537785,3435.78466,11444.64,5759.592,0.0,11025.9559621,214135.938,5347.944,370.8,19.2,0.0,0.0,0.0,0.0,259119,0.0
7398,12302.1646409,3435.78466,11444.64,5759.592,0.0,12241.9366991,214135.938,5347.944,370.8,19.2,0.0,0.0,0.0,0.0,265058,0.0
7399,15997.425299,3435.78466,11444.64,5759.592,0.0,13631.676041,214135.938,5347.944,370.8,19.2,0.0,0.0,0.0,0.0,270143,0.0
7400,14990.4912015,3435.78466,11444.64,5759.592,5302.93462597,14579.6755125,214135.938,5347.944,370.8,19.2,0.0,0.0,0.0,0.0,275387,0.0
7401,11226.3522109,3435.78466,11444.64,5759.592,14495.8631979,12445.8859312,214135.938,5347.944,370.8,19.2,0.0,0.0,0.0,0.0,278682,0.0
7402,6776.11135996,3435.78466,11444.64,5759.592,23593.3946943,10183.5952857,214135.938,5347.944,370.8,19.2,0.0,0.0,0.0,0.0,281067,0.0
7403,2773.386,3435.78466,11444.64,5759.592,30399.8939818,14168.5590667,208003.226291,4659.318,176.4,19.2,0.0,0.0,0.0,0.0,280840,0.0
7404,2773.386,3435.78466,11444.64,5759.592,34348.662623,17607.9710717,202708.0935,2955.57014528,8.1,19.2,0.0,0.0,0.0,0.0,281061,0.0
7405,2773.386,3435.78466,11444.64,5759.592,35407.1015212,18736.6616084,199900.66221,2800.872,8.1,19.2,0.0,0.0,0.0,0.0,280286,0.0
7406,2773.386,3435.78466,11444.64,5759.592,33657.2076675,19183.0151525,200079.20252,2800.872,8.1,19.2,0.0,0.0,0.0,0.0,279161,0.0
7407,2773.386,3435.78466,11444.64,5759.592,28888.4296054,19431.7389282,202852.756806,2958.372,8.1,19.2,0.0,0.0,0.0,0.0,277572,0.0
7408,2773.386,3435.78466,11444.64,5759.592,21269.3354002,20055.0867588,209012.261181,4753.314,176.4,19.2,0.0,0.0,0.0,0.0,278699,0.0
7409,12848.2357545,3435.78466,11444.64,5759.592,11119.5418105,19301.323775,214135.938,5347.944,370.8,19.2,0.0,0.0,0.0,0.0,283783,0.0
7410,30058.8680009,3435.78466,11444.64,5759.592,812.223141814,16974.8101973,214135.938,5347.944,252.0,19.2,0.0,0.0,0.0,0.0,288241,0.0
7411,32089.1749812,3435.78466,11444.64,5759.592,0.0,17592.7263588,214135.938,5347.944,252.0,19.2,0.0,0.0,0.0,0.0,290077,0.0
7412,29163.1791897,3435.78466,11444.64,5759.592,0.0,20065.9267967,214135.938,5347.944,275.795353589,19.2,0.0,0.0,0.0,0.0,289648,0.0
7413,22874.7053756,3435.78466,11444.64,5759.592,0.0,21573.3959644,214135.938,5347.944,370.8,19.2,0.0,0.0,0.0,0.0,284962,0.0
7414,15684.3796152,3435.78466,11444.64,5759.592,0.0,20200.7217248,214135.938,5347.944,370.8,19.2,0.0,0.0,0.0,0.0,276399,0.0
7415,8995.3795641,3435.78466,11444.64,5759.592,0.0,19126.5217759,214135.938,5347.944,252.0,19.2,0.0,0.0,0.0,0.0,268517,0.0
7416,3961.58569948,3435.78466,11444.64,5759.592,0.0,18748.5156405,214135.938,5347.944,370.8,19.2,0.0,0.0,0.0,0.0,263224,0.0
7417,2802.734,3349.16824,11444.64,5714.944,0.0,18515.6658738,212394.133886,4949.514,252.0,19.2,0.0,0.0,0.0,0.0,259442,0.0
7418,2802.734,3349.16824,11444.64,5714.944,0.0,18519.3705526,209652.229207,4753.314,176.4,19.2,0.0,0.0,0.0,0.0,256432,0.0
7419,2802.734,3349.16824,11444.64,5714.944,0.0,18616.6930953,208412.752665,4707.468,176.4,19.2,0.0,0.0,0.0,0.0,255244,0.0
7420,2802.734,3349.16824,11444.64,5714.944,0.0,19453.7245024,209620.875258,4753.314,176.4,19.2,0.0,0.0,0.0,0.0,257335,0.0
7421,2802.734,3349.16824,11444.64,5714.944,0.0,20823.420259,212007.438,4949.514,224.941501025,19.2,0.0,0.0,0.0,0.0,261336,0.0
7422,5598.58601814,3349.16824,11444.64,5714.944,0.0,21699.5797419,213316.938,5347.944,252.0,19.2,0.0,0.0,0.0,0.0,266743,0.0
7423,10094.1922636,3349.16824,11444.64,5714.944,0.0,22440.9734964,213316.938,5347.944,252.0,19.2,0.0,0.0,0.0,0.0,271980,0.0
7424,10112.6009133,3349.16824,11444.64,5714.944,4956.68152631,22628.8833204,213316.938,5347.944,252.0,19.2,0.0,0.0,0.0,0.0,277143,0.0
7425,5719.53846779,3349.16824,11444.64,5714.944,15316.5748366,19619.0524556,213316.938,5347.944,252.0,19.2,0.0,0.0,0.0,0.0,280100,0.0
7426,3689.34416907,3349.16824,11444.64,5714.944,24253.6832506,15378.1383403,213316.938,5347.944,252.0,19.2,0.0,0.0,0.0,0.0,282766,0.0
7427,2802.734,3349.16824,11444.64,5714.944,31224.744386,18818.805638,206356.1085,4039.25523601,176.4,19.2,0.0,0.0,0.0,0.0,283946,0.0
7428,2802.734,3349.16824,11444.64,5714.944,35659.005205,21628.1586509,201355.177904,2800.872,8.1,19.2,0.0,0.0,0.0,0.0,284782,0.0
7429,2802.734,3349.16824,11444.64,5714.944,36741.3641954,21750.7583487,199535.219216,2800.872,8.1,19.2,0.0,0.0,0.0,0.0,284167,0.0
7430,2802.734,3349.16824,11444.64,5714.944,34935.0414186,20327.0974011,201846.20294,2800.872,8.1,19.2,0.0,0.0,0.0,0.0,283248,0.0
7431,2802.734,3349.16824,11444.64,5714.944,30151.9648122,18444.2437829,206204.448165,3244.257,176.4,19.2,0.0,0.0,0.0,0.0,281552,0.0
7432,2802.734,3349.16824,11444.64,5714.944,23038.4430589,17417.4034629,212979.438,5166.02923814,252.0,19.2,0.0,0.0,0.0,0.0,282184,0.0
7433,18418.3161694,3349.16824,11444.64,5714.944,12308.4719423,16494.3776484,213316.938,5347.944,252.0,19.2,0.0,0.0,0.0,0.0,286666,0.0
7434,34901.6052679,3349.16824,11444.64,5714.944,719.436459263,15292.1240329,213316.938,5347.944,252.0,19.2,0.0,0.0,0.0,0.0,290358,0.0
7435,35200.2134923,3349.16824,11444.64,5714.944,0.0,16752.9522677,213316.938,5347.944,252.0,19.2,0.0,0.0,0.0,0.0,291398,0.0
7436,32886.277041,3349.16824,11444.64,5714.944,0.0,18699.888719,213316.938,5347.944,252.0,19.2,0.0,0.0,0.0,0.0,291031,0.0
7437,28299.5780199,3349.16824,11444.64,5714.944,0.0,18748.5877401,213316.938,5347.944,252.0,19.2,0.0,0.0,0.0,0.0,286493,0.0
7438,19865.6868404,3349.16824,11444.64,5714.944,0.0,18123.4789196,213316.938,5347.944,252.0,19.2,0.0,0.0,0.0,0.0,277434,0.0
7439,12611.3377242,3349.16824,11444.64,5714.944,0.0,17334.8280358,213316.938,5347.944,252.0,19.2,0.0,0.0,0.0,0.0,269391,0.0
7440,7401.19781315,3349.16824,11444.64,5714.944,0.0,16934.6257274,213316.938,5347.944,282.342219413,19.2,0.0,0.0,0.0,0.0,263811,0.0
7441,2832.082,3305.86003,11444.64,5714.944,0.0,16902.0509139,214352.809056,5044.014,176.4,19.2,0.0,0.0,0.0,0.0,259792,0.0
7442,2832.082,3305.86003,11444.64,5714.944,0.0,17321.6970109,210731.358959,4852.818,176.4,19.2,0.0,0.0,0.0,0.0,256399,0.0
7443,2832.082,3305.86003,11444.64,5714.944,0.0,17288.4056015,210323.3085,4256.15986846,176.4,19.2,0.0,0.0,0.0,0.0,255361,0.0
7444,2832.082,3305.86003,11444.64,5714.944,0.0,17735.9411388,211287.114831,4852.818,176.4,19.2,0.0,0.0,0.0,0.0,257369,0.0
7445,2832.082,3305.86003,11444.64,5714.944,0.0,17904.3625745,215730.497396,5143.014,176.4,19.2,0.0,0.0,0.0,0.0,262271,0.0
7446,6347.90089153,3305.86003,11444.64,5714.944,0.0,17606.7730785,218617.938,5734.944,370.8,19.2,0.0,0.0,0.0,0.0,269163,0.0
7447,12387.4595892,3305.86003,11444.64,5714.944,0.0,17676.2143808,218752.938,5734.944,370.8,19.2,0.0,0.0,0.0,0.0,275407,0.0
7448,13444.8953813,3305.86003,11444.64,5714.944,5078.90516594,17441.8734228,218752.938,5734.944,370.8,19.2,0.0,0.0,0.0,0.0,281309,0.0
7449,12025.5610114,3305.86003,11444.64,5714.944,14615.2646813,13380.8482774,218752.938,5734.944,370.8,19.2,0.0,0.0,0.0,0.0,285365,0.0
7450,10343.5786126,3305.86003,11444.64,5714.944,23682.1716098,9159.9237476,218752.938,5734.944,370.8,19.2,0.0,0.0,0.0,0.0,288529,0.0
7451,2832.082,3305.86003,11444.64,5714.944,30765.1935416,13159.8970426,216639.519386,5285.664,252.0,19.2,0.0,0.0,0.0,0.0,289419,0.0
7452,2832.082,3305.86003,11444.64,5714.944,34968.0136258,16429.9173175,210452.125027,4852.818,176.4,19.2,0.0,0.0,0.0,0.0,290196,0.0
7453,2832.082,3305.86003,11444.64,5714.944,35984.8223152,17844.8737151,209126.42094,3437.757,176.4,19.2,0.0,0.0,0.0,0.0,289887,0.0
7454,2832.082,3305.86003,11444.64,5714.944,34588.231704,18483.9935552,208706.891711,3437.757,176.4,19.2,0.0,0.0,0.0,0.0,288710,0.0
7455,2832.082,3305.86003,11444.64,5714.944,29977.9968288,19296.3530034,210215.3085,3642.21563773,176.4,19.2,0.0,0.0,0.0,0.0,286625,0.0
7456,2832.082,3305.86003,11444.64,5714.944,23120.0826697,20084.4051908,214997.372109,5143.014,176.4,19.2,0.0,0.0,0.0,0.0,286838,0.0
7457,15057.9539106,3305.86003,11444.64,5714.944,12155.6477783,18427.0722811,218617.938,5734.944,370.8,19.2,0.0,0.0,0.0,0.0,290849,0.0
7458,33471.6312794,3305.86003,11444.64,5714.944,696.803481521,15069.2392091,218752.938,5734.944,370.8,19.2,0.0,0.0,0.0,0.0,294581,0.0
7459,35224.3574364,3305.86003,11444.64,5714.944,0.0,15606.3165336,218752.938,5734.944,370.8,19.2,0.0,0.0,0.0,0.0,296174,0.0
7460,32056.6007678,3305.86003,11444.64,5714.944,0.0,18109.0732022,218752.938,5734.944,370.8,19.2,0.0,0.0,0.0,0.0,295509,0.0
7461,24908.2244225,3305.86003,11444.64,5714.944,0.0,20013.9205944,218681.466953,5734.944,370.8,19.2,0.0,0.0,0.0,0.0,290194,0.0
7462,16074.5574445,3305.86003,11444.64,5714.944,0.0,20183.1165255,218752.938,5734.944,370.8,19.2,0.0,0.0,0.0,0.0,281601,0.0
7463,9215.40327269,3305.86003,11444.64,5714.944,0.0,19367.2706973,218617.938,5734.944,370.8,19.2,0.0,0.0,0.0,0.0,273791,0.0
7464,3917.52218019,3305.86003,11444.64,5714.944,0.0,18862.1517898,218752.938,5734.944,370.8,19.2,0.0,0.0,0.0,0.0,268123,0.0
7465,3223.82883057,3262.55182,11444.64,5714.944,0.0,18265.9562038,215825.155146,5477.724,252.0,19.2,0.0,0.0,0.0,0.0,263486,0.0
7466,2832.082,3262.55182,11444.64,5714.944,0.0,18671.75788,213123.4103,5044.014,176.4,19.2,0.0,0.0,0.0,0.0,260289,0.0
7467,2832.082,3262.55182,11444.64,5714.944,0.0,19672.1066518,211206.761528,4915.314,176.4,19.2,0.0,0.0,0.0,0.0,259244,0.0
7468,2832.082,3262.55182,11444.64,5714.944,0.0,19926.8047932,212510.563387,4946.814,176.4,19.2,0.0,0.0,0.0,0.0,260834,0.0
7469,2832.082,3262.55182,11444.64,5714.944,0.0,20261.1213788,215462.246801,5384.214,252.0,19.2,0.0,0.0,0.0,0.0,264633,0.0
7470,7492.17006229,3262.55182,11444.64,5714.944,0.0,20446.4321177,215815.338,5477.724,252.0,19.2,0.0,0.0,0.0,0.0,269925,0.0
7471,12980.7979997,3262.55182,11444.64,5714.944,0.0,20295.8041803,215815.338,5477.724,252.0,19.2,0.0,0.0,0.0,0.0,275263,0.0
7472,13286.6966535,3262.55182,11444.64,5714.944,5004.39260032,19711.5129262,215815.338,5477.724,252.0,19.2,0.0,0.0,0.0,0.0,279989,0.0
7473,10175.9004814,3262.55182,11444.64,5714.944,15093.0953664,15117.6063321,215815.338,5477.724,252.0,19.2,0.0,0.0,0.0,0.0,282373,0.0
7474,5363.41914687,3262.55182,11444.64,5714.944,24224.6681664,12998.5148667,215815.338,5477.724,252.0,19.2,0.0,0.0,0.0,0.0,284573,0.0
7475,2832.082,3262.55182,11444.64,5714.944,31219.0483819,18586.9654656,209018.475333,4536.693,176.4,19.2,0.0,0.0,0.0,0.0,286811,0.0
7476,2832.082,3262.55182,11444.64,5714.944,35154.0053118,20843.2208456,205773.684023,3316.572,8.1,19.2,0.0,0.0,0.0,0.0,288369,0.0
7477,2832.082,3262.55182,11444.64,5714.944,36636.8584954,19723.9669548,205509.08473,3316.572,8.1,19.2,0.0,0.0,0.0,0.0,288468,0.0
7478,2832.082,3262.55182,11444.64,5714.944,35161.3284463,18574.3630377,207213.733696,3437.757,176.4,19.2,0.0,0.0,0.0,0.0,287837,0.0
7479,2832.082,3262.55182,11444.64,5714.944,30939.6560016,17182.7439066,210068.964272,4852.818,176.4,19.2,0.0,0.0,0.0,0.0,286494,0.0
7480,4987.78166396,3262.55182,11444.64,5714.944,23653.4893131,15786.3312029,215815.338,5477.724,252.0,19.2,0.0,0.0,0.0,0.0,286414,0.0
7481,21981.0919384,3262.55182,11444.64,5714.944,12802.2138476,13919.296394,215815.338,5477.724,252.0,19.2,0.0,0.0,0.0,0.0,290689,0.0
7482,36685.0,3262.55182,11444.64,5714.944,754.256799327,12918.0810273,217078.938,5734.944,736.911,21.7333533859,0.0,0.0,0.0,0.0,294352,0.0
7483,36685.0,3262.55182,11444.64,5714.944,0.0,14118.1677553,217078.938,5734.944,736.911,48.9034247494,0.0,0.0,0.0,0.0,294825,0.0
7484,34021.6946186,3262.55182,11444.64,5714.944,0.0,17539.9075614,215815.338,5477.724,252.0,19.2,0.0,0.0,0.0,0.0,293548,0.0
7485,24365.073056,3262.55182,11444.64,5714.944,0.0,21545.529124,215815.338,5477.724,252.0,19.2,0.0,0.0,0.0,0.0,287897,0.0
7486,12707.9620177,3262.55182,11444.64,5714.944,0.0,23302.6401623,215815.338,5477.724,252.0,19.2,0.0,0.0,0.0,0.0,277997,0.0
7487,3351.31173093,3262.55182,11444.64,5714.944,0.0,24562.2904491,215815.338,5477.724,252.0,19.2,0.0,0.0,0.0,0.0,269900,0.0
7488,2832.082,3262.55182,11444.64,5714.944,0.0,26009.7261607,210687.638019,4852.818,176.4,19.2,0.0,0.0,0.0,0.0,265000,0.0
7489,5779.39765047,3233.67968,11444.64,5670.296,0.0,27632.2646695,202996.638,4551.084,370.8,19.2,0.0,0.0,0.0,0.0,261698,0.0
7490,2806.4025,3233.67968,11444.64,5670.296,0.0,29501.286667,202012.211153,4354.884,176.4,19.2,0.0,0.0,0.0,0.0,259219,0.0
7491,2806.4025,3233.67968,11444.64,5670.296,0.0,31305.9615329,199425.532287,4260.888,176.4,19.2,0.0,0.0,0.0,0.0,258343,0.0
7492,2806.4025,3233.67968,11444.64,5670.296,0.0,31603.7915274,200769.702293,4260.888,176.4,19.2,0.0,0.0,0.0,0.0,259985,0.0
7493,2806.4025,3233.67968,11444.64,5670.296,0.0,32463.1017068,202996.638,4464.64211319,176.4,19.2,0.0,0.0,0.0,0.0,263275,0.0
7494,6238.70097017,3233.67968,11444.64,5670.296,0.0,33555.7613498,202996.638,4551.084,252.0,19.2,0.0,0.0,0.0,0.0,267962,0.0
7495,8948.60652318,3233.67968,11444.64,5670.296,0.0,34839.8557968,202996.638,4551.084,252.0,19.2,0.0,0.0,0.0,0.0,271956,0.0
7496,7611.41421718,3233.67968,11444.64,5670.296,4579.86117315,35183.3869297,202996.638,4551.084,370.8,19.2,0.0,0.0,0.0,0.0,275661,0.0
7497,3642.67081411,3233.67968,11444.64,5670.296,13762.8000818,30504.1914241,202996.638,4551.084,370.8,19.2,0.0,0.0,0.0,0.0,276196,0.0
7498,3282.41882539,3233.67968,11444.64,5670.296,21738.9821658,22697.2613288,202996.638,4551.084,370.8,19.2,0.0,0.0,0.0,0.0,276005,0.0
7499,2806.4025,3233.67968,11444.64,5670.296,28413.3786493,24519.4736944,195590.9835,2695.84597633,8.1,19.2,0.0,0.0,0.0,0.0,274402,0.0
7500,2806.4025,3233.67968,11444.64,5670.296,32322.5523838,26924.421123,188144.266313,2402.442,8.1,19.2,0.0,0.0,0.0,0.0,272976,0.0
7501,2806.4025,3233.67968,11444.64,5670.296,33589.3826705,23945.0127839,187744.844366,2402.442,8.1,19.2,0.0,0.0,0.0,0.0,270864,0.0
7502,2806.4025,3233.67968,11444.64,5670.296,32181.1218981,20427.2551276,191058.862794,2402.442,8.1,19.2,0.0,0.0,0.0,0.0,269252,0.0
7503,2806.4025,3233.67968,11444.64,5670.296,27877.9782483,18528.0177031,195041.743869,2559.942,8.1,19.2,0.0,0.0,0.0,0.0,267190,0.0
7504,2806.4025,3233.67968,11444.64,5670.296,21042.3074529,17336.9799234,201273.756444,4306.338,176.4,19.2,0.0,0.0,0.0,0.0,267310,0.0
7505,16063.0779196,3233.67968,11444.64,5670.296,10723.2947424,16570.92511,202996.638,4551.084,313.164548084,19.2,0.0,0.0,0.0,0.0,271586,0.0
7506,30795.4259881,3233.67968,11444.64,5670.296,595.424582998,16581.6117489,202996.638,4551.084,252.0,19.2,0.0,0.0,0.0,0.0,276140,0.0
7507,33287.5620552,3233.67968,11444.64,5670.296,0.0,17259.9002648,202996.638,4551.084,252.0,19.2,0.0,0.0,0.0,0.0,278715,0.0
7508,30850.9045825,3233.67968,11444.64,5670.296,0.0,19936.5577375,202996.638,4551.084,252.0,19.2,0.0,0.0,0.0,0.0,278955,0.0
7509,25417.912686,3233.67968,11444.64,5670.296,0.0,22364.549634,202996.638,4551.084,252.0,19.2,0.0,0.0,0.0,0.0,275950,0.0
7510,17745.6532122,3233.67968,11444.64,5670.296,0.0,22997.8091078,202996.638,4551.084,252.0,19.2,0.0,0.0,0.0,0.0,268911,0.0
7511,10934.5995624,3233.67968,11444.64,5670.296,0.0,22866.8627576,202996.638,4551.084,252.0,19.2,0.0,0.0,0.0,0.0,261969,0.0
7512,6750.61849359,3233.67968,11444.64,5670.296,0.0,22627.8438264,202996.638,4551.084,252.0,19.2,0.0,0.0,0.0,0.0,257546,0.0
7513,2560.613,3233.67968,11444.64,5714.944,0.0,22210.2225178,206490.578802,3065.022,8.1,19.2,0.0,0.0,0.0,0.0,254747,0.0
7514,2560.613,3233.67968,11444.64,5714.944,0.0,21942.295952,204643.505368,3065.022,8.1,19.2,0.0,0.0,0.0,0.0,252632,0.0
7515,2560.613,3233.67968,11444.64,5714.944,0.0,21291.2177803,204497.58354,3065.022,8.1,19.2,0.0,0.0,0.0,0.0,251835,0.0
7516,2560.613,3233.67968,11444.64,5714.944,0.0,20408.129137,207567.672183,3065.022,8.1,19.2,0.0,0.0,0.0,0.0,254022,0.0
7517,2560.613,3233.67968,11444.64,5714.944,0.0,19475.1097799,212643.00654,3508.407,176.4,19.2,0.0,0.0,0.0,0.0,258776,0.0
7518,2560.613,3233.67968,11444.64,5714.944,0.0,18718.9698097,218022.948,5147.60551032,176.4,19.2,0.0,0.0,0.0,0.0,265039,0.0
7519,2560.613,3233.67968,11444.64,5714.944,0.0,18004.8046992,223724.724621,5805.594,370.8,19.2,0.0,0.0,0.0,0.0,270879,0.0
7520,4515.54218781,3233.67968,11444.64,5714.944,4609.00817753,17156.8929547,223945.938,5876.244,484.911,19.2,0.0,0.0,0.0,0.0,277001,0.0
7521,2560.613,3233.67968,11444.64,5714.944,14151.7315608,14283.9528059,223458.844953,5805.594,370.8,19.2,0.0,0.0,0.0,0.0,281044,0.0
7522,2560.613,3233.67968,11444.64,5714.944,22639.7638718,10110.6953032,221526.370145,5612.094,252.0,19.2,0.0,0.0,0.0,0.0,283114,0.0
7523,2560.613,3233.67968,11444.64,5714.944,28565.0283572,8790.11486523,219114.716098,5213.664,176.4,19.2,0.0,0.0,0.0,0.0,284833,0.0
7524,2560.613,3233.67968,11444.64,5714.944,31267.0539621,8672.07714115,218047.728217,5213.664,176.4,19.2,0.0,0.0,0.0,0.0,286350,0.0
7525,2560.613,3233.67968,11444.64,5714.944,31665.6989697,7470.45652198,218846.703828,5213.664,176.4,19.2,0.0,0.0,0.0,0.0,286346,0.0
7526,2560.613,3233.67968,11444.64,5714.944,30614.759353,5366.06987231,221358.000095,5612.094,252.0,19.2,0.0,0.0,0.0,0.0,286176,0.0
7527,3980.83818118,3233.67968,11444.64,5714.944,26538.5336324,4190.07150643,223945.938,5876.244,484.911,19.2,0.0,0.0,0.0,0.0,285429,0.0
7528,10548.918719,3233.67968,11444.64,5714.944,20611.9424948,4207.58210615,223945.938,5876.244,484.911,19.2,0.0,0.0,0.0,0.0,286088,0.0
7529,23194.6727986,3233.67968,11444.64,5714.944,11398.5207741,4986.24974728,223945.938,5876.244,484.911,19.2,0.0,0.0,0.0,0.0,290299,0.0
7530,36544.280997,3233.67968,11444.64,5714.944,660.285579801,5737.87674325,223945.938,5876.244,484.911,19.2,0.0,0.0,0.0,0.0,293662,0.0
7531,36514.5449273,3233.67968,11444.64,5714.944,0.0,7357.80656705,223945.938,5876.244,456.002825645,19.2,0.0,0.0,0.0,0.0,294563,0.0
7532,33725.6434292,3233.67968,11444.64,5714.944,0.0,9850.91089081,223945.938,5876.244,370.8,19.2,0.0,0.0,0.0,0.0,294182,0.0
7533,26602.99492,3233.67968,11444.64,5714.944,0.0,12346.5594,223945.938,5876.244,370.8,19.2,0.0,0.0,0.0,0.0,289555,0.0
7534,16559.0658416,3233.67968,11444.64,5714.944,0.0,13223.4884784,223945.938,5876.244,370.8,19.2,0.0,0.0,0.0,0.0,280388,0.0
7535,7377.90449838,3233.67968,11444.64,5714.944,0.0,14071.6498216,223945.938,5876.244,370.8,19.2,0.0,0.0,0.0,0.0,272055,0.0
7536,2560.613,3233.67968,11444.64,5714.944,0.0,15548.4560649,222137.073255,5805.594,370.8,19.2,0.0,0.0,0.0,0.0,266835,0.0
7537,2531.265,3233.67968,11444.64,5625.648,0.0,17668.4931251,217167.010195,5213.664,176.4,19.2,0.0,0.0,0.0,0.0,263080,0.0
7538,2531.265,3233.67968,11444.64,5625.648,0.0,19377.973936,213156.0585,4839.13488399,176.4,19.2,0.0,0.0,0.0,0.0,260404,0.0
7539,2531.265,3233.67968,11444.64,5625.648,0.0,21130.7255993,212363.034721,3508.407,176.4,19.2,0.0,0.0,0.0,0.0,260033,0.0
7540,2531.265,3233.67968,11444.64,5625.648,0.0,18999.2884046,215734.414915,5017.464,176.4,19.2,0.0,0.0,0.0,0.0,262782,0.0
7541,2531.265,3233.67968,11444.64,5625.648,0.0,16248.0835587,221893.089761,5805.594,370.8,19.2,0.0,0.0,0.0,0.0,267172,0.0
7542,8785.0725397,3233.67968,11444.64,5625.648,0.0,14358.2777803,222645.438,5876.244,370.8,19.2,0.0,0.0,0.0,0.0,272359,0.0
7543,13906.8552723,3233.67968,11444.64,5625.648,0.0,13403.4950477,222645.438,5876.244,370.8,19.2,0.0,0.0,0.0,0.0,276526,0.0
7544,13979.8542552,3233.67968,11444.64,5625.648,4740.26856601,12661.1164987,222645.438,5876.244,484.911,19.2,0.0,0.0,0.0,0.0,280711,0.0
7545,8553.76826439,3233.67968,11444.64,5625.648,14067.6043892,10710.8666665,222645.438,5876.244,484.911,19.2,0.0,0.0,0.0,0.0,282662,0.0
7546,4586.64470111,3233.67968,11444.64,5625.648,22210.5941364,7650.9174886,222645.438,5876.244,395.993993848,19.2,0.0,0.0,0.0,0.0,283689,0.0
7547,2531.265,3233.67968,11444.64,5625.648,28495.268144,6546.07231527,219846.888,5553.33886069,252.0,19.2,0.0,0.0,0.0,0.0,283548,0.0
7548,2531.265,3233.67968,11444.64,5625.648,32341.4727646,7097.90015535,216378.3304,5017.464,176.4,19.2,0.0,0.0,0.0,0.0,283866,0.0
7549,2531.265,3233.67968,11444.64,5625.648,34356.9406428,6875.52652873,214467.232148,4923.468,176.4,19.2,0.0,0.0,0.0,0.0,283654,0.0
7550,2531.265,3233.67968,11444.64,5625.648,33000.6520716,6132.17568538,216413.875563,5017.464,176.4,19.2,0.0,0.0,0.0,0.0,283595,0.0
7551,2531.265,3233.67968,11444.64,5625.648,28518.5572939,5714.03087979,220023.885146,5612.094,252.0,19.2,0.0,0.0,0.0,0.0,282975,0.0
7552,6155.72715041,3233.67968,11444.64,5625.648,21865.8023585,6773.82081112,222645.438,5876.244,370.8,19.2,0.0,0.0,0.0,0.0,284011,0.0
7553,19342.7674371,3233.67968,11444.64,5625.648,11981.1225615,8710.46032136,222645.438,5876.244,370.8,19.2,0.0,0.0,0.0,0.0,289250,0.0
7554,34371.8084419,3233.67968,11444.64,5625.648,675.613832233,9299.92804589,222645.438,5876.244,370.8,19.2,0.0,0.0,0.0,0.0,293563,0.0
7555,34700.232697,3233.67968,11444.64,5625.648,0.0,11120.117623,222645.438,5876.244,370.8,19.2,0.0,0.0,0.0,0.0,295036,0.0
7556,29744.3757185,3233.67968,11444.64,5625.648,0.0,15349.9746015,222645.438,5876.244,370.8,19.2,0.0,0.0,0.0,0.0,294310,0.0
7557,21407.9618647,3233.67968,11444.64,5625.648,0.0,19479.3884553,222645.438,5876.244,370.8,19.2,0.0,0.0,0.0,0.0,290103,0.0
7558,9502.74015759,3233.67968,11444.64,5625.648,0.0,21643.6101624,222645.438,5876.244,370.8,19.2,0.0,0.0,0.0,0.0,280362,0.0
7559,2531.265,3233.67968,11444.64,5625.648,0.0,22964.9018962,219909.571424,5612.094,252.0,19.2,0.0,0.0,0.0,0.0,271593,0.0
7560,2531.265,3233.67968,11444.64,5625.648,0.0,24083.299292,213499.400028,4923.468,176.4,19.2,0.0,0.0,0.0,0.0,265537,0.0
7561,6127.26003473,3204.80754,11444.64,5558.676,0.0,25125.2944253,205390.638,4551.084,176.4,19.2,0.0,0.0,0.0,0.0,261598,0.0
7562,2971.46851055,3204.80754,11444.64,5558.676,0.0,25400.4859494,205390.638,4551.084,252.0,19.2,0.0,0.0,0.0,0.0,258793,0.0
7563,2512.9225,3204.80754,11444.64,5558.676,0.0,25351.2820312,205004.987929,4452.084,176.4,19.2,0.0,0.0,0.0,0.0,257725,0.0
7564,4867.0847631,3204.80754,11444.64,5558.676,0.0,23872.8696969,205390.638,4551.084,252.0,19.2,0.0,0.0,0.0,0.0,259161,0.0
7565,10730.3814688,3204.80754,11444.64,5558.676,0.0,21638.5729912,205390.638,4551.084,252.0,19.2,0.0,0.0,0.0,0.0,262790,0.0
7566,15602.0379068,3204.80754,11444.64,5558.676,0.0,21068.9165532,205390.638,4551.084,252.0,19.2,0.0,0.0,0.0,0.0,267092,0.0
7567,20012.2759452,3204.80754,11444.64,5558.676,0.0,20097.6785148,205390.638,4551.084,252.0,19.2,0.0,0.0,0.0,0.0,270531,0.0
7568,20292.2791281,3204.80754,11444.64,5558.676,4763.02363956,19560.2516923,205390.638,4551.084,176.4,19.2,0.0,0.0,0.0,0.0,274961,0.0
7569,14606.8313007,3204.80754,11444.64,5558.676,14605.4951266,19064.2280327,205390.638,4551.084,176.4,19.2,0.0,0.0,0.0,0.0,278622,0.0
7570,6822.29776762,3204.80754,11444.64,5558.676,23442.3460147,20470.9106777,205390.638,4551.084,176.4,19.2,0.0,0.0,0.0,0.0,281081,0.0
7571,2512.9225,3204.80754,11444.64,5558.676,30218.6607155,23575.4791998,201388.326045,4260.888,176.4,19.2,0.0,0.0,0.0,0.0,282360,0.0
7572,2512.9225,3204.80754,11444.64,5558.676,33568.3087511,26158.5742083,198242.644001,2845.827,176.4,19.2,0.0,0.0,0.0,0.0,283732,0.0
7573,2512.9225,3204.80754,11444.64,5558.676,33732.5808592,26891.2305129,197774.960588,2775.582,176.4,19.2,0.0,0.0,0.0,0.0,284091,0.0
7574,2512.9225,3204.80754,11444.64,5558.676,31655.6785965,27101.1050111,198924.743352,2845.827,176.4,19.2,0.0,0.0,0.0,0.0,283444,0.0
7575,2512.9225,3204.80754,11444.64,5558.676,26752.2059501,28279.4415637,200861.6985,3825.00794622,176.4,19.2,0.0,0.0,0.0,0.0,282635,0.0
7576,2512.9225,3204.80754,11444.64,5558.676,20536.4905791,31863.4000409,203961.57934,4354.884,176.4,19.2,0.0,0.0,0.0,0.0,283633,0.0
7577,11842.1904102,3204.80754,11444.64,5558.676,10770.0396968,35016.8443834,205390.638,4551.084,203.879969605,19.2,0.0,0.0,0.0,0.0,288002,0.0
7578,29133.6962498,3204.80754,11444.64,5558.676,576.156893479,31396.1013167,205390.638,4551.084,252.0,19.2,0.0,0.0,0.0,0.0,291527,0.0
7579,30214.9659112,3204.80754,11444.64,5558.676,0.0,31634.9885488,205390.638,4551.084,252.0,19.2,0.0,0.0,0.0,0.0,292271,0.0
7580,23294.4398062,3204.80754,11444.64,5558.676,0.0,36925.5146538,205390.638,4551.084,252.0,19.2,0.0,0.0,0.0,0.0,290641,0.0
7581,13766.5542969,3204.80754,11444.64,5558.676,0.0,41429.4001631,205390.638,4551.084,252.0,19.2,0.0,0.0,0.0,0.0,285617,0.0
7582,2512.9225,3204.80754,11444.64,5558.676,0.0,45429.4366578,203769.033302,4354.884,176.4,19.2,0.0,0.0,0.0,0.0,276470,0.0
7583,2512.9225,3204.80754,11444.64,5558.676,0.0,48173.3287455,194356.883214,2402.442,8.1,19.2,0.0,0.0,0.0,0.0,267681,0.0
7584,2512.9225,3204.80754,11444.64,5558.676,0.0,50032.0838017,186553.128158,2402.442,8.1,19.2,0.0,0.0,0.0,0.0,261736,0.0
7585,2384.525,3161.49933,11444.64,5469.38,0.0,51722.4424222,181453.971248,2206.242,8.1,19.2,0.0,0.0,0.0,0.0,257870,0.0
7586,2384.525,3161.49933,11444.64,5469.38,0.0,52466.9324591,177803.481211,2206.242,8.1,19.2,0.0,0.0,0.0,0.0,254964,0.0
7587,2384.525,3161.49933,11444.64,5469.38,0.0,52812.0678827,176763.345787,2206.242,8.1,19.2,0.0,0.0,0.0,0.0,254269,0.0
7588,2384.525,3161.49933,11444.64,5469.38,0.0,50239.6213133,182165.792357,2206.242,8.1,19.2,0.0,0.0,0.0,0.0,257099,0.0
7589,2384.525,3161.49933,11444.64,5469.38,0.0,46503.6770064,190888.051664,2649.627,176.4,19.2,0.0,0.0,0.0,0.0,262697,0.0
7590,8296.25593061,3161.49933,11444.64,5469.38,0.0,43756.1677394,192967.173,4158.684,252.0,19.2,0.0,0.0,0.0,0.0,269525,0.0
7591,16129.534174,3161.49933,11444.64,5469.38,0.0,41214.089496,192967.173,4158.684,370.8,19.2,0.0,0.0,0.0,0.0,274935,0.0
7592,18890.9841702,3161.49933,11444.64,5469.38,4358.96110472,39118.678395,192967.173,4158.684,370.8,19.2,0.0,0.0,0.0,0.0,279960,0.0
7593,14478.2629955,3161.49933,11444.64,5469.38,13237.6918322,37084.6688423,192967.173,4158.684,370.8,19.2,0.0,0.0,0.0,0.0,282392,0.0
7594,3381.87276715,3161.49933,11444.64,5469.38,19943.8399204,41722.9109824,192967.173,4158.684,370.8,19.2,0.0,0.0,0.0,0.0,282640,0.0
7595,2384.525,3161.49933,11444.64,5469.38,24152.2472846,48650.1800148,183391.986371,2206.242,8.1,19.2,0.0,0.0,0.0,0.0,280888,0.0
7596,2384.525,3161.49933,11444.64,5469.38,25146.5066549,53739.2534734,175973.653542,2206.242,8.1,19.2,0.0,0.0,0.0,0.0,279553,0.0
7597,2384.525,3161.49933,11444.64,5469.38,27748.1660211,55839.5669463,169641.680703,2206.242,8.1,19.2,0.0,0.0,0.0,0.0,277923,0.0
7598,2384.525,3161.49933,11444.64,5469.38,24957.5342654,56347.6047371,170191.274667,2206.242,8.1,19.2,0.0,0.0,0.0,0.0,276190,0.0
7599,2384.525,3161.49933,11444.64,5469.38,22051.1334882,55876.113037,171703.167145,2206.242,8.1,19.2,0.0,0.0,0.0,0.0,274324,0.0
7600,2384.525,3161.49933,11444.64,5469.38,16713.5011848,52251.9102903,181788.002195,2206.242,8.1,19.2,0.0,0.0,0.0,0.0,275447,0.0
7601,10244.9238057,3161.49933,11444.64,5469.38,8689.68273108,44578.0171332,192967.173,4158.684,370.8,19.2,0.0,0.0,0.0,0.0,281104,0.0
7602,32165.5764787,3161.49933,11444.64,5469.38,441.216152033,35600.8310392,192967.173,4158.684,370.8,19.2,0.0,0.0,0.0,0.0,285799,0.0
7603,35477.3129055,3161.49933,11444.64,5469.38,0.0,35404.3107645,192967.173,4158.684,370.8,19.2,0.0,0.0,0.0,0.0,288473,0.0
7604,31795.898696,3161.49933,11444.64,5469.38,0.0,38961.4498954,192967.173,4158.684,337.075078563,19.2,0.0,0.0,0.0,0.0,288315,0.0
7605,22960.0417652,3161.49933,11444.64,5469.38,0.0,42871.5819048,192967.173,4158.684,370.8,19.2,0.0,0.0,0.0,0.0,283423,0.0
7606,10593.4998114,3161.49933,11444.64,5469.38,0.0,45603.9238586,192967.173,4158.684,252.0,19.2,0.0,0.0,0.0,0.0,273670,0.0
7607,2384.525,3161.49933,11444.64,5469.38,0.0,46425.1809558,192111.273,2999.90171416,176.4,19.2,0.0,0.0,0.0,0.0,264192,0.0
7608,2384.525,3161.49933,11444.64,5469.38,0.0,46496.1835492,186099.230121,2206.242,8.1,19.2,0.0,0.0,0.0,0.0,257289,0.0
7609,2336.8345,3103.75505,11444.64,5380.084,0.0,45919.9536489,181816.280801,2737.152,8.1,19.2,0.0,0.0,0.0,0.0,252766,0.0
7610,2336.8345,3103.75505,11444.64,5380.084,0.0,45337.8834821,178800.350968,2737.152,8.1,19.2,0.0,0.0,0.0,0.0,249168,0.0
7611,2336.8345,3103.75505,11444.64,5380.084,0.0,45044.0899644,177690.144486,2737.152,8.1,19.2,0.0,0.0,0.0,0.0,247764,0.0
7612,2336.8345,3103.75505,11444.64,5380.084,0.0,44342.3722826,180399.862167,2737.152,8.1,19.2,0.0,0.0,0.0,0.0,249772,0.0
7613,2336.8345,3103.75505,11444.64,5380.084,0.0,43315.4075634,186353.826887,2737.152,8.1,19.2,0.0,0.0,0.0,0.0,254699,0.0
7614,2336.8345,3103.75505,11444.64,5380.084,0.0,42127.4881657,194314.746284,2737.152,8.1,19.2,0.0,0.0,0.0,0.0,261472,0.0
7615,2336.8345,3103.75505,11444.64,5380.084,0.0,41300.545101,200643.004349,3180.537,176.4,19.2,0.0,0.0,0.0,0.0,267585,0.0
7616,2336.8345,3103.75505,11444.64,5380.084,4036.63001731,40007.6397046,202533.8985,3750.91822806,176.4,19.2,0.0,0.0,0.0,0.0,272790,0.0
7617,2336.8345,3103.75505,11444.64,5380.084,11130.3580893,37929.1001069,201047.091254,3180.537,176.4,19.2,0.0,0.0,0.0,0.0,275748,0.0
7618,2336.8345,3103.75505,11444.64,5380.084,17091.2791175,34930.8576757,199217.897657,3059.352,8.1,19.2,0.0,0.0,0.0,0.0,276592,0.0
7619,2336.8345,3103.75505,11444.64,5380.084,22130.4583142,33927.2534226,194881.522713,2737.152,8.1,19.2,0.0,0.0,0.0,0.0,275969,0.0
7620,2336.8345,3103.75505,11444.64,5380.084,24590.5964911,32882.8313033,192704.806656,2737.152,8.1,19.2,0.0,0.0,0.0,0.0,275208,0.0
7621,2336.8345,3103.75505,11444.64,5380.084,24691.6610685,30365.5411181,193731.032263,2737.152,8.1,19.2,0.0,0.0,0.0,0.0,273818,0.0
7622,2336.8345,3103.75505,11444.64,5380.084,25206.1093821,25258.4961625,196521.628905,2737.152,8.1,19.2,0.0,0.0,0.0,0.0,272016,0.0
7623,2336.8345,3103.75505,11444.64,5380.084,22586.5109522,20631.9695553,201545.068942,3180.537,176.4,19.2,0.0,0.0,0.0,0.0,270405,0.0
7624,3657.75335903,3103.75505,11444.64,5380.084,16705.9225816,18299.9130094,207605.538,4885.794,176.4,19.2,0.0,0.0,0.0,0.0,271279,0.0
7625,18729.3406114,3103.75505,11444.64,5380.084,9366.42467823,15872.9058071,207485.455853,4885.794,176.4,19.2,0.0,0.0,0.0,0.0,276464,0.0
7626,36278.2718162,3103.75505,11444.64,5380.084,430.736945155,12802.5801887,207470.538,4885.794,176.4,19.2,0.0,0.0,0.0,0.0,281992,0.0
7627,36685.0,3103.75505,11444.64,5380.084,0.0,12571.6262112,207856.638,5220.504,1070.52073881,1488.232,0.0,0.0,0.0,0.0,284821,0.0
7628,36685.0,3103.75505,11444.64,5380.084,0.0,14534.70797,207856.638,5220.504,736.911,36.759979993,0.0,0.0,0.0,0.0,284999,0.0
7629,31479.8328641,3103.75505,11444.64,5380.084,0.0,16522.7560859,207470.538,4885.794,176.4,19.2,0.0,0.0,0.0,0.0,280483,0.0
7630,20629.5015997,3103.75505,11444.64,5380.084,0.0,17664.0873503,207605.538,4885.794,176.4,19.2,0.0,0.0,0.0,0.0,270909,0.0
7631,11061.3256694,3103.75505,11444.64,5380.084,0.0,17903.2632806,207605.538,4885.794,176.4,19.2,0.0,0.0,0.0,0.0,261580,0.0
7632,5154.44508024,3103.75505,11444.64,5380.084,0.0,17678.1438698,207605.538,4885.794,176.4,19.2,0.0,0.0,0.0,0.0,255448,0.0
7633,2223.111,3103.75505,11444.64,5290.788,0.0,17324.0081977,206531.499752,4595.598,176.4,19.2,0.0,0.0,0.0,0.0,250709,0.0
7634,2223.111,3103.75505,11444.64,5290.788,0.0,17161.6018277,204647.967122,3180.537,176.4,19.2,0.0,0.0,0.0,0.0,247248,0.0
7635,2223.111,3103.75505,11444.64,5290.788,0.0,16736.1506639,203600.418286,3180.537,176.4,19.2,0.0,0.0,0.0,0.0,245775,0.0
7636,2223.111,3103.75505,11444.64,5290.788,0.0,16980.801463,204907.1085,3477.19598698,176.4,19.2,0.0,0.0,0.0,0.0,247623,0.0
7637,2223.111,3103.75505,11444.64,5290.788,0.0,17047.4275814,208332.084369,4689.594,176.4,19.2,0.0,0.0,0.0,0.0,252327,0.0
7638,4886.40228852,3103.75505,11444.64,5290.788,0.0,17504.9726615,211246.938,5220.504,370.8,19.2,0.0,0.0,0.0,0.0,259088,0.0
7639,9694.3556984,3103.75505,11444.64,5290.788,0.0,18537.0192516,211246.938,5220.504,370.8,19.2,0.0,0.0,0.0,0.0,264928,0.0
7640,9374.79284847,3103.75505,11444.64,5290.788,4197.29870944,19892.0833921,211246.938,5220.504,252.0,19.2,0.0,0.0,0.0,0.0,270042,0.0
7641,2223.111,3103.75505,11444.64,5290.788,13186.6330758,21135.6061714,211176.822703,5019.444,252.0,19.2,0.0,0.0,0.0,0.0,272852,0.0
7642,2223.111,3103.75505,11444.64,5290.788,21179.7161651,21096.2763966,204961.1085,3514.00488828,176.4,19.2,0.0,0.0,0.0,0.0,273009,0.0
7643,2223.111,3103.75505,11444.64,5290.788,26694.7148917,21279.4222478,198636.116811,2737.152,8.1,19.2,0.0,0.0,0.0,0.0,271437,0.0
7644,2223.111,3103.75505,11444.64,5290.788,29408.7439705,20010.0936164,195064.416363,2737.152,8.1,19.2,0.0,0.0,0.0,0.0,269310,0.0
7645,2223.111,3103.75505,11444.64,5290.788,31485.6010703,16898.3023354,193937.350544,2737.152,8.1,19.2,0.0,0.0,0.0,0.0,267148,0.0
7646,2223.111,3103.75505,11444.64,5290.788,30662.0599075,13804.8057497,195919.388293,2737.152,8.1,19.2,0.0,0.0,0.0,0.0,265213,0.0
7647,2223.111,3103.75505,11444.64,5290.788,26328.083599,12211.3679741,200422.802377,2737.152,8.1,19.2,0.0,0.0,0.0,0.0,263789,0.0
7648,2223.111,3103.75505,11444.64,5290.788,19368.7259461,11256.9022397,207193.883764,4689.594,176.4,19.2,0.0,0.0,0.0,0.0,264767,0.0
7649,13663.7956937,3103.75505,11444.64,5290.788,10757.7926322,10089.5866241,211246.938,5220.504,252.0,19.2,0.0,0.0,0.0,0.0,271089,0.0
7650,32049.5355797,3103.75505,11444.64,5290.788,464.509909982,8005.12946029,211246.938,5220.504,252.0,19.2,0.0,0.0,0.0,0.0,277097,0.0
7651,35601.4379572,3103.75505,11444.64,5290.788,0.0,7859.73699285,211246.938,5220.504,252.0,19.2,0.0,0.0,0.0,0.0,280039,0.0
7652,35149.3708454,3103.75505,11444.64,5290.788,0.0,8992.80410457,211246.938,5220.504,252.0,19.2,0.0,0.0,0.0,0.0,280720,0.0
7653,30876.6004339,3103.75505,11444.64,5290.788,0.0,9811.57451605,211246.938,5220.504,252.0,19.2,0.0,0.0,0.0,0.0,277266,0.0
7654,20879.2484051,3103.75505,11444.64,5290.788,0.0,11290.9265449,211246.938,5220.504,252.0,19.2,0.0,0.0,0.0,0.0,268748,0.0
7655,11155.9812654,3103.75505,11444.64,5290.788,0.0,12759.3420363,211246.938,5220.504,327.851648351,19.2,0.0,0.0,0.0,0.0,260569,0.0
7656,3181.02448409,3103.75505,11444.64,5290.788,0.0,14570.3504659,211246.938,5220.504,370.8,19.2,0.0,0.0,0.0,0.0,254448,0.0
7657,3293.22460984,3060.44684,11444.64,5223.816,0.0,16267.0395502,205984.638,4551.084,484.911,19.2,0.0,0.0,0.0,0.0,250329,0.0
7658,2105.719,3060.44684,11444.64,5223.816,0.0,17698.7895515,203133.100609,4260.888,176.4,19.2,0.0,0.0,0.0,0.0,247123,0.0
7659,2105.719,3060.44684,11444.64,5223.816,0.0,19438.066692,201223.4985,2971.21296802,176.4,19.2,0.0,0.0,0.0,0.0,245663,0.0
7660,2105.719,3060.44684,11444.64,5223.816,0.0,20075.1592437,201277.4985,3796.12041627,176.4,19.2,0.0,0.0,0.0,0.0,247179,0.0
7661,2105.719,3060.44684,11444.64,5223.816,0.0,20533.175021,203747.719139,4354.884,176.4,19.2,0.0,0.0,0.0,0.0,250666,0.0
7662,4082.08844916,3060.44684,11444.64,5223.816,0.0,20849.2867108,205984.638,4551.084,370.8,19.2,0.0,0.0,0.0,0.0,255586,0.0
7663,8798.64531983,3060.44684,11444.64,5223.816,0.0,21053.7298402,205984.638,4551.084,370.8,19.2,0.0,0.0,0.0,0.0,260507,0.0
7664,7959.09722044,3060.44684,11444.64,5223.816,4524.7087396,21200.4582,205984.638,4551.084,484.911,19.2,0.0,0.0,0.0,0.0,264453,0.0
7665,2105.719,3060.44684,11444.64,5223.816,14198.7804309,20580.2108516,204818.238,4393.54887743,176.4,19.2,0.0,0.0,0.0,0.0,266021,0.0
7666,2105.719,3060.44684,11444.64,5223.816,23483.2183389,24283.1937473,194134.224074,2402.442,8.1,19.2,0.0,0.0,0.0,0.0,266165,0.0
7667,2105.719,3060.44684,11444.64,5223.816,29096.3431607,29919.2871734,181851.005826,2402.442,8.1,19.2,0.0,0.0,0.0,0.0,265131,0.0
7668,2105.719,3060.44684,11444.64,5223.816,32632.7810145,30999.5296877,175610.325458,2402.442,8.1,19.2,0.0,0.0,0.0,0.0,263507,0.0
7669,2105.719,3060.44684,11444.64,5223.816,35419.3063449,28102.5612766,173941.668539,2275.542,8.1,19.2,0.0,0.0,0.0,0.0,261601,0.0
7670,2105.719,3060.44684,11444.64,5223.816,33101.0321632,24413.6791002,177840.924897,2402.442,8.1,19.2,0.0,0.0,0.0,0.0,259620,0.0
7671,2105.719,3060.44684,11444.64,5223.816,28842.5258017,21205.8637691,183638.246589,2402.442,8.1,19.2,0.0,0.0,0.0,0.0,257951,0.0
7672,2105.719,3060.44684,11444.64,5223.816,21093.0122893,19055.8505807,194074.77329,2402.442,8.1,19.2,0.0,0.0,0.0,0.0,258488,0.0
7673,4717.77545861,3060.44684,11444.64,5223.816,11349.1531154,17186.335586,205984.638,4551.084,484.911,19.2,0.0,0.0,0.0,0.0,264022,0.0
7674,26222.7588765,3060.44684,11444.64,5223.816,471.872777269,12305.352636,205984.638,4551.084,400.190870303,19.2,0.0,0.0,0.0,0.0,269684,0.0
7675,32212.7206094,3060.44684,11444.64,5223.816,0.0,10224.6545506,205984.638,4551.084,370.8,19.2,0.0,0.0,0.0,0.0,273092,0.0
7676,32480.8974779,3060.44684,11444.64,5223.816,0.0,11022.4776821,205984.638,4551.084,370.8,19.2,0.0,0.0,0.0,0.0,274158,0.0
7677,28906.9697736,3060.44684,11444.64,5223.816,0.0,12366.4053864,205984.638,4551.084,370.8,19.2,0.0,0.0,0.0,0.0,271928,0.0
7678,20504.9862845,3060.44684,11444.64,5223.816,0.0,13276.3888755,205984.638,4551.084,370.8,19.2,0.0,0.0,0.0,0.0,264436,0.0
7679,12304.2576018,3060.44684,11444.64,5223.816,0.0,14135.1175582,205984.638,4551.084,370.8,19.2,0.0,0.0,0.0,0.0,257094,0.0
7680,5628.95111842,3060.44684,11444.64,5223.816,0.0,15849.4240416,205984.638,4551.084,370.8,19.2,0.0,0.0,0.0,0.0,252133,0.0
7681,2120.393,3002.70256,11444.64,5156.844,0.0,17818.1110682,206008.437372,3316.572,8.1,19.2,0.0,0.0,0.0,0.0,248895,0.0
7682,2120.393,3002.70256,11444.64,5156.844,0.0,19678.5038152,201738.244625,2994.372,8.1,19.2,0.0,0.0,0.0,0.0,246163,0.0
7683,2120.393,3002.70256,11444.64,5156.844,0.0,21302.798214,199107.950226,2994.372,8.1,19.2,0.0,0.0,0.0,0.0,245157,0.0
7684,2120.393,3002.70256,11444.64,5156.844,0.0,20919.0881112,202054.660329,2994.372,8.1,19.2,0.0,0.0,0.0,0.0,247720,0.0
7685,2120.393,3002.70256,11444.64,5156.844,0.0,19532.5945507,208073.468889,3437.757,176.4,19.2,0.0,0.0,0.0,0.0,252964,0.0
7686,2120.393,3002.70256,11444.64,5156.844,0.0,17884.8898859,214924.316554,5143.014,252.0,19.2,0.0,0.0,0.0,0.0,259948,0.0
7687,6599.06748649,3002.70256,11444.64,5156.844,0.0,16545.8639535,217456.938,5734.944,370.8,19.2,0.0,0.0,0.0,0.0,266331,0.0
7688,8926.92301892,3002.70256,11444.64,5156.844,4486.76828146,15306.5341504,217456.938,5734.944,417.505989241,19.2,0.0,0.0,0.0,0.0,271953,0.0
7689,5376.62962252,3002.70256,11444.64,5156.844,14485.5046296,12051.7971879,217456.938,5734.944,370.8,19.2,0.0,0.0,0.0,0.0,275100,0.0
7690,2120.393,3002.70256,11444.64,5156.844,23646.0224391,12523.4866869,213142.297314,5044.014,176.4,19.2,0.0,0.0,0.0,0.0,276276,0.0
7691,2120.393,3002.70256,11444.64,5156.844,30467.8248179,15350.3179996,204852.605623,2994.372,8.1,19.2,0.0,0.0,0.0,0.0,275417,0.0
7692,2120.393,3002.70256,11444.64,5156.844,34549.7901435,15074.9259766,200148.03232,2994.372,8.1,19.2,0.0,0.0,0.0,0.0,274519,0.0
7693,2120.393,3002.70256,11444.64,5156.844,35290.1725172,14044.4098776,199610.166045,2994.372,8.1,19.2,0.0,0.0,0.0,0.0,273691,0.0
7694,2120.393,3002.70256,11444.64,5156.844,34110.0455919,13477.481224,200288.221624,2994.372,8.1,19.2,0.0,0.0,0.0,0.0,272622,0.0
7695,2120.393,3002.70256,11444.64,5156.844,30041.650025,13269.9980121,203355.100403,2994.372,8.1,19.2,0.0,0.0,0.0,0.0,271413,0.0
7696,2120.393,3002.70256,11444.64,5156.844,22112.6640948,13730.2869764,210563.051369,4852.818,176.4,19.2,0.0,0.0,0.0,0.0,273179,0.0
7697,11107.6616012,3002.70256,11444.64,5156.844,11942.2868139,13878.9830249,217456.938,5734.944,370.8,19.2,0.0,0.0,0.0,0.0,280115,0.0
7698,30761.1878297,3002.70256,11444.64,5156.844,441.561078632,12271.1825316,217456.938,5734.944,370.8,19.2,0.0,0.0,0.0,0.0,286660,0.0
7699,33731.3017459,3002.70256,11444.64,5156.844,0.0,12801.6296941,217456.938,5734.944,370.8,19.2,0.0,0.0,0.0,0.0,289719,0.0
7700,32673.311886,3002.70256,11444.64,5156.844,0.0,14240.619554,217456.938,5734.944,370.8,19.2,0.0,0.0,0.0,0.0,290100,0.0
7701,27413.6039926,3002.70256,11444.64,5156.844,0.0,15167.3274474,217456.938,5734.944,370.8,19.2,0.0,0.0,0.0,0.0,285767,0.0
7702,17572.2691412,3002.70256,11444.64,5156.844,0.0,15018.6622988,217456.938,5734.944,370.8,19.2,0.0,0.0,0.0,0.0,275777,0.0
7703,8425.65770131,3002.70256,11444.64,5156.844,0.0,14732.2737387,217456.938,5734.944,370.8,19.2,0.0,0.0,0.0,0.0,266344,0.0
7704,2228.27777414,3002.70256,11444.64,5156.844,0.0,14430.6536659,217456.938,5734.944,370.8,19.2,0.0,0.0,0.0,0.0,259845,0.0
7705,4607.94002438,2944.95828,11444.64,5112.196,0.0,14250.8236956,211246.938,5220.504,370.8,19.2,0.0,0.0,0.0,0.0,255218,0.0
7706,2135.067,2944.95828,11444.64,5112.196,0.0,13970.304202,211070.840518,4885.794,252.0,19.2,0.0,0.0,0.0,0.0,251835,0.0
7707,2135.067,2944.95828,11444.64,5112.196,0.0,14019.1047225,210129.639997,4885.794,176.4,19.2,0.0,0.0,0.0,0.0,250867,0.0
7708,2759.51340276,2944.95828,11444.64,5112.196,0.0,13199.2503172,211246.938,5220.504,370.8,19.2,0.0,0.0,0.0,0.0,252318,0.0
7709,6406.9577977,2944.95828,11444.64,5112.196,0.0,12988.8059223,211246.938,5220.504,370.8,19.2,0.0,0.0,0.0,0.0,255755,0.0
7710,11102.6298095,2944.95828,11444.64,5112.196,0.0,13340.1339105,211246.938,5220.504,370.8,19.2,0.0,0.0,0.0,0.0,260802,0.0
7711,14137.748868,2944.95828,11444.64,5112.196,0.0,14695.0148521,211246.938,5220.504,370.8,19.2,0.0,0.0,0.0,0.0,265192,0.0
7712,12936.4037054,2944.95828,11444.64,5112.196,4474.38347367,16163.865541,211246.938,5220.504,484.911,19.2,0.0,0.0,0.0,0.0,270048,0.0
7713,8439.55086277,2944.95828,11444.64,5112.196,14422.9542155,14263.6341223,211246.938,5220.504,464.424519474,19.2,0.0,0.0,0.0,0.0,273579,0.0
7714,2135.067,2944.95828,11444.64,5112.196,23630.051687,16923.3670919,208943.325941,4786.794,176.4,19.2,0.0,0.0,0.0,0.0,276116,0.0
7715,2135.067,2944.95828,11444.64,5112.196,30602.6279096,24936.8506042,196789.208206,2737.152,8.1,19.2,0.0,0.0,0.0,0.0,276730,0.0
7716,2135.067,2944.95828,11444.64,5112.196,34743.5982421,28639.4065024,189986.681976,2737.152,8.1,19.2,0.0,0.0,0.0,0.0,277771,0.0
7717,2135.067,2944.95828,11444.64,5112.196,35517.0125392,29674.2255767,187987.448604,2737.152,8.1,19.2,0.0,0.0,0.0,0.0,277580,0.0
7718,2135.067,2944.95828,11444.64,5112.196,32636.6008391,29196.7384109,190582.34747,2737.152,8.1,19.2,0.0,0.0,0.0,0.0,276817,0.0
7719,2135.067,2944.95828,11444.64,5112.196,27335.606142,28287.9658148,195100.114763,2737.152,8.1,19.2,0.0,0.0,0.0,0.0,275125,0.0
7720,2135.067,2944.95828,11444.64,5112.196,21097.4981961,27135.4107146,203168.092809,3180.537,176.4,19.2,0.0,0.0,0.0,0.0,276414,0.0
7721,8338.94499771,2944.95828,11444.64,5112.196,11418.7124427,25919.1062796,211246.938,5220.504,370.8,19.2,0.0,0.0,0.0,0.0,282036,0.0
7722,28959.9771842,2944.95828,11444.64,5112.196,406.356765284,21048.4297706,211246.938,5220.504,370.8,19.2,0.0,0.0,0.0,0.0,286774,0.0
7723,31430.2154397,2944.95828,11444.64,5112.196,0.0,20889.5482803,211246.938,5220.504,370.8,19.2,0.0,0.0,0.0,0.0,288679,0.0
7724,28497.8737775,2944.95828,11444.64,5112.196,0.0,23410.8899425,211246.938,5220.504,370.8,19.2,0.0,0.0,0.0,0.0,288268,0.0
7725,21704.040875,2944.95828,11444.64,5112.196,0.0,25418.722845,211246.938,5220.504,370.8,19.2,0.0,0.0,0.0,0.0,283482,0.0
7726,9573.46705541,2944.95828,11444.64,5112.196,0.0,27790.2966646,211246.938,5220.504,370.8,19.2,0.0,0.0,0.0,0.0,273723,0.0
7727,2135.067,2944.95828,11444.64,5112.196,0.0,29480.6141854,208485.330535,4689.594,176.4,19.2,0.0,0.0,0.0,0.0,264488,0.0
7728,2135.067,2944.95828,11444.64,5112.196,0.0,30503.8157263,202405.185994,3180.537,176.4,19.2,0.0,0.0,0.0,0.0,257922,0.0
7729,2120.393,2901.65007,11444.64,5089.872,0.0,29664.8310305,199396.441899,2800.872,8.1,19.2,0.0,0.0,0.0,0.0,253446,0.0
7730,2120.393,2901.65007,11444.64,5089.872,0.0,28254.4349068,197331.838023,2800.872,8.1,19.2,0.0,0.0,0.0,0.0,249971,0.0
7731,2120.393,2901.65007,11444.64,5089.872,0.0,26498.8148601,197821.45807,2800.872,8.1,19.2,0.0,0.0,0.0,0.0,248705,0.0
7732,2120.393,2901.65007,11444.64,5089.872,0.0,23897.1905576,202348.642372,3174.012,176.4,19.2,0.0,0.0,0.0,0.0,251172,0.0
7733,2120.393,2901.65007,11444.64,5089.872,0.0,22697.2613288,207292.269601,4753.314,176.4,19.2,0.0,0.0,0.0,0.0,256495,0.0
7734,4281.58360539,2901.65007,11444.64,5089.872,0.0,22523.3723246,211561.938,5347.944,370.8,19.2,0.0,0.0,0.0,0.0,263541,0.0
7735,10600.7050513,2901.65007,11444.64,5089.872,0.0,22601.2508787,211561.938,5347.944,370.8,19.2,0.0,0.0,0.0,0.0,269938,0.0
7736,11117.218453,2901.65007,11444.64,5089.872,4505.38748559,22494.2389914,211561.938,5347.944,484.911,19.2,0.0,0.0,0.0,0.0,274967,0.0
7737,6708.69029216,2901.65007,11444.64,5089.872,14330.1243622,19860.0302757,211561.938,5347.944,484.911,19.2,0.0,0.0,0.0,0.0,277749,0.0
7738,2120.393,2901.65007,11444.64,5089.872,23469.5182331,21314.1475489,206982.861148,4659.318,176.4,19.2,0.0,0.0,0.0,0.0,278178,0.0
7739,2120.393,2901.65007,11444.64,5089.872,30004.2341944,26266.6936893,196153.345046,2800.872,8.1,19.2,0.0,0.0,0.0,0.0,276809,0.0
7740,2120.393,2901.65007,11444.64,5089.872,33728.376873,28122.2724637,189185.623593,2800.872,8.1,19.2,0.0,0.0,0.0,0.0,275421,0.0
7741,2120.393,2901.65007,11444.64,5089.872,35155.9840229,26959.9579194,187752.330988,2800.872,8.1,19.2,0.0,0.0,0.0,0.0,274253,0.0
7742,2120.393,2901.65007,11444.64,5089.872,33722.3675247,25086.9575447,189932.947861,2800.872,8.1,19.2,0.0,0.0,0.0,0.0,273127,0.0
7743,2120.393,2901.65007,11444.64,5089.872,29062.1697686,23244.190397,195601.912764,2800.872,8.1,19.2,0.0,0.0,0.0,0.0,272293,0.0
7744,2120.393,2901.65007,11444.64,5089.872,22628.1375568,22703.3109942,203478.139379,3244.257,176.4,19.2,0.0,0.0,0.0,0.0,273806,0.0
7745,9458.42409562,2901.65007,11444.64,5089.872,11931.4797472,21324.9410872,211561.938,5347.944,484.911,19.2,0.0,0.0,0.0,0.0,279565,0.0
7746,29995.558579,2901.65007,11444.64,5089.872,440.244214796,17911.0421362,211561.938,5347.944,484.911,19.2,0.0,0.0,0.0,0.0,285197,0.0
7747,33116.4918225,2901.65007,11444.64,5089.872,0.0,18003.3531075,211561.938,5347.944,484.911,19.2,0.0,0.0,0.0,0.0,287970,0.0
7748,30674.986371,2901.65007,11444.64,5089.872,0.0,20386.858559,211561.938,5347.944,484.911,19.2,0.0,0.0,0.0,0.0,287912,0.0
7749,25350.8084038,2901.65007,11444.64,5089.872,0.0,21667.3166266,211561.938,5347.944,414.630899578,19.2,0.0,0.0,0.0,0.0,283798,0.0
7750,15916.5556471,2901.65007,11444.64,5089.872,0.0,22181.4002829,211561.938,5347.944,370.8,19.2,0.0,0.0,0.0,0.0,274834,0.0
7751,7594.86947896,2901.65007,11444.64,5089.872,0.0,22117.086451,211561.938,5347.944,370.8,19.2,0.0,0.0,0.0,0.0,266448,0.0
7752,2120.393,2901.65007,11444.64,5089.872,0.0,21692.2688838,211561.938,5347.944,261.094046245,19.2,0.0,0.0,0.0,0.0,260439,0.0
7753,2164.415,2872.77793,11444.64,5067.548,0.0,21629.1458452,209483.651225,3387.222,176.4,19.2,0.0,0.0,0.0,0.0,256245,0.0
7754,2164.415,2872.77793,11444.64,5067.548,0.0,22107.9259036,206284.371166,3065.022,8.1,19.2,0.0,0.0,0.0,0.0,253034,0.0
7755,2164.415,2872.77793,11444.64,5067.548,0.0,22555.2501421,205022.046928,3065.022,8.1,19.2,0.0,0.0,0.0,0.0,252219,0.0
7756,2164.415,2872.77793,11444.64,5067.548,0.0,22335.6870993,207718.609971,3065.022,8.1,19.2,0.0,0.0,0.0,0.0,254696,0.0
7757,2164.415,2872.77793,11444.64,5067.548,0.0,22299.7030054,212580.1935,3529.12256464,176.4,19.2,0.0,0.0,0.0,0.0,260154,0.0
7758,2164.415,2872.77793,11444.64,5067.548,0.0,22417.7463295,218084.608741,5213.664,176.4,19.2,0.0,0.0,0.0,0.0,267461,0.0
7759,3814.62617895,2872.77793,11444.64,5067.548,0.0,22319.6758911,222208.488,5876.244,370.8,19.2,0.0,0.0,0.0,0.0,273994,0.0
7760,5550.59611227,2872.77793,11444.64,5067.548,4310.91409635,22167.6808614,222208.488,5876.244,484.911,19.2,0.0,0.0,0.0,0.0,280003,0.0
7761,3337.2140958,2872.77793,11444.64,5067.548,13498.1431748,19401.8337994,222208.488,5876.244,484.911,19.2,0.0,0.0,0.0,0.0,284211,0.0
7762,2164.415,2872.77793,11444.64,5067.548,22290.3922783,20610.4750784,215671.687713,5017.464,176.4,19.2,0.0,0.0,0.0,0.0,285335,0.0
7763,2164.415,2872.77793,11444.64,5067.548,29310.5458318,25808.0685155,204012.682723,3065.022,8.1,19.2,0.0,0.0,0.0,0.0,283773,0.0
7764,2164.415,2872.77793,11444.64,5067.548,32780.5340921,26345.9003357,198313.862642,3065.022,8.1,19.2,0.0,0.0,0.0,0.0,282082,0.0
7765,2164.415,2872.77793,11444.64,5067.548,34577.7912005,25215.9289063,196446.576963,3065.022,8.1,19.2,0.0,0.0,0.0,0.0,280882,0.0
7766,2164.415,2872.77793,11444.64,5067.548,33146.5934031,23326.6482248,198606.055442,3065.022,8.1,19.2,0.0,0.0,0.0,0.0,279721,0.0
7767,2164.415,2872.77793,11444.64,5067.548,28421.2633889,20948.800541,205284.23314,3065.022,8.1,19.2,0.0,0.0,0.0,0.0,279296,0.0
7768,2164.415,2872.77793,11444.64,5067.548,21877.2359278,19643.4503159,213116.864826,4923.468,176.4,19.2,0.0,0.0,0.0,0.0,281306,0.0
7769,11540.66642,2872.77793,11444.64,5067.548,11359.8371454,17260.0371639,222208.488,5876.244,449.561340678,19.2,0.0,0.0,0.0,0.0,288099,0.0
7770,32099.7168755,2872.77793,11444.64,5067.548,295.258516839,13363.3266777,222208.488,5876.244,370.8,19.2,0.0,0.0,0.0,0.0,293618,0.0
7771,35745.122078,2872.77793,11444.64,5067.548,0.0,12243.179992,222208.488,5876.244,370.8,19.2,0.0,0.0,0.0,0.0,295848,0.0
7772,33711.4019656,2872.77793,11444.64,5067.548,0.0,13480.9001044,222208.488,5876.244,370.8,19.2,0.0,0.0,0.0,0.0,295052,0.0
7773,27604.0622523,2872.77793,11444.64,5067.548,0.0,14596.2398177,222208.488,5876.244,370.8,19.2,0.0,0.0,0.0,0.0,290060,0.0
7774,18545.6745615,2872.77793,11444.64,5067.548,0.0,13986.6275085,222208.488,5876.244,370.8,19.2,0.0,0.0,0.0,0.0,280392,0.0
7775,9767.91839057,2872.77793,11444.64,5067.548,0.0,13904.3836794,222208.488,5876.244,370.8,19.2,0.0,0.0,0.0,0.0,271532,0.0
7776,2526.60686947,2872.77793,11444.64,5067.548,0.0,14616.6952005,222208.488,5876.244,370.8,19.2,0.0,0.0,0.0,0.0,265003,0.0
7777,2157.078,2829.46972,11444.64,5000.576,0.0,15836.3919162,217554.280364,5165.964,176.4,19.2,0.0,0.0,0.0,0.0,260184,0.0
7778,2157.078,2829.46972,11444.64,5000.576,0.0,17254.6920946,214155.037185,3656.907,176.4,19.2,0.0,0.0,0.0,0.0,256694,0.0
7779,2157.078,2829.46972,11444.64,5000.576,0.0,19046.8369322,211591.077348,3371.022,8.1,19.2,0.0,0.0,0.0,0.0,255468,0.0
7780,2157.078,2829.46972,11444.64,5000.576,0.0,19123.9562906,213240.772989,3656.907,176.4,19.2,0.0,0.0,0.0,0.0,257649,0.0
7781,2157.078,2829.46972,11444.64,5000.576,0.0,17837.4448576,218426.227422,5165.964,176.4,19.2,0.0,0.0,0.0,0.0,263057,0.0
7782,2157.078,2829.46972,11444.64,5000.576,0.0,16951.8552287,225908.637051,6024.744,370.8,19.2,0.0,0.0,0.0,0.0,270707,0.0
7783,10118.1245725,2829.46972,11444.64,5000.576,0.0,16030.0077075,225943.938,6173.244,370.8,19.2,0.0,0.0,0.0,0.0,277930,0.0
7784,13310.8324682,2829.46972,11444.64,5000.576,4116.17104963,15167.8062447,225943.938,6173.244,441.122517495,19.2,0.0,0.0,0.0,0.0,284447,0.0
7785,10028.7198455,2829.46972,11444.64,5000.576,13992.6614243,12833.7510102,225943.938,6173.244,370.8,19.2,0.0,0.0,0.0,0.0,288637,0.0
7786,2157.078,2829.46972,11444.64,5000.576,22754.7139848,12882.8359291,225890.942366,6024.744,370.8,19.2,0.0,0.0,0.0,0.0,289375,0.0
7787,2157.078,2829.46972,11444.64,5000.576,29422.1040088,14921.8843529,216212.679918,5071.968,176.4,19.2,0.0,0.0,0.0,0.0,287256,0.0
7788,2157.078,2829.46972,11444.64,5000.576,33042.2311723,15667.8084815,211654.0935,3421.80312622,8.1,19.2,0.0,0.0,0.0,0.0,285245,0.0
7789,2157.078,2829.46972,11444.64,5000.576,34851.0282666,15112.2881626,208887.097851,3213.522,8.1,19.2,0.0,0.0,0.0,0.0,283523,0.0
7790,2157.078,2829.46972,11444.64,5000.576,33505.2167015,14245.3543269,209443.843252,3213.522,8.1,19.2,0.0,0.0,0.0,0.0,281867,0.0
7791,2157.078,2829.46972,11444.64,5000.576,28974.4764437,13073.0441399,213392.208696,3656.907,176.4,19.2,0.0,0.0,0.0,0.0,280724,0.0
7792,2157.078,2829.46972,11444.64,5000.576,21806.609783,11374.198868,221402.063629,5362.164,252.0,19.2,0.0,0.0,0.0,0.0,281648,0.0
7793,14798.9568134,2829.46972,11444.64,5000.576,11150.1928565,9637.9826101,225943.938,6173.244,370.8,19.2,0.0,0.0,0.0,0.0,287369,0.0
7794,32431.072665,2829.46972,11444.64,5000.576,397.465090786,8168.59452424,225943.938,6173.244,370.8,19.2,0.0,0.0,0.0,0.0,292779,0.0
7795,34249.8401032,2829.46972,11444.64,5000.576,0.0,8456.2921768,225943.938,6173.244,370.8,19.2,0.0,0.0,0.0,0.0,294488,0.0
7796,30506.003819,2829.46972,11444.64,5000.576,0.0,10799.128461,225943.938,6173.244,370.8,19.2,0.0,0.0,0.0,0.0,293087,0.0
7797,22289.0435156,2829.46972,11444.64,5000.576,0.0,13872.0887644,225943.938,6173.244,370.8,19.2,0.0,0.0,0.0,0.0,287943,0.0
7798,11664.7405809,2829.46972,11444.64,5000.576,0.0,14407.3916991,225943.938,6173.244,370.8,19.2,0.0,0.0,0.0,0.0,277854,0.0
7799,2784.57441665,2829.46972,11444.64,5000.576,0.0,13732.5578634,225943.938,6173.244,370.8,19.2,0.0,0.0,0.0,0.0,268299,0.0
7800,2157.078,2829.46972,11444.64,5000.576,0.0,13449.185886,221611.586394,5397.264,252.0,19.2,0.0,0.0,0.0,0.0,262161,0.0
7801,2149.741,2757.28937,11444.64,4933.604,0.0,13466.3615877,217046.696042,5818.068,176.4,19.2,0.0,0.0,0.0,0.0,257812,0.0
7802,2149.741,2757.28937,11444.64,4933.604,0.0,14004.9759034,214572.142727,4403.007,176.4,19.2,0.0,0.0,0.0,0.0,254461,0.0
7803,2149.741,2757.28937,11444.64,4933.604,0.0,14771.9689114,213060.394719,4332.762,176.4,19.2,0.0,0.0,0.0,0.0,253646,0.0
7804,2149.741,2757.28937,11444.64,4933.604,0.0,13695.3257766,216016.4385,5059.36135345,176.4,19.2,0.0,0.0,0.0,0.0,256252,0.0
7805,2149.741,2757.28937,11444.64,4933.604,0.0,12211.1502754,221825.111355,6108.264,252.0,19.2,0.0,0.0,0.0,0.0,261701,0.0
7806,3591.01620189,2757.28937,11444.64,4933.604,0.0,11381.1684281,226808.838,7665.444,370.8,19.2,0.0,0.0,0.0,0.0,268972,0.0
7807,11507.4733715,2757.28937,11444.64,4933.604,0.0,10729.7112585,226808.838,7665.444,370.8,19.2,0.0,0.0,0.0,0.0,276237,0.0
7808,14274.0166356,2757.28937,11444.64,4933.604,4308.50402283,10430.5529716,226808.838,7665.444,484.911,19.2,0.0,0.0,0.0,0.0,283127,0.0
7809,10832.0471461,2757.28937,11444.64,4933.604,14133.0744658,8745.95201812,226808.838,7665.444,484.911,19.2,0.0,0.0,0.0,0.0,287825,0.0
7810,5871.15827621,2757.28937,11444.64,4933.604,23205.8066323,6066.51716135,226808.838,7665.444,431.502560147,19.2,0.0,0.0,0.0,0.0,289204,0.0
7811,2149.741,2757.28937,11444.64,4933.604,29890.2353897,7630.58330505,222904.012935,6506.694,252.0,19.2,0.0,0.0,0.0,0.0,288488,0.0
7812,2149.741,2757.28937,11444.64,4933.604,33830.4121284,7443.71837509,218768.931126,5912.064,176.4,19.2,0.0,0.0,0.0,0.0,287436,0.0
7813,2149.741,2757.28937,11444.64,4933.604,34629.914664,6139.41444392,217954.732522,5912.064,176.4,19.2,0.0,0.0,0.0,0.0,286117,0.0
7814,2149.741,2757.28937,11444.64,4933.604,33126.7882349,5581.39223931,218564.881156,5912.064,176.4,19.2,0.0,0.0,0.0,0.0,284666,0.0
7815,2149.741,2757.28937,11444.64,4933.604,29535.8481451,5212.68725063,220939.326234,6108.264,176.4,19.2,0.0,0.0,0.0,0.0,283277,0.0
7816,2149.741,2757.28937,11444.64,4933.604,22589.3467556,5211.00026028,226808.838,7291.54061407,370.8,19.2,0.0,0.0,0.0,0.0,283576,0.0
7817,16698.4741043,2757.28937,11444.64,4933.604,11906.9688318,5152.7416939,226808.838,7665.444,370.8,19.2,0.0,0.0,0.0,0.0,287758,0.0
7818,31563.4432942,2757.28937,11444.64,4933.604,390.661740076,5554.07959571,226808.838,7665.444,370.8,19.2,0.0,0.0,0.0,0.0,291508,0.0
7819,31456.406172,2757.28937,11444.64,4933.604,0.0,7411.77845798,226808.838,7665.444,370.8,19.2,0.0,0.0,0.0,0.0,292868,0.0
7820,28215.7536284,2757.28937,11444.64,4933.604,0.0,10844.4310016,226808.838,7665.444,370.8,19.2,0.0,0.0,0.0,0.0,293060,0.0
7821,20796.0213324,2757.28937,11444.64,4933.604,0.0,14879.1632976,226808.838,7665.444,370.8,19.2,0.0,0.0,0.0,0.0,289675,0.0
7822,9628.55763747,2757.28937,11444.64,4933.604,0.0,17691.6269925,226808.838,7665.444,370.8,19.2,0.0,0.0,0.0,0.0,281320,0.0
7823,2149.741,2757.28937,11444.64,4933.604,0.0,18847.1599757,224922.371654,6700.194,370.8,19.2,0.0,0.0,0.0,0.0,272145,0.0
7824,2149.741,2757.28937,11444.64,4933.604,0.0,18117.5122539,219049.549376,5912.064,176.4,19.2,0.0,0.0,0.0,0.0,264560,0.0
7825,8183.07803456,2713.98116,11444.64,4866.632,0.0,16659.0468054,208816.938,4551.084,176.4,19.2,0.0,0.0,0.0,0.0,257431,0.0
7826,3475.22588758,2713.98116,11444.64,4866.632,0.0,14956.8989524,208816.938,4551.084,176.4,19.2,0.0,0.0,0.0,0.0,251021,0.0
7827,2281.807,2713.98116,11444.64,4866.632,0.0,14286.5673909,207739.688449,4551.084,176.4,19.2,0.0,0.0,0.0,0.0,248080,0.0
7828,3601.44056615,2713.98116,11444.64,4866.632,0.0,12560.6842738,208816.938,4551.084,176.4,19.2,0.0,0.0,0.0,0.0,248751,0.0
7829,7559.93138423,2713.98116,11444.64,4866.632,0.0,10730.1934558,208816.938,4551.084,176.4,19.2,0.0,0.0,0.0,0.0,250879,0.0
7830,12436.254996,2713.98116,11444.64,4866.632,0.0,9963.86984397,208816.938,4551.084,176.4,19.2,0.0,0.0,0.0,0.0,254989,0.0
7831,17433.8883559,2713.98116,11444.64,4866.632,0.0,9216.94612107,208872.228363,4551.084,176.4,19.2,0.0,0.0,0.0,0.0,259295,0.0
7832,17197.2585111,2713.98116,11444.64,4866.632,4224.36424438,8664.50208453,208951.938,4551.084,176.4,19.2,0.0,0.0,0.0,0.0,262810,0.0
7833,11300.663291,2713.98116,11444.64,4866.632,13645.5349426,7350.92660645,208951.938,4551.084,176.4,19.2,0.0,0.0,0.0,0.0,265021,0.0
7834,4839.7059458,2713.98116,11444.64,4866.632,22833.7372356,5979.68165859,208951.938,4551.084,176.4,19.2,0.0,0.0,0.0,0.0,266377,0.0
7835,2281.807,2713.98116,11444.64,4866.632,29672.5200505,7507.29401104,203516.6085,3563.91727842,176.4,19.2,0.0,0.0,0.0,0.0,265763,0.0
7836,2281.807,2713.98116,11444.64,4866.632,33398.2100525,8173.01809891,199505.469689,2559.942,8.1,19.2,0.0,0.0,0.0,0.0,264971,0.0
7837,2281.807,2713.98116,11444.64,4866.632,35323.7374026,8367.60118468,196618.859253,2402.442,8.1,19.2,0.0,0.0,0.0,0.0,264047,0.0
7838,2281.807,2713.98116,11444.64,4866.632,34260.828819,8481.04573506,196750.323286,2402.442,8.1,19.2,0.0,0.0,0.0,0.0,263229,0.0
7839,2281.807,2713.98116,11444.64,4866.632,30030.8076459,8506.22929085,199759.6935,2719.90940322,8.1,19.2,0.0,0.0,0.0,0.0,262351,0.0
7840,2281.807,2713.98116,11444.64,4866.632,22591.0417541,8477.2293569,206688.184729,4354.884,176.4,19.2,0.0,0.0,0.0,0.0,263614,0.0
7841,15983.262773,2713.98116,11444.64,4866.632,12197.1789504,8047.68311661,208951.938,4551.084,176.4,19.2,0.0,0.0,0.0,0.0,268952,0.0
7842,32245.4226707,2713.98116,11444.64,4866.632,434.25235963,8258.4498097,208951.938,4551.084,176.4,19.2,0.0,0.0,0.0,0.0,273662,0.0
7843,31635.402708,2713.98116,11444.64,4866.632,0.0,11502.722132,208951.938,4551.084,176.4,19.2,0.0,0.0,0.0,0.0,275862,0.0
7844,27803.4697956,2713.98116,11444.64,4866.632,0.0,15499.6550444,208951.938,4551.084,176.4,19.2,0.0,0.0,0.0,0.0,276027,0.0
7845,21914.1087057,2713.98116,11444.64,4866.632,0.0,18313.0161343,208951.938,4551.084,176.4,19.2,0.0,0.0,0.0,0.0,272951,0.0
7846,13358.2101909,2713.98116,11444.64,4866.632,0.0,19270.9146491,208951.938,4551.084,176.4,19.2,0.0,0.0,0.0,0.0,265353,0.0
7847,5079.38598381,2713.98116,11444.64,4866.632,0.0,19950.7388562,208951.938,4551.084,176.4,19.2,0.0,0.0,0.0,0.0,257754,0.0
7848,2281.807,2713.98116,11444.64,4866.632,0.0,19521.8943119,207132.361528,4452.084,176.4,19.2,0.0,0.0,0.0,0.0,252609,0.0
7849,2325.829,2742.8533,11444.64,4799.66,0.0,19582.4597651,203570.6085,4164.34943491,176.4,19.2,0.0,0.0,0.0,0.0,248826,0.0
7850,2325.829,2742.8533,11444.64,4799.66,0.0,19523.8665007,201820.724199,2845.827,176.4,19.2,0.0,0.0,0.0,0.0,245699,0.0
7851,2325.829,2742.8533,11444.64,4799.66,0.0,20454.7459701,200091.7935,2724.642,147.636229873,19.2,0.0,0.0,0.0,0.0,244751,0.0
7852,2325.829,2742.8533,11444.64,4799.66,0.0,19832.8857311,203354.6085,3060.92346891,176.4,19.2,0.0,0.0,0.0,0.0,247757,0.0
7853,2325.829,2742.8533,11444.64,4799.66,0.0,19313.2213069,208859.112393,4551.084,176.4,19.2,0.0,0.0,0.0,0.0,254232,0.0
7854,9936.31908893,2742.8533,11444.64,4799.66,0.0,20255.5056111,208951.938,4551.084,370.8,19.2,0.0,0.0,0.0,0.0,263072,0.0
7855,16320.9397874,2742.8533,11444.64,4799.66,0.0,22088.8849126,208951.938,4551.084,370.8,19.2,0.0,0.0,0.0,0.0,271290,0.0
7856,18570.902663,2742.8533,11444.64,4799.66,4191.00173588,22876.7203012,208951.938,4551.084,252.0,19.2,0.0,0.0,0.0,0.0,278400,0.0
7857,15359.7576284,2742.8533,11444.64,4799.66,14046.4519742,20729.4150974,208951.938,4551.084,252.0,19.2,0.0,0.0,0.0,0.0,282897,0.0
7858,8426.66913356,2742.8533,11444.64,4799.66,23166.2680062,20351.6875603,208951.938,4551.084,252.0,19.2,0.0,0.0,0.0,0.0,284706,0.0
7859,2325.829,2742.8533,11444.64,4799.66,30227.6675379,26053.7936083,201554.129554,2845.827,176.4,19.2,0.0,0.0,0.0,0.0,282190,0.0
7860,2325.829,2742.8533,11444.64,4799.66,34329.8877647,28944.4097558,192018.978179,2402.442,8.1,19.2,0.0,0.0,0.0,0.0,279036,0.0
7861,2325.829,2742.8533,11444.64,4799.66,35874.3968637,28062.0689084,189269.809928,2402.442,8.1,19.2,0.0,0.0,0.0,0.0,276949,0.0
7862,2325.829,2742.8533,11444.64,4799.66,34503.1346228,26545.7575912,190543.383486,2402.442,8.1,19.2,0.0,0.0,0.0,0.0,275335,0.0
7863,2325.829,2742.8533,11444.64,4799.66,30055.2626227,25038.3362231,194900.676854,2402.442,8.1,19.2,0.0,0.0,0.0,0.0,273737,0.0
7864,2325.829,2742.8533,11444.64,4799.66,23021.6180102,24723.6982249,202665.274465,2845.827,176.4,19.2,0.0,0.0,0.0,0.0,274765,0.0
7865,11403.3713367,2742.8533,11444.64,4799.66,11580.3500897,24138.9032736,208951.938,4551.084,252.0,19.2,0.0,0.0,0.0,0.0,279884,0.0
7866,31658.63936,2742.8533,11444.64,4799.66,395.594268185,19774.1195676,208951.938,4551.084,268.271504225,19.2,0.0,0.0,0.0,0.0,284606,0.0
7867,33631.7442769,2742.8533,11444.64,4799.66,0.0,19450.0804231,208951.938,4551.084,370.8,19.2,0.0,0.0,0.0,0.0,285962,0.0
7868,30802.8702956,2742.8533,11444.64,4799.66,0.0,21548.9544044,208951.938,4551.084,370.8,19.2,0.0,0.0,0.0,0.0,285232,0.0
7869,25699.6285351,2742.8533,11444.64,4799.66,0.0,21870.1961649,208951.938,4551.084,370.8,19.2,0.0,0.0,0.0,0.0,280450,0.0
7870,15902.6564303,2742.8533,11444.64,4799.66,0.0,22428.1682697,208951.938,4551.084,370.8,19.2,0.0,0.0,0.0,0.0,271211,0.0
7871,6677.71926432,2742.8533,11444.64,4799.66,0.0,23150.1054357,208951.938,4551.084,370.8,19.2,0.0,0.0,0.0,0.0,262708,0.0
7872,2325.829,2742.8533,11444.64,4799.66,0.0,24702.6456454,206233.888055,4354.884,176.4,19.2,0.0,0.0,0.0,0.0,256800,0.0
7873,2410.2045,2713.98116,11444.64,4732.688,0.0,25578.7499287,202190.9985,3142.13791133,176.4,19.2,0.0,0.0,0.0,0.0,252409,0.0
7874,2410.2045,2713.98116,11444.64,4732.688,0.0,26705.4543767,198407.589963,2801.142,8.1,19.2,0.0,0.0,0.0,0.0,249243,0.0
7875,2410.2045,2713.98116,11444.64,4732.688,0.0,28143.7854404,196277.7589,2643.642,8.1,19.2,0.0,0.0,0.0,0.0,248394,0.0
7876,2410.2045,2713.98116,11444.64,4732.688,0.0,30759.8704599,195620.67388,2643.642,8.1,19.2,0.0,0.0,0.0,0.0,250353,0.0
7877,2410.2045,2713.98116,11444.64,4732.688,0.0,33084.9637458,198616.380594,2965.842,8.1,19.2,0.0,0.0,0.0,0.0,255996,0.0
7878,2410.2045,2713.98116,11444.64,4732.688,0.0,34772.4523827,203503.345957,4502.088,176.4,19.2,0.0,0.0,0.0,0.0,264275,0.0
7879,6897.96100343,2713.98116,11444.64,4732.688,0.0,36015.0394674,205164.006369,4596.084,176.4,19.2,0.0,0.0,0.0,0.0,271760,0.0
7880,8751.73163693,2713.98116,11444.64,4732.688,4219.29853385,36608.4781692,204850.4985,4596.084,176.4,19.2,0.0,0.0,0.0,0.0,278113,0.0
7881,7033.03032861,2713.98116,11444.64,4732.688,13672.6010444,33028.876967,204850.4985,4596.084,176.4,19.2,0.0,0.0,0.0,0.0,282268,0.0
7882,2410.2045,2713.98116,11444.64,4732.688,22309.6166173,32866.6869958,202136.9985,3133.58422688,176.4,19.2,0.0,0.0,0.0,0.0,281944,0.0
7883,2410.2045,2713.98116,11444.64,4732.688,29377.246482,37027.8753676,188392.42249,2643.642,8.1,19.2,0.0,0.0,0.0,0.0,278770,0.0
7884,2410.2045,2713.98116,11444.64,4732.688,33692.8312546,35695.7743956,182838.93869,2643.642,8.1,19.2,0.0,0.0,0.0,0.0,276200,0.0
7885,2410.2045,2713.98116,11444.64,4732.688,35148.6208004,31686.0075566,184092.915983,2643.642,8.1,19.2,0.0,0.0,0.0,0.0,274900,0.0
7886,2410.2045,2713.98116,11444.64,4732.688,34052.5483244,28603.0719105,187330.924105,2643.642,8.1,19.2,0.0,0.0,0.0,0.0,273959,0.0
7887,2410.2045,2713.98116,11444.64,4732.688,30416.0013509,26892.6544049,192471.888584,2643.642,8.1,19.2,0.0,0.0,0.0,0.0,273753,0.0
7888,2410.2045,2713.98116,11444.64,4732.688,23062.8949295,24955.9980947,202298.9985,3891.99481576,176.4,19.2,0.0,0.0,0.0,0.0,275707,0.0
7889,19501.4215683,2713.98116,11444.64,4732.688,12028.2612399,22172.8255319,204850.4985,4596.084,176.4,19.2,0.0,0.0,0.0,0.0,282236,0.0
7890,36685.0,2713.98116,11444.64,4732.688,392.200928324,18131.2702751,207289.638,5033.484,736.911,64.1866366027,0.0,0.0,0.0,0.0,287224,0.0
7891,36685.0,2713.98116,11444.64,4732.688,0.0,18780.4497576,207289.638,5033.484,949.023,880.096082379,0.0,0.0,0.0,0.0,288509,0.0
7892,36685.0,2713.98116,11444.64,4732.688,0.0,21202.7629868,206233.043853,4693.284,176.4,19.2,0.0,0.0,0.0,0.0,287901,0.0
7893,32093.9612451,2713.98116,11444.64,4732.688,0.0,22528.5470949,204850.4985,4596.084,176.4,19.2,0.0,0.0,0.0,0.0,283156,0.0
7894,20652.435998,2713.98116,11444.64,4732.688,0.0,24546.072342,204850.4985,4596.084,176.4,19.2,0.0,0.0,0.0,0.0,273732,0.0
7895,10740.4244071,2713.98116,11444.64,4732.688,0.0,26486.0839329,204850.4985,4596.084,176.4,19.2,0.0,0.0,0.0,0.0,265760,0.0
7896,5242.54111264,2713.98116,11444.64,4732.688,0.0,27010.9672274,204850.4985,4596.084,176.4,19.2,0.0,0.0,0.0,0.0,260787,0.0
7897,2571.6185,2685.10902,11444.64,4621.068,0.0,27498.6213349,204649.786145,3367.557,176.4,19.2,0.0,0.0,0.0,0.0,257034,0.0
7898,2571.6185,2685.10902,11444.64,4621.068,0.0,27781.4599153,202134.7935,3039.01106474,8.1,19.2,0.0,0.0,0.0,0.0,254305,0.0
7899,2571.6185,2685.10902,11444.64,4621.068,0.0,28661.3994764,200749.693004,2924.172,8.1,19.2,0.0,0.0,0.0,0.0,253685,0.0
7900,2571.6185,2685.10902,11444.64,4621.068,0.0,28033.1249741,203660.2935,3315.54600594,176.4,19.2,0.0,0.0,0.0,0.0,256527,0.0
7901,2571.6185,2685.10902,11444.64,4621.068,0.0,27594.4071863,209426.943294,4876.614,176.4,19.2,0.0,0.0,0.0,0.0,263416,0.0
7902,7156.96476627,2685.10902,11444.64,4621.068,0.0,27781.7362137,213316.938,5594.544,370.8,19.2,0.0,0.0,0.0,0.0,272991,0.0
7903,16113.6933062,2685.10902,11444.64,4621.068,0.0,27876.0076738,213316.938,5594.544,370.8,19.2,0.0,0.0,0.0,0.0,282042,0.0
7904,19060.3556438,2685.10902,11444.64,4621.068,3880.83738077,28036.3969554,213316.938,5594.544,484.911,19.2,0.0,0.0,0.0,0.0,289144,0.0
7905,17245.3177523,2685.10902,11444.64,4621.068,13317.4634128,24550.8088149,213316.938,5594.544,484.911,19.2,0.0,0.0,0.0,0.0,293280,0.0
7906,6546.30975816,2685.10902,11444.64,4621.068,22844.699621,25642.7204623,213316.938,5594.544,447.771138477,19.2,0.0,0.0,0.0,0.0,293163,0.0
7907,2571.6185,2685.10902,11444.64,4621.068,29318.5298459,31454.3458832,203651.776751,3297.312,176.4,19.2,0.0,0.0,0.0,0.0,289240,0.0
7908,2571.6185,2685.10902,11444.64,4621.068,33809.9889955,32716.0949581,194753.008526,2924.172,8.1,19.2,0.0,0.0,0.0,0.0,285553,0.0
7909,2571.6185,2685.10902,11444.64,4621.068,35141.2746118,29448.6360684,193661.1818,2924.172,8.1,19.2,0.0,0.0,0.0,0.0,282525,0.0
7910,2571.6185,2685.10902,11444.64,4621.068,34380.6899797,24949.4297322,196309.972768,2924.172,8.1,19.2,0.0,0.0,0.0,0.0,279914,0.0
7911,2571.6185,2685.10902,11444.64,4621.068,30312.0833948,20959.5119797,202134.7935,2947.8756055,8.1,19.2,0.0,0.0,0.0,0.0,277704,0.0
7912,2571.6185,2685.10902,11444.64,4621.068,23023.031302,19082.7735264,209950.848,4902.31165152,176.4,19.2,0.0,0.0,0.0,0.0,278477,0.0
7913,16161.6325915,2685.10902,11444.64,4621.068,11714.4667461,18084.6016423,213316.938,5594.544,370.8,19.2,0.0,0.0,0.0,0.0,284013,0.0
7914,33515.9548265,2685.10902,11444.64,4621.068,374.874292627,16404.8718609,213316.938,5594.544,370.8,19.2,0.0,0.0,0.0,0.0,288348,0.0
7915,34290.1242973,2685.10902,11444.64,4621.068,0.0,16872.5766827,213316.938,5594.544,370.8,19.2,0.0,0.0,0.0,0.0,289215,0.0
7916,30531.0500566,2685.10902,11444.64,4621.068,0.0,18681.6509234,213316.938,5594.544,370.8,19.2,0.0,0.0,0.0,0.0,287265,0.0
7917,23864.9290232,2685.10902,11444.64,4621.068,0.0,19653.7719568,213316.938,5594.544,370.8,19.2,0.0,0.0,0.0,0.0,281571,0.0
7918,13099.5544784,2685.10902,11444.64,4621.068,0.0,20257.1465016,213316.938,5594.544,370.8,19.2,0.0,0.0,0.0,0.0,271409,0.0
7919,3855.85729983,2685.10902,11444.64,4621.068,0.0,20522.8436802,213316.938,5594.544,370.8,19.2,0.0,0.0,0.0,0.0,262431,0.0
7920,2571.6185,2685.10902,11444.64,4621.068,0.0,20976.2385839,208625.111896,4876.614,176.4,19.2,0.0,0.0,0.0,0.0,255996,0.0
7921,2582.624,2685.10902,11444.64,4509.448,0.0,22274.8371478,204610.669832,2994.372,8.1,19.2,0.0,0.0,0.0,0.0,251129,0.0
7922,2582.624,2685.10902,11444.64,4509.448,0.0,23877.4867705,199449.020209,2994.372,8.1,19.2,0.0,0.0,0.0,0.0,247570,0.0
7923,2582.624,2685.10902,11444.64,4509.448,0.0,25117.9402674,197480.566713,2994.372,8.1,19.2,0.0,0.0,0.0,0.0,246842,0.0
7924,2582.624,2685.10902,11444.64,4509.448,0.0,23487.3838043,202378.123176,2994.372,8.1,19.2,0.0,0.0,0.0,0.0,250109,0.0
7925,2582.624,2685.10902,11444.64,4509.448,0.0,21779.712983,209872.047997,4852.818,176.4,19.2,0.0,0.0,0.0,0.0,257922,0.0
7926,4861.99304097,2685.10902,11444.64,4509.448,0.0,21053.927939,217267.938,5734.944,370.8,19.2,0.0,0.0,0.0,0.0,267948,0.0
7927,13653.7551509,2685.10902,11444.64,4509.448,0.0,20811.1658291,217267.938,5734.944,370.8,19.2,0.0,0.0,0.0,0.0,276497,0.0
7928,17482.8324339,2685.10902,11444.64,4509.448,3889.62671872,20916.2618274,217267.938,5734.944,252.0,19.2,0.0,0.0,0.0,0.0,284202,0.0
7929,15621.3421327,2685.10902,11444.64,4509.448,13215.8888809,18045.4899663,217267.938,5734.944,252.0,19.2,0.0,0.0,0.0,0.0,288796,0.0
7930,7018.06512032,2685.10902,11444.64,4509.448,22215.9377178,17822.7181419,217267.938,5734.944,252.0,19.2,0.0,0.0,0.0,0.0,288970,0.0
7931,2582.624,2685.10902,11444.64,4509.448,29114.9572622,21331.7141484,209337.8085,4596.09906941,176.4,19.2,0.0,0.0,0.0,0.0,285798,0.0
7932,2582.624,2685.10902,11444.64,4509.448,33212.3081399,22837.0854282,202773.113412,2994.372,8.1,19.2,0.0,0.0,0.0,0.0,283066,0.0
7933,2582.624,2685.10902,11444.64,4509.448,34022.339148,21555.8116652,200459.356167,2994.372,8.1,19.2,0.0,0.0,0.0,0.0,280281,0.0
7934,2582.624,2685.10902,11444.64,4509.448,33275.7607234,19236.8587442,201808.887512,2994.372,8.1,19.2,0.0,0.0,0.0,0.0,278565,0.0
7935,2582.624,2685.10902,11444.64,4509.448,29064.0770828,16337.4826468,207281.26225,3437.757,176.4,19.2,0.0,0.0,0.0,0.0,277538,0.0
7936,2582.624,2685.10902,11444.64,4509.448,21405.855443,14310.6070533,216323.072484,5541.444,252.0,19.2,0.0,0.0,0.0,0.0,279074,0.0
7937,21340.3670331,2685.10902,11444.64,4509.448,10482.4584082,11815.8955387,217267.938,5734.944,252.0,19.2,0.0,0.0,0.0,0.0,285552,0.0
7938,36685.0,2685.10902,11444.64,4509.448,358.593530682,10320.5520015,217267.938,5734.944,736.911,219.864447814,0.0,0.0,0.0,0.0,289963,0.0
7939,36153.7839469,2685.10902,11444.64,4509.448,0.0,11897.8621694,217267.938,5734.944,330.074863755,19.2,0.0,0.0,0.0,0.0,290043,0.0
7940,30436.2803625,2685.10902,11444.64,4509.448,0.0,15137.6406175,217267.938,5734.944,370.8,19.2,0.0,0.0,0.0,0.0,287606,0.0
7941,22057.6888598,2685.10902,11444.64,4509.448,0.0,17250.2321202,217267.938,5734.944,370.8,19.2,0.0,0.0,0.0,0.0,281340,0.0
7942,12129.1135506,2685.10902,11444.64,4509.448,0.0,16916.8074294,217267.938,5734.944,370.8,19.2,0.0,0.0,0.0,0.0,271078,0.0
7943,3869.45616826,2685.10902,11444.64,4509.448,0.0,16413.4648117,217267.938,5734.944,370.8,19.2,0.0,0.0,0.0,0.0,262315,0.0
7944,2582.624,2685.10902,11444.64,4509.448,0.0,16381.3411957,213262.223784,5044.014,176.4,19.2,0.0,0.0,0.0,0.0,256105,0.0
7945,2556.9445,2685.10902,11444.64,4487.124,0.0,16820.289682,209794.885798,3508.407,176.4,19.2,0.0,0.0,0.0,0.0,251493,0.0
7946,2556.9445,2685.10902,11444.64,4487.124,0.0,17433.3265717,206662.533908,3065.022,8.1,19.2,0.0,0.0,0.0,0.0,248362,0.0
7947,2556.9445,2685.10902,11444.64,4487.124,0.0,18154.2695434,205145.590937,3065.022,8.1,19.2,0.0,0.0,0.0,0.0,247566,0.0
7948,2556.9445,2685.10902,11444.64,4487.124,0.0,16534.0579211,209100.117559,3508.407,176.4,19.2,0.0,0.0,0.0,0.0,250512,0.0
7949,2556.9445,2685.10902,11444.64,4487.124,0.0,14651.1490032,216573.769477,5213.664,176.4,19.2,0.0,0.0,0.0,0.0,257808,0.0
7950,8314.25892948,2685.10902,11444.64,4487.124,0.0,13717.3360505,220876.938,5805.594,370.8,19.2,0.0,0.0,0.0,0.0,267721,0.0
7951,16787.4727205,2685.10902,11444.64,4487.124,0.0,13777.8598039,220816.200456,5805.594,370.8,19.2,0.0,0.0,0.0,0.0,276194,0.0
7952,20334.7869892,2685.10902,11444.64,4487.124,3629.59760768,13921.2103831,220714.938,5805.594,370.8,19.2,0.0,0.0,0.0,0.0,283413,0.0
7953,16853.7651833,2685.10902,11444.64,4487.124,12389.7433893,12432.5864074,220809.438,5805.594,370.8,19.2,0.0,0.0,0.0,0.0,287298,0.0
7954,8906.65800664,2685.10902,11444.64,4487.124,20354.4006148,12004.5363585,220714.938,5805.594,370.8,19.2,0.0,0.0,0.0,0.0,286793,0.0
7955,2556.9445,2685.10902,11444.64,4487.124,26348.669502,14946.2604133,215694.988565,5114.664,176.4,19.2,0.0,0.0,0.0,0.0,283474,0.0
7956,2556.9445,2685.10902,11444.64,4487.124,30145.4142493,16928.6491616,209426.112069,3508.407,176.4,19.2,0.0,0.0,0.0,0.0,281378,0.0
7957,2556.9445,2685.10902,11444.64,4487.124,31223.4032921,15742.1778557,207890.779332,3222.522,8.1,19.2,0.0,0.0,0.0,0.0,279280,0.0
7958,2556.9445,2685.10902,11444.64,4487.124,29515.8488889,13429.4376991,209340.888892,3508.407,176.4,19.2,0.0,0.0,0.0,0.0,277164,0.0
7959,2556.9445,2685.10902,11444.64,4487.124,25383.1214389,11786.0260098,212310.967031,4923.468,176.4,19.2,0.0,0.0,0.0,0.0,275773,0.0
7960,2556.9445,2685.10902,11444.64,4487.124,18908.435438,10002.0665252,220688.086517,5805.594,370.8,19.2,0.0,0.0,0.0,0.0,276968,0.0
7961,19144.4174701,2685.10902,11444.64,4487.124,9017.36008011,8551.81742979,220876.938,5805.594,370.8,19.2,0.0,0.0,0.0,0.0,282403,0.0
7962,32778.5523206,2685.10902,11444.64,4487.124,282.033123274,7695.00953612,220876.938,5805.594,370.8,19.2,0.0,0.0,0.0,0.0,286445,0.0
7963,33506.884843,2685.10902,11444.64,4487.124,0.0,8236.21013705,220485.438,5805.594,370.8,19.2,0.0,0.0,0.0,0.0,287041,0.0
7964,28671.6117497,2685.10902,11444.64,4487.124,0.0,10332.9832303,220876.938,5805.594,370.8,19.2,0.0,0.0,0.0,0.0,284694,0.0
7965,21073.5167685,2685.10902,11444.64,4487.124,0.0,11855.5782115,220809.438,5805.594,370.8,19.2,0.0,0.0,0.0,0.0,278551,0.0
7966,11233.1562378,2685.10902,11444.64,4487.124,0.0,11745.4387422,220714.938,5805.594,370.8,19.2,0.0,0.0,0.0,0.0,268506,0.0
7967,4012.75058114,2685.10902,11444.64,4487.124,0.0,10163.8443989,220714.938,5805.594,370.8,19.2,0.0,0.0,0.0,0.0,259704,0.0
7968,2556.9445,2685.10902,11444.64,4487.124,0.0,9575.94466534,217536.373815,5213.664,252.0,19.2,0.0,0.0,0.0,0.0,253771,0.0
7969,2523.928,2685.10902,11444.64,4397.828,0.0,9320.23112963,213897.64985,5143.014,176.4,19.2,0.0,0.0,0.0,0.0,249608,0.0
7970,2523.928,2685.10902,11444.64,4397.828,0.0,9507.05335983,210842.52362,4884.318,176.4,19.2,0.0,0.0,0.0,0.0,246481,0.0
7971,2523.928,2685.10902,11444.64,4397.828,0.0,9804.71645533,209741.360525,4852.818,176.4,19.2,0.0,0.0,0.0,0.0,245646,0.0
7972,2523.928,2685.10902,11444.64,4397.828,0.0,10696.4776488,211548.603331,4946.814,176.4,19.2,0.0,0.0,0.0,0.0,248439,0.0
7973,2523.928,2685.10902,11444.64,4397.828,0.0,12039.7470569,216237.103923,5541.444,252.0,19.2,0.0,0.0,0.0,0.0,255141,0.0
7974,8764.79604668,2685.10902,11444.64,4397.828,0.0,13580.6339333,216808.938,5734.944,484.911,19.2,0.0,0.0,0.0,0.0,263921,0.0
7975,15037.6717742,2685.10902,11444.64,4397.828,0.0,15104.7582058,216808.938,5734.944,484.911,19.2,0.0,0.0,0.0,0.0,271718,0.0
7976,18018.9510796,2685.10902,11444.64,4397.828,3791.73592278,15546.2429776,216808.938,5734.944,570.411,19.2,0.0,0.0,0.0,0.0,279018,0.0
7977,15571.4435656,2685.10902,11444.64,4397.828,13047.7835317,13956.2028827,216808.938,5734.944,484.911,19.2,0.0,0.0,0.0,0.0,284151,0.0
7978,11265.0483072,2685.10902,11444.64,4397.828,21620.3457425,10787.0359303,216808.938,5734.944,484.911,19.2,0.0,0.0,0.0,0.0,285248,0.0
7979,3616.66375454,2685.10902,11444.64,4397.828,27827.1078161,10563.6584094,216808.938,5734.944,484.911,19.2,0.0,0.0,0.0,0.0,283583,0.0
7980,2523.928,2685.10902,11444.64,4397.828,31857.2324401,10070.5211333,213562.127407,5143.014,176.4,19.2,0.0,0.0,0.0,0.0,281880,0.0
7981,2523.928,2685.10902,11444.64,4397.828,33106.9769343,8962.38277878,211642.721267,4946.814,176.4,19.2,0.0,0.0,0.0,0.0,279906,0.0
7982,2523.928,2685.10902,11444.64,4397.828,31238.4855434,8381.97760235,212383.617834,4946.814,176.4,19.2,0.0,0.0,0.0,0.0,278198,0.0
7983,2523.928,2685.10902,11444.64,4397.828,27264.0130953,8527.11547124,214701.152413,5143.014,252.0,19.2,0.0,0.0,0.0,0.0,276958,0.0
7984,6143.66389288,2685.10902,11444.64,4397.828,20021.5616945,9798.20439261,216808.938,5734.944,484.911,19.2,0.0,0.0,0.0,0.0,277539,0.0
7985,20640.8265317,2685.10902,11444.64,4397.828,9555.0720028,10714.5314455,216808.938,5734.944,484.911,19.2,0.0,0.0,0.0,0.0,282486,0.0
7986,33468.5504496,2685.10902,11444.64,4397.828,299.342280455,10841.5854179,216808.938,5734.944,565.862831987,19.2,0.0,0.0,0.0,0.0,286266,0.0
7987,31777.1365972,2685.10902,11444.64,4397.828,0.0,12716.2933828,216808.938,5734.944,484.911,19.2,0.0,0.0,0.0,0.0,286069,0.0
7988,27654.474493,2685.10902,11444.64,4397.828,0.0,14426.955487,216808.938,5734.944,484.911,19.2,0.0,0.0,0.0,0.0,283657,0.0
7989,21009.7278955,2685.10902,11444.64,4397.828,0.0,15946.7020845,216808.938,5734.944,484.911,19.2,0.0,0.0,0.0,0.0,278532,0.0
7990,11569.0034121,2685.10902,11444.64,4397.828,0.0,16508.4265679,216808.938,5734.944,484.911,19.2,0.0,0.0,0.0,0.0,269653,0.0
7991,2523.928,2685.10902,11444.64,4397.828,0.0,17733.813751,216695.538,5678.94322901,252.0,19.2,0.0,0.0,0.0,0.0,261431,0.0
7992,2523.928,2685.10902,11444.64,4397.828,0.0,19220.8377359,210662.239244,4852.818,176.4,19.2,0.0,0.0,0.0,0.0,255983,0.0
7993,13078.4263713,2670.67295,11444.64,4442.476,0.0,21081.9326787,194929.173,4331.079,176.4,19.2,0.0,0.0,0.0,0.0,252174,0.0
7994,7817.42364267,2670.67295,11444.64,4442.476,0.0,23224.9304073,194929.173,4353.084,176.4,19.2,0.0,0.0,0.0,0.0,249078,0.0
7995,4633.4191764,2670.67295,11444.64,4442.476,0.0,25308.9348736,194929.173,4353.084,176.4,19.2,0.0,0.0,0.0,0.0,247978,0.0
7996,6471.62946077,2670.67295,11444.64,4442.476,0.0,25684.7211218,194929.173,4348.08746739,176.4,19.2,0.0,0.0,0.0,0.0,250187,0.0
7997,11582.7605496,2670.67295,11444.64,4442.476,0.0,25391.5935004,194929.173,4353.084,176.4,19.2,0.0,0.0,0.0,0.0,255010,0.0
7998,18221.4069245,2670.67295,11444.64,4442.476,0.0,25264.9471255,194929.173,4353.084,176.4,19.2,0.0,0.0,0.0,0.0,261522,0.0
7999,24408.2726266,2670.67295,11444.64,4442.476,0.0,25859.0814234,194929.173,4353.084,176.4,19.2,0.0,0.0,0.0,0.0,268303,0.0
8000,25526.6752635,2670.67295,11444.64,4442.476,3759.9710494,26799.7077371,194929.173,4353.084,176.4,19.2,0.0,0.0,0.0,0.0,274122,0.0
8001,21746.6086754,2670.67295,11444.64,4442.476,13227.8757004,24103.8696742,194929.173,4353.084,176.4,19.2,0.0,0.0,0.0,0.0,277114,0.0
8002,10443.4991073,2670.67295,11444.64,4442.476,21556.7171105,27953.1378322,194929.173,4353.084,176.4,19.2,0.0,0.0,0.0,0.0,277989,0.0
8003,2531.265,2670.67295,11444.64,4442.476,28823.2198807,37109.4892002,187120.494969,2303.442,8.1,19.2,0.0,0.0,0.0,0.0,276473,0.0
8004,2531.265,2670.67295,11444.64,4442.476,32208.3332023,44763.5949706,173002.275877,2303.442,8.1,19.2,0.0,0.0,0.0,0.0,273394,0.0
8005,2531.265,2670.67295,11444.64,4442.476,33230.7513256,47363.1110851,166266.241639,2176.542,8.1,19.2,0.0,0.0,0.0,0.0,270153,0.0
8006,2531.265,2670.67295,11444.64,4442.476,31712.7413116,48279.9509348,163981.411804,2176.542,8.1,19.2,0.0,0.0,0.0,0.0,267267,0.0
8007,2531.265,2670.67295,11444.64,4442.476,28193.9671827,49171.3254307,164029.811437,2176.542,8.1,19.2,0.0,0.0,0.0,0.0,264688,0.0
8008,2531.265,2670.67295,11444.64,4442.476,21290.1919736,47479.7712169,171849.240859,2303.442,8.1,19.2,0.0,0.0,0.0,0.0,264039,0.0
8009,2531.265,2670.67295,11444.64,4442.476,11069.702359,40942.6238506,191430.19284,2746.827,176.4,19.2,0.0,0.0,0.0,0.0,267474,0.0
8010,19779.0405505,2670.67295,11444.64,4442.476,343.670000031,32097.6434995,194929.173,4353.084,176.4,19.2,0.0,0.0,0.0,0.0,270256,0.0
8011,22138.767494,2670.67295,11444.64,4442.476,0.0,30987.586556,194929.173,4353.084,176.4,19.2,0.0,0.0,0.0,0.0,271162,0.0
8012,19176.9378271,2670.67295,11444.64,4442.476,0.0,32879.4162229,194929.173,4353.084,176.4,19.2,0.0,0.0,0.0,0.0,270092,0.0
8013,14914.8389784,2670.67295,11444.64,4442.476,0.0,33534.5150716,194929.173,4353.084,176.4,19.2,0.0,0.0,0.0,0.0,266485,0.0
8014,5661.09285188,2670.67295,11444.64,4442.476,0.0,35014.2611981,194929.173,4353.084,176.4,19.2,0.0,0.0,0.0,0.0,258711,0.0
8015,2531.265,2670.67295,11444.64,4442.476,0.0,36242.4644651,191091.054585,2746.827,176.4,19.2,0.0,0.0,0.0,0.0,251365,0.0
8016,2531.265,2670.67295,11444.64,4442.476,0.0,36528.6256264,186053.578424,2303.442,8.1,19.2,0.0,0.0,0.0,0.0,246002,0.0
8017,2670.668,2598.4926,11444.64,4420.152,0.0,37402.4727225,181101.832677,2402.442,8.1,19.2,0.0,0.0,0.0,0.0,242068,0.0
8018,2670.668,2598.4926,11444.64,4420.152,0.0,37313.7027308,177607.602669,2402.442,8.1,19.2,0.0,0.0,0.0,0.0,238485,0.0
8019,2670.668,2598.4926,11444.64,4420.152,0.0,38124.5044879,175473.800912,2402.442,8.1,19.2,0.0,0.0,0.0,0.0,237162,0.0
8020,2670.668,2598.4926,11444.64,4420.152,0.0,36091.0663319,180106.239068,2402.442,8.1,19.2,0.0,0.0,0.0,0.0,239761,0.0
8021,2670.668,2598.4926,11444.64,4420.152,0.0,34615.0317842,188457.273616,2402.442,8.1,19.2,0.0,0.0,0.0,0.0,246636,0.0
8022,2670.668,2598.4926,11444.64,4420.152,0.0,33571.2191613,198561.401239,2845.827,176.4,19.2,0.0,0.0,0.0,0.0,256308,0.0
8023,6621.51469456,2598.4926,11444.64,4420.152,0.0,32393.4787054,203374.638,4551.084,370.8,19.2,0.0,0.0,0.0,0.0,265794,0.0
8024,12864.8338675,2598.4926,11444.64,4420.152,3864.8432568,31438.2052757,203374.638,4551.084,484.911,19.2,0.0,0.0,0.0,0.0,275061,0.0
8025,14355.9661277,2598.4926,11444.64,4420.152,13556.432571,27504.4837013,203374.638,4551.084,484.911,19.2,0.0,0.0,0.0,0.0,282310,0.0
8026,8145.68865467,2598.4926,11444.64,4420.152,22682.6056853,26910.3281036,203374.638,4551.084,445.170956365,19.2,0.0,0.0,0.0,0.0,284592,0.0
8027,2670.668,2598.4926,11444.64,4420.152,29677.9625878,31886.7436071,196788.914205,2845.827,176.4,19.2,0.0,0.0,0.0,0.0,282529,0.0
8028,2670.668,2598.4926,11444.64,4420.152,34208.2987265,37508.8429133,184585.16376,2402.442,8.1,19.2,0.0,0.0,0.0,0.0,279866,0.0
8029,2670.668,2598.4926,11444.64,4420.152,35556.1256725,37243.131535,180575.048193,2402.442,8.1,19.2,0.0,0.0,0.0,0.0,276938,0.0
8030,2670.668,2598.4926,11444.64,4420.152,33750.2203974,32830.4151034,183642.669899,2402.442,8.1,19.2,0.0,0.0,0.0,0.0,273787,0.0
8031,2670.668,2598.4926,11444.64,4420.152,29683.0478551,27854.5660966,190744.691448,2402.442,8.1,19.2,0.0,0.0,0.0,0.0,271846,0.0
8032,2670.668,2598.4926,11444.64,4420.152,23037.6154775,25426.8095986,199470.727324,3449.295,176.4,19.2,0.0,0.0,0.0,0.0,272714,0.0
8033,14692.6861414,2598.4926,11444.64,4420.152,12659.1659753,23456.1412833,203374.638,4551.084,370.8,19.2,0.0,0.0,0.0,0.0,277587,0.0
8034,34518.3717023,2598.4926,11444.64,4420.152,610.736717435,19544.8849802,203374.638,4551.084,370.8,19.2,0.0,0.0,0.0,0.0,281453,0.0
8035,34873.5539526,2598.4926,11444.64,4420.152,0.0,20825.4394474,203374.638,4551.084,370.8,19.2,0.0,0.0,0.0,0.0,282478,0.0
8036,30481.7723611,2598.4926,11444.64,4420.152,0.0,23778.2210389,203374.638,4551.084,370.8,19.2,0.0,0.0,0.0,0.0,281039,0.0
8037,23710.2270693,2598.4926,11444.64,4420.152,0.0,25630.7663307,203374.638,4551.084,370.8,19.2,0.0,0.0,0.0,0.0,276120,0.0
8038,16784.5938457,2598.4926,11444.64,4420.152,0.0,23845.3995543,203374.638,4551.084,370.8,19.2,0.0,0.0,0.0,0.0,267409,0.0
8039,11544.980986,2598.4926,11444.64,4420.152,0.0,21198.012414,203374.638,4551.084,370.8,19.2,0.0,0.0,0.0,0.0,259522,0.0
8040,7739.97909708,2598.4926,11444.64,4420.152,0.0,19506.0143029,203374.638,4551.084,370.8,19.2,0.0,0.0,0.0,0.0,254025,0.0
8041,2608.3035,2569.62046,11444.64,4375.504,0.0,19291.0694337,204975.664606,4595.598,176.4,19.2,0.0,0.0,0.0,0.0,250056,0.0
8042,2608.3035,2569.62046,11444.64,4375.504,0.0,19838.7440976,202272.050942,3180.537,176.4,19.2,0.0,0.0,0.0,0.0,246485,0.0
8043,2608.3035,2569.62046,11444.64,4375.504,0.0,21348.6798512,199959.800189,2737.152,8.1,19.2,0.0,0.0,0.0,0.0,245071,0.0
8044,2608.3035,2569.62046,11444.64,4375.504,0.0,24052.9639657,199683.516074,2737.152,8.1,19.2,0.0,0.0,0.0,0.0,247499,0.0
8045,2608.3035,2569.62046,11444.64,4375.504,0.0,26838.4846149,202943.310425,3180.537,176.4,19.2,0.0,0.0,0.0,0.0,254156,0.0
8046,2608.3035,2569.62046,11444.64,4375.504,0.0,28441.7667341,208603.771306,4786.794,176.4,19.2,0.0,0.0,0.0,0.0,263026,0.0
8047,7764.23318018,2569.62046,11444.64,4375.504,0.0,29013.5603598,210931.938,5220.504,370.8,19.2,0.0,0.0,0.0,0.0,271710,0.0
8048,13086.7334861,2569.62046,11444.64,4375.504,3706.92073688,28601.939317,210931.938,5220.504,252.0,19.2,0.0,0.0,0.0,0.0,280209,0.0
8049,14016.7758024,2569.62046,11444.64,4375.504,13390.5904066,23954.227331,210931.938,5220.504,252.0,19.2,0.0,0.0,0.0,0.0,286175,0.0
8050,8175.82434941,2569.62046,11444.64,4375.504,22373.962142,21899.5395969,210931.938,5220.504,261.267451672,19.2,0.0,0.0,0.0,0.0,287272,0.0
8051,2608.3035,2569.62046,11444.64,4375.504,29265.6431788,26602.2253679,204093.926493,3180.537,176.4,19.2,0.0,0.0,0.0,0.0,284336,0.0
8052,2608.3035,2569.62046,11444.64,4375.504,33258.8050911,29231.3848126,194664.290136,2737.152,8.1,19.2,0.0,0.0,0.0,0.0,280917,0.0
8053,2608.3035,2569.62046,11444.64,4375.504,35094.7262911,26405.4480947,192706.305654,2737.152,8.1,19.2,0.0,0.0,0.0,0.0,277969,0.0
8054,2608.3035,2569.62046,11444.64,4375.504,33825.2113171,22139.0744253,196292.194298,2737.152,8.1,19.2,0.0,0.0,0.0,0.0,276019,0.0
8055,2608.3035,2569.62046,11444.64,4375.504,30885.3129006,17788.7232366,201995.758903,3180.537,176.4,19.2,0.0,0.0,0.0,0.0,275044,0.0
8056,2608.3035,2569.62046,11444.64,4375.504,23031.0320451,16098.3068165,210931.938,4935.4551784,252.0,19.2,0.0,0.0,0.0,0.0,276266,0.0
8057,18792.6185012,2569.62046,11444.64,4375.504,12384.4821947,15272.6928441,210931.938,5220.504,370.8,19.2,0.0,0.0,0.0,0.0,281382,0.0
8058,36204.102711,2569.62046,11444.64,4375.504,575.377399536,13581.3134294,210931.938,5220.504,370.8,19.2,0.0,0.0,0.0,0.0,285293,0.0
8059,34356.8734799,2569.62046,11444.64,4375.504,0.0,16212.9200601,210931.938,5220.504,370.8,19.2,0.0,0.0,0.0,0.0,285502,0.0
8060,28841.2324722,2569.62046,11444.64,4375.504,0.0,19302.5610678,210931.938,5220.504,370.8,19.2,0.0,0.0,0.0,0.0,283076,0.0
8061,21915.013702,2569.62046,11444.64,4375.504,0.0,20966.779838,210931.938,5220.504,370.8,19.2,0.0,0.0,0.0,0.0,277814,0.0
8062,15560.3430407,2569.62046,11444.64,4375.504,0.0,18406.4504993,210931.938,5220.504,370.8,19.2,0.0,0.0,0.0,0.0,268899,0.0
8063,10742.5291979,2569.62046,11444.64,4375.504,0.0,15168.2643421,210931.938,5220.504,370.8,19.2,0.0,0.0,0.0,0.0,260843,0.0
8064,7626.26257701,2569.62046,11444.64,4375.504,0.0,12824.530963,210931.938,5220.504,370.8,19.2,0.0,0.0,0.0,0.0,255383,0.0
8065,2439.5525,2555.18439,11444.64,4420.152,0.0,11912.1324876,213634.699622,4965.039,176.4,19.2,0.0,0.0,0.0,0.0,251567,0.0
8066,2439.5525,2555.18439,11444.64,4420.152,0.0,11671.0917679,210632.736342,4871.043,176.4,19.2,0.0,0.0,0.0,0.0,248230,0.0
8067,2439.5525,2555.18439,11444.64,4420.152,0.0,12276.9029989,209920.986111,3455.982,176.4,19.2,0.0,0.0,0.0,0.0,246709,0.0
8068,2439.5525,2555.18439,11444.64,4420.152,0.0,13339.5365139,210431.3085,4251.02609609,176.4,19.2,0.0,0.0,0.0,0.0,249077,0.0
8069,2439.5525,2555.18439,11444.64,4420.152,0.0,14485.2039535,214948.428157,5161.239,176.4,19.2,0.0,0.0,0.0,0.0,255650,0.0
8070,5964.71373368,2555.18439,11444.64,4420.152,0.0,15197.2028763,218752.938,5753.169,370.8,19.2,0.0,0.0,0.0,0.0,264478,0.0
8071,14160.3322007,2555.18439,11444.64,4420.152,0.0,15837.5844093,218752.938,5753.169,370.8,19.2,0.0,0.0,0.0,0.0,273314,0.0
8072,19291.0837088,2555.18439,11444.64,4420.152,3849.36329154,16099.4696097,218752.938,5753.169,370.8,19.2,0.0,0.0,0.0,0.0,282556,0.0
8073,17929.969385,2555.18439,11444.64,4420.152,13805.8947543,13836.0524707,218752.938,5753.169,370.8,19.2,0.0,0.0,0.0,0.0,288888,0.0
8074,11853.0065257,2555.18439,11444.64,4420.152,23277.9750008,11161.9350835,218752.938,5753.169,370.8,19.2,0.0,0.0,0.0,0.0,289609,0.0
8075,2439.5525,2555.18439,11444.64,4420.152,30507.9682721,13989.0223948,216077.041443,5161.239,252.0,19.2,0.0,0.0,0.0,0.0,286866,0.0
8076,2439.5525,2555.18439,11444.64,4420.152,34875.8185287,15348.7988083,208878.271773,3455.982,176.4,19.2,0.0,0.0,0.0,0.0,283614,0.0
8077,2439.5525,2555.18439,11444.64,4420.152,36405.0358197,13145.2877262,206952.4935,3334.797,157.657064089,19.2,0.0,0.0,0.0,0.0,280874,0.0
8078,2439.5525,2555.18439,11444.64,4420.152,35161.3755714,10449.6342623,208704.879276,3455.982,176.4,19.2,0.0,0.0,0.0,0.0,278827,0.0
8079,2439.5525,2555.18439,11444.64,4420.152,31276.7619747,8274.55331749,212431.666818,4916.889,176.4,19.2,0.0,0.0,0.0,0.0,277955,0.0
8080,4011.79587315,2555.18439,11444.64,4420.152,24274.4845286,7577.63620824,218752.938,5753.169,370.8,19.2,0.0,0.0,0.0,0.0,279180,0.0
8081,18917.8177918,2555.18439,11444.64,4420.152,13986.5720539,7356.08857688,218752.938,5770.60718747,370.8,19.2,0.0,0.0,0.0,0.0,283594,0.0
8082,35692.8021949,2555.18439,11444.64,4420.152,636.477929853,6743.41148526,218752.938,5771.394,370.8,19.2,0.0,0.0,0.0,0.0,286407,0.0
8083,33603.8937318,2555.18439,11444.64,4420.152,0.0,8333.79787823,218752.938,5771.394,370.8,19.2,0.0,0.0,0.0,0.0,285272,0.0
8084,27582.8454293,2555.18439,11444.64,4420.152,0.0,11441.8461807,218752.938,5771.394,370.8,19.2,0.0,0.0,0.0,0.0,282359,0.0
8085,19355.7098782,2555.18439,11444.64,4420.152,0.0,14488.9817318,218752.938,5771.394,370.8,19.2,0.0,0.0,0.0,0.0,277179,0.0
8086,10333.1828405,2555.18439,11444.64,4420.152,0.0,14674.5087695,218752.938,5771.394,370.8,19.2,0.0,0.0,0.0,0.0,268342,0.0
8087,2849.95370648,2555.18439,11444.64,4420.152,0.0,14109.7379035,218752.938,5771.394,370.8,19.2,0.0,0.0,0.0,0.0,260294,0.0
8088,2439.5525,2555.18439,11444.64,4420.152,0.0,14193.306125,214753.325985,5161.239,176.4,19.2,0.0,0.0,0.0,0.0,255163,0.0
8089,2358.8455,2497.44011,11444.64,4442.476,0.0,14915.3997901,212393.9835,3737.61509995,176.4,19.2,0.0,0.0,0.0,0.0,251986,0.0
8090,2358.8455,2497.44011,11444.64,4442.476,0.0,16353.7888535,208714.987537,3222.522,8.1,19.2,0.0,0.0,0.0,0.0,249062,0.0
8091,2358.8455,2497.44011,11444.64,4442.476,0.0,17942.5260559,206396.750334,3065.022,8.1,19.2,0.0,0.0,0.0,0.0,248175,0.0
8092,2358.8455,2497.44011,11444.64,4442.476,0.0,18574.0924393,208164.683951,3222.522,8.1,19.2,0.0,0.0,0.0,0.0,250732,0.0
8093,2358.8455,2497.44011,11444.64,4442.476,0.0,19048.2037243,212555.9835,4772.81116565,176.4,19.2,0.0,0.0,0.0,0.0,257316,0.0
8094,2358.8455,2497.44011,11444.64,4442.476,0.0,19160.0954837,220237.708906,5805.594,252.0,19.2,0.0,0.0,0.0,0.0,266218,0.0
8095,8433.94110595,2497.44011,11444.64,4442.476,0.0,19614.0707841,221788.188,5876.244,370.8,19.2,0.0,0.0,0.0,0.0,274487,0.0
8096,11644.3539192,2497.44011,11444.64,4442.476,3767.18493963,20214.3423468,221788.188,5876.244,389.93068434,19.2,0.0,0.0,0.0,0.0,282084,0.0
8097,10016.1513132,2497.44011,11444.64,4442.476,13608.1131675,16710.7474093,221788.188,5876.244,370.8,19.2,0.0,0.0,0.0,0.0,286774,0.0
8098,5841.63541909,2497.44011,11444.64,4442.476,23067.4925819,12627.883889,221788.188,5876.244,370.8,19.2,0.0,0.0,0.0,0.0,287976,0.0
8099,2358.8455,2497.44011,11444.64,4442.476,30355.3442278,13759.857707,215925.132455,5114.664,176.4,19.2,0.0,0.0,0.0,0.0,286094,0.0
8100,2358.8455,2497.44011,11444.64,4442.476,34650.5708512,13273.6552912,211051.365248,3508.407,176.4,19.2,0.0,0.0,0.0,0.0,283423,0.0
8101,2358.8455,2497.44011,11444.64,4442.476,36207.4458692,10182.1210942,210628.024427,3508.407,176.4,19.2,0.0,0.0,0.0,0.0,281465,0.0
8102,2358.8455,2497.44011,11444.64,4442.476,35079.1762377,6942.65734431,212910.696808,4923.468,176.4,19.2,0.0,0.0,0.0,0.0,280795,0.0
8103,2358.8455,2497.44011,11444.64,4442.476,31201.7808172,4612.67918646,218017.274386,5213.664,252.0,19.2,0.0,0.0,0.0,0.0,280060,0.0
8104,5519.5180317,2497.44011,11444.64,4442.476,23890.4519911,4616.0418672,221788.188,5876.244,370.8,19.2,0.0,0.0,0.0,0.0,280465,0.0
8105,18217.8346851,2497.44011,11444.64,4442.476,12930.3135747,5163.86363021,221788.188,5876.244,370.8,19.2,0.0,0.0,0.0,0.0,282751,0.0
8106,32032.2470131,2497.44011,11444.64,4442.476,575.750148418,5950.01472848,221788.188,5876.244,370.8,19.2,0.0,0.0,0.0,0.0,284997,0.0
8107,31479.8460974,2497.44011,11444.64,4442.476,0.0,8628.1657926,221788.188,5876.244,370.8,19.2,0.0,0.0,0.0,0.0,286547,0.0
8108,28813.4908806,2497.44011,11444.64,4442.476,0.0,12292.5210094,221788.188,5876.244,370.8,19.2,0.0,0.0,0.0,0.0,287545,0.0
8109,25322.3647536,2497.44011,11444.64,4442.476,0.0,15937.6471364,221788.188,5876.244,370.8,19.2,0.0,0.0,0.0,0.0,287699,0.0
8110,24470.4697917,2497.44011,11444.64,4442.476,0.0,16782.5420983,221788.188,5876.244,370.8,19.2,0.0,0.0,0.0,0.0,287692,0.0
8111,14919.3609556,2497.44011,11444.64,4442.476,0.0,17771.6509344,221788.188,5876.244,370.8,19.2,0.0,0.0,0.0,0.0,279130,0.0
8112,5723.67003383,2497.44011,11444.64,4442.476,0.0,18955.3418562,221788.188,5876.244,370.8,19.2,0.0,0.0,0.0,0.0,271118,0.0
8113,5916.55760131,2468.56797,11444.64,4397.828,0.0,20496.9244287,212866.938,5594.544,370.8,19.2,0.0,0.0,0.0,0.0,263576,0.0
8114,2395.5305,2468.56797,11444.64,4397.828,0.0,22182.1868783,208623.032652,4876.614,176.4,19.2,0.0,0.0,0.0,0.0,256584,0.0
8115,2395.5305,2468.56797,11444.64,4397.828,0.0,24009.5963141,202616.165216,3246.372,8.1,19.2,0.0,0.0,0.0,0.0,250606,0.0
8116,2395.5305,2468.56797,11444.64,4397.828,0.0,25127.1411147,203180.380415,3297.312,176.4,19.2,0.0,0.0,0.0,0.0,252507,0.0
8117,2395.5305,2468.56797,11444.64,4397.828,0.0,24786.9451627,206950.270367,4782.618,176.4,19.2,0.0,0.0,0.0,0.0,257422,0.0
8118,4000.49300101,2468.56797,11444.64,4397.828,0.0,24006.989029,212866.938,5594.544,370.8,19.2,0.0,0.0,0.0,0.0,265170,0.0
8119,13618.7311813,2468.56797,11444.64,4397.828,0.0,23182.7508487,212866.938,5594.544,370.8,19.2,0.0,0.0,0.0,0.0,273964,0.0
8120,18643.9973476,2468.56797,11444.64,4397.828,3636.53761874,22631.6139047,212866.938,5594.544,427.133158973,19.2,0.0,0.0,0.0,0.0,282131,0.0
8121,17582.0703447,2468.56797,11444.64,4397.828,13699.0743899,19734.3372954,212866.938,5594.544,370.8,19.2,0.0,0.0,0.0,0.0,288178,0.0
8122,13939.4713019,2468.56797,11444.64,4397.828,23227.9132366,15893.0974916,212866.938,5594.544,370.8,19.2,0.0,0.0,0.0,0.0,290223,0.0
8123,3515.52161522,2468.56797,11444.64,4397.828,30526.2071985,16604.7532163,212866.938,5594.544,370.8,19.2,0.0,0.0,0.0,0.0,287809,0.0
8124,2395.5305,2468.56797,11444.64,4397.828,35143.0777148,19676.3510274,205670.847788,3367.557,176.4,19.2,0.0,0.0,0.0,0.0,284760,0.0
8125,2395.5305,2468.56797,11444.64,4397.828,36890.4653677,19194.5903861,201944.405776,3081.672,8.1,19.2,0.0,0.0,0.0,0.0,281845,0.0
8126,2395.5305,2468.56797,11444.64,4397.828,35867.0361847,17773.8003221,202193.625023,3081.672,8.1,19.2,0.0,0.0,0.0,0.0,279650,0.0
8127,2395.5305,2468.56797,11444.64,4397.828,31886.5892447,16759.5459299,205724.141355,3367.557,176.4,19.2,0.0,0.0,0.0,0.0,278640,0.0
8128,2395.5305,2468.56797,11444.64,4397.828,24736.5825314,16644.3543895,211929.482609,5072.814,252.0,19.2,0.0,0.0,0.0,0.0,279361,0.0
8129,16845.4374032,2468.56797,11444.64,4397.828,13931.5025961,15746.5420307,212866.938,5594.544,370.8,19.2,0.0,0.0,0.0,0.0,283686,0.0
8130,35374.0972688,2468.56797,11444.64,4397.828,635.800158418,13533.5846027,212866.938,5594.544,370.8,19.2,0.0,0.0,0.0,0.0,286706,0.0
8131,34229.2509725,2468.56797,11444.64,4397.828,0.0,14135.2310575,212866.938,5594.544,370.8,19.2,0.0,0.0,0.0,0.0,285527,0.0
8132,28081.7937476,2468.56797,11444.64,4397.828,0.0,16837.6882824,212866.938,5594.544,370.8,19.2,0.0,0.0,0.0,0.0,282082,0.0
8133,19993.6312102,2468.56797,11444.64,4397.828,0.0,19118.8508198,212866.938,5594.544,370.8,19.2,0.0,0.0,0.0,0.0,276275,0.0
8134,10290.2960049,2468.56797,11444.64,4397.828,0.0,20183.1860251,212866.938,5594.544,370.8,19.2,0.0,0.0,0.0,0.0,267636,0.0
8135,2395.5305,2468.56797,11444.64,4397.828,0.0,21606.9898721,212138.429658,5072.814,252.0,19.2,0.0,0.0,0.0,0.0,259796,0.0
8136,2395.5305,2468.56797,11444.64,4397.828,0.0,23109.8003665,206257.1085,4200.9246635,176.4,19.2,0.0,0.0,0.0,0.0,254470,0.0
8137,2369.851,2454.1319,11444.64,4442.476,0.0,25034.8001435,201733.728957,3123.072,8.1,19.2,0.0,0.0,0.0,0.0,250630,0.0
8138,2369.851,2454.1319,11444.64,4442.476,0.0,26613.0420059,197251.687094,2800.872,8.1,19.2,0.0,0.0,0.0,0.0,247404,0.0
8139,2369.851,2454.1319,11444.64,4442.476,0.0,27773.65636,194637.07274,2800.872,8.1,19.2,0.0,0.0,0.0,0.0,245950,0.0
8140,2369.851,2454.1319,11444.64,4442.476,0.0,29222.7706619,195640.958438,2800.872,8.1,19.2,0.0,0.0,0.0,0.0,248403,0.0
8141,2369.851,2454.1319,11444.64,4442.476,0.0,31055.9296647,199999.799435,2800.872,8.1,19.2,0.0,0.0,0.0,0.0,254595,0.0
8142,2369.851,2454.1319,11444.64,4442.476,0.0,31859.8099613,205682.173139,4659.318,176.4,19.2,0.0,0.0,0.0,0.0,263108,0.0
8143,5609.1113675,2454.1319,11444.64,4442.476,0.0,32668.1787325,210369.348,4949.514,176.4,19.2,0.0,0.0,0.0,0.0,272133,0.0
8144,11403.6038086,2454.1319,11444.64,4442.476,3634.59058505,33214.0957064,210450.348,4949.514,176.4,19.2,0.0,0.0,0.0,0.0,282189,0.0
8145,11857.5929754,2454.1319,11444.64,4442.476,13638.9321264,30473.7649983,210450.348,4949.514,176.4,19.2,0.0,0.0,0.0,0.0,289907,0.0
8146,10758.128491,2454.1319,11444.64,4442.476,23146.0484138,24851.1131952,210450.348,4949.514,176.4,19.2,0.0,0.0,0.0,0.0,292692,0.0
8147,2851.95317518,2454.1319,11444.64,4442.476,30378.2813855,24302.0555393,210369.348,4949.514,176.4,19.2,0.0,0.0,0.0,0.0,291388,0.0
8148,2369.851,2454.1319,11444.64,4442.476,34952.1280012,24837.7755716,205127.6085,3250.78902718,176.4,19.2,0.0,0.0,0.0,0.0,289075,0.0
8149,2369.851,2454.1319,11444.64,4442.476,36742.8823756,22611.0073228,202527.154402,3244.257,176.4,19.2,0.0,0.0,0.0,0.0,286032,0.0
8150,2369.851,2454.1319,11444.64,4442.476,35493.4880911,18241.293545,204538.262464,3244.257,176.4,19.2,0.0,0.0,0.0,0.0,282424,0.0
8151,2369.851,2454.1319,11444.64,4442.476,31484.3047223,14499.8565696,208205.825808,4753.314,176.4,19.2,0.0,0.0,0.0,0.0,279850,0.0
8152,8551.29911257,2454.1319,11444.64,4442.476,24425.304331,12109.6866564,210531.348,4949.514,176.4,19.2,0.0,0.0,0.0,0.0,279104,0.0
8153,24178.0771461,2454.1319,11444.64,4442.476,13359.8803829,10484.1499647,210524.530606,4949.514,176.4,19.2,0.0,0.0,0.0,0.0,282033,0.0
8154,36685.0,2454.1319,11444.64,4442.476,516.499572581,9172.80467384,211561.938,5347.944,967.293,1366.27285358,0.0,0.0,0.0,0.0,283959,0.0
8155,36685.0,2454.1319,11444.64,4442.476,0.0,10133.5881721,211561.938,5347.944,540.08192789,19.2,0.0,0.0,0.0,0.0,282629,0.0
8156,31707.7305681,2454.1319,11444.64,4442.476,0.0,13493.5595319,210531.348,4949.514,176.4,19.2,0.0,0.0,0.0,0.0,279219,0.0
8157,23473.4250774,2454.1319,11444.64,4442.476,0.0,16498.8650226,210531.348,4949.514,176.4,19.2,0.0,0.0,0.0,0.0,273990,0.0
8158,13741.5067758,2454.1319,11444.64,4442.476,0.0,17598.7833242,210531.348,4949.514,176.4,19.2,0.0,0.0,0.0,0.0,265358,0.0
8159,4811.39500234,2454.1319,11444.64,4442.476,0.0,18563.8950977,210531.348,4949.514,176.4,19.2,0.0,0.0,0.0,0.0,257393,0.0
8160,2369.851,2454.1319,11444.64,4442.476,0.0,19010.6788393,207704.308261,4753.314,176.4,19.2,0.0,0.0,0.0,0.0,252375,0.0
8161,2296.481,2425.25976,11444.64,4353.18,0.0,19157.079301,205766.502939,3244.257,176.4,19.2,0.0,0.0,0.0,0.0,248883,0.0
8162,2296.481,2425.25976,11444.64,4353.18,0.0,19141.7664886,202703.060751,3174.012,176.4,19.2,0.0,0.0,0.0,0.0,245734,0.0
8163,2296.481,2425.25976,11444.64,4353.18,0.0,18652.0749928,202152.692247,2958.372,8.1,19.2,0.0,0.0,0.0,0.0,244310,0.0
8164,2296.481,2425.25976,11444.64,4353.18,0.0,17234.2105118,205172.371728,3244.257,176.4,19.2,0.0,0.0,0.0,0.0,246366,0.0
8165,2296.481,2425.25976,11444.64,4353.18,0.0,16951.5251305,208489.000109,4753.314,176.4,19.2,0.0,0.0,0.0,0.0,250909,0.0
8166,4996.7522189,2425.25976,11444.64,4353.18,0.0,16726.1750211,212416.938,5347.944,484.911,19.2,0.0,0.0,0.0,0.0,258215,0.0
8167,12356.0679143,2425.25976,11444.64,4353.18,0.0,17196.8593257,212416.938,5347.944,484.911,19.2,0.0,0.0,0.0,0.0,266045,0.0
8168,15657.4245614,2425.25976,11444.64,4353.18,3377.1665114,17556.3361672,212416.938,5347.944,484.911,19.2,0.0,0.0,0.0,0.0,273083,0.0
8169,12923.6442651,2425.25976,11444.64,4353.18,13023.3438837,15281.9390912,212416.938,5347.944,484.911,19.2,0.0,0.0,0.0,0.0,277721,0.0
8170,10311.9941302,2425.25976,11444.64,4353.18,22042.1689366,12106.7641731,212416.938,5347.944,484.911,19.2,0.0,0.0,0.0,0.0,280953,0.0
8171,3018.57534351,2425.25976,11444.64,4353.18,29226.404859,11658.9470375,212416.938,5347.944,484.911,19.2,0.0,0.0,0.0,0.0,280396,0.0
8172,2296.481,2425.25976,11444.64,4353.18,34190.8073734,10513.6662957,208136.051571,4753.314,176.4,19.2,0.0,0.0,0.0,0.0,278309,0.0
8173,2296.481,2425.25976,11444.64,4353.18,35729.1692835,7595.46390615,206977.88805,4659.318,176.4,19.2,0.0,0.0,0.0,0.0,275677,0.0
8174,2296.481,2425.25976,11444.64,4353.18,34480.1304875,5712.3009897,207536.089763,4659.318,176.4,19.2,0.0,0.0,0.0,0.0,273103,0.0
8175,2296.481,2425.25976,11444.64,4353.18,30270.0487773,4953.42853522,209197.047927,4753.314,176.4,19.2,0.0,0.0,0.0,0.0,269889,0.0
8176,5560.84933505,2425.25976,11444.64,4353.18,22400.884602,3946.19330295,212416.938,5347.944,484.911,19.2,0.0,0.0,0.0,0.0,268400,0.0
8177,18287.5269481,2425.25976,11444.64,4353.18,12555.5230012,3214.87729068,212416.938,5347.944,484.911,19.2,0.0,0.0,0.0,0.0,270550,0.0
8178,31245.3540079,2425.25976,11444.64,4353.18,674.588009643,3610.98522245,212416.938,5347.944,484.911,19.2,0.0,0.0,0.0,0.0,272023,0.0
8179,29151.8984554,2425.25976,11444.64,4353.18,0.0,5556.02878455,212416.938,5347.944,484.911,19.2,0.0,0.0,0.0,0.0,271200,0.0
8180,24566.1837031,2425.25976,11444.64,4353.18,0.0,7991.74353694,212416.938,5347.944,484.911,19.2,0.0,0.0,0.0,0.0,269050,0.0
8181,19195.3890737,2425.25976,11444.64,4353.18,0.0,9344.27409196,212416.938,5347.944,560.17507438,19.2,0.0,0.0,0.0,0.0,265107,0.0
8182,11170.8565251,2425.25976,11444.64,4353.18,0.0,10388.0707149,212416.938,5347.944,484.911,19.2,0.0,0.0,0.0,0.0,258051,0.0
8183,3820.18331826,2425.25976,11444.64,4353.18,0.0,11399.7439217,212416.938,5347.944,484.911,19.2,0.0,0.0,0.0,0.0,251712,0.0
8184,2296.481,2425.25976,11444.64,4353.18,0.0,12554.892407,209320.848,4826.09883299,176.4,19.2,0.0,0.0,0.0,0.0,247417,0.0
8185,2120.393,2425.25976,11444.64,4286.208,0.0,13910.9755417,205954.601698,4184.622,8.1,19.2,0.0,0.0,0.0,0.0,244354,0.0
8186,2120.393,2425.25976,11444.64,4286.208,0.0,15462.1810591,201555.396181,4184.622,8.1,19.2,0.0,0.0,0.0,0.0,241506,0.0
8187,2120.393,2425.25976,11444.64,4286.208,0.0,16858.7737617,199044.803478,4184.622,8.1,19.2,0.0,0.0,0.0,0.0,240392,0.0
8188,2120.393,2425.25976,11444.64,4286.208,0.0,15706.8905577,202967.686682,4184.622,8.1,19.2,0.0,0.0,0.0,0.0,243163,0.0
8189,2120.393,2425.25976,11444.64,4286.208,0.0,14010.0408744,211758.536366,4184.622,8.1,19.2,0.0,0.0,0.0,0.0,250257,0.0
8190,2120.393,2425.25976,11444.64,4286.208,0.0,12762.5061182,221232.129122,6333.264,176.4,19.2,0.0,0.0,0.0,0.0,260800,0.0
8191,6747.73373709,2425.25976,11444.64,4286.208,0.0,11857.0765029,227348.838,7568.244,370.8,19.2,0.0,0.0,0.0,0.0,272068,0.0
8192,15398.497868,2425.25976,11444.64,4286.208,3315.3671175,11097.1452545,227348.838,7471.044,370.8,19.2,0.0,0.0,0.0,0.0,283177,0.0
8193,17021.2687529,2425.25976,11444.64,4286.208,12759.2197006,9205.52178649,227348.838,7471.044,370.8,19.2,0.0,0.0,0.0,0.0,292352,0.0
8194,14108.6306336,2425.25976,11444.64,4286.208,21797.3729667,7790.12749146,227348.838,7818.92314824,370.8,19.2,0.0,0.0,0.0,0.0,297410,0.0
8195,5206.89343893,2425.25976,11444.64,4286.208,29105.184032,7322.53276904,227348.838,8115.444,370.8,19.2,0.0,0.0,0.0,0.0,295645,0.0
8196,2120.393,2425.25976,11444.64,4286.208,33210.6366372,6715.94384254,224675.72476,6925.194,370.8,19.2,0.0,0.0,0.0,0.0,292194,0.0
8197,2120.393,2425.25976,11444.64,4286.208,34077.5256971,6065.8431652,222516.316378,6505.614,252.0,19.2,0.0,0.0,0.0,0.0,289713,0.0
8198,2120.393,2425.25976,11444.64,4286.208,31862.8547686,5512.68843273,222717.292039,6574.464,252.0,19.2,0.0,0.0,0.0,0.0,287215,0.0
8199,2120.393,2425.25976,11444.64,4286.208,28845.9461422,4870.0799125,223435.579185,6731.694,252.0,19.2,0.0,0.0,0.0,0.0,284431,0.0
8200,5001.72039006,2425.25976,11444.64,4286.208,21243.9824095,4288.90744046,227348.838,8115.444,370.8,19.2,0.0,0.0,0.0,0.0,284545,0.0
8201,18562.0459145,2425.25976,11444.64,4286.208,12165.1206389,4001.44368656,227348.838,8115.444,370.8,19.2,0.0,0.0,0.0,0.0,288739,0.0
8202,32575.5786067,2425.25976,11444.64,4286.208,653.355677349,3587.67595592,227348.838,8115.444,370.8,19.2,0.0,0.0,0.0,0.0,290827,0.0
8203,31258.5810285,2425.25976,11444.64,4286.208,0.0,4259.02921155,227348.838,8115.444,370.8,19.2,0.0,0.0,0.0,0.0,289528,0.0
8204,25903.8719715,2425.25976,11444.64,4286.208,0.0,6082.73826846,227348.838,8115.444,370.8,19.2,0.0,0.0,0.0,0.0,285997,0.0
8205,18837.9441885,2425.25976,11444.64,4286.208,0.0,7290.66605151,227348.838,8115.444,370.8,19.2,0.0,0.0,0.0,0.0,280139,0.0
8206,9160.02726973,2425.25976,11444.64,4286.208,0.0,7671.58297027,227348.838,8115.444,370.8,19.2,0.0,0.0,0.0,0.0,270842,0.0
8207,2120.393,2425.25976,11444.64,4286.208,0.0,8132.4167314,226732.238509,6995.844,370.8,19.2,0.0,0.0,0.0,0.0,262527,0.0
8208,2120.393,2425.25976,11444.64,4286.208,0.0,9100.06979035,220733.56545,6333.264,176.4,19.2,0.0,0.0,0.0,0.0,256639,0.0
8209,2164.415,2425.25976,11444.64,4263.884,0.0,10518.7097668,216139.823473,5398.668,176.4,19.2,0.0,0.0,0.0,0.0,252551,0.0
8210,2164.415,2425.25976,11444.64,4263.884,0.0,12083.5749059,212937.264334,3913.362,176.4,19.2,0.0,0.0,0.0,0.0,249428,0.0
8211,2164.415,2425.25976,11444.64,4263.884,0.0,13359.5280994,211085.751141,3540.222,8.1,19.2,0.0,0.0,0.0,0.0,248311,0.0
8212,2164.415,2425.25976,11444.64,4263.884,0.0,13819.3955661,212661.683674,3862.422,8.1,19.2,0.0,0.0,0.0,0.0,250669,0.0
8213,2164.415,2425.25976,11444.64,4263.884,0.0,13364.5211708,217730.012069,5398.668,176.4,19.2,0.0,0.0,0.0,0.0,256987,0.0
8214,2164.415,2425.25976,11444.64,4263.884,0.0,12390.2992495,226808.838,6460.66399047,370.8,19.2,0.0,0.0,0.0,0.0,266348,0.0
8215,12532.9595395,2425.25976,11444.64,4263.884,0.0,11490.7747005,226808.838,6826.644,370.8,19.2,0.0,0.0,0.0,0.0,276183,0.0
8216,20161.8586878,2425.25976,11444.64,4263.884,2976.3925579,11247.3719943,226808.838,6826.644,484.911,19.2,0.0,0.0,0.0,0.0,286659,0.0
8217,19737.2789946,2425.25976,11444.64,4263.884,12267.7525711,10185.5916743,226808.838,6826.644,484.911,19.2,0.0,0.0,0.0,0.0,294464,0.0
8218,14514.3581551,2425.25976,11444.64,4263.884,21516.1940978,8891.07098713,226808.838,6826.644,484.911,19.2,0.0,0.0,0.0,0.0,297195,0.0
8219,6389.46875248,2425.25976,11444.64,4263.884,28832.7620481,7956.39243937,226808.838,6826.644,484.911,19.2,0.0,0.0,0.0,0.0,295452,0.0
8220,2164.415,2425.25976,11444.64,4263.884,33290.4364101,7924.06652448,224328.504305,6280.794,370.8,19.2,0.0,0.0,0.0,0.0,292512,0.0
8221,2164.415,2425.25976,11444.64,4263.884,34799.1152082,6791.60360929,221761.018423,5688.864,252.0,19.2,0.0,0.0,0.0,0.0,289610,0.0
8222,2164.415,2425.25976,11444.64,4263.884,33564.48084,5612.78045958,221968.47594,5688.864,252.0,19.2,0.0,0.0,0.0,0.0,287404,0.0
8223,2164.415,2425.25976,11444.64,4263.884,30707.169015,5391.44232703,223082.695898,6087.294,252.0,19.2,0.0,0.0,0.0,0.0,285838,0.0
8224,5000.36838471,2425.25976,11444.64,4263.884,23714.8913484,5674.36350693,226808.838,6826.644,484.911,19.2,0.0,0.0,0.0,0.0,286663,0.0
8225,19664.9492563,2425.25976,11444.64,4263.884,13003.4291465,6542.2448372,226808.838,6826.644,484.911,19.2,0.0,0.0,0.0,0.0,291484,0.0
8226,34609.1849188,2425.25976,11444.64,4263.884,646.157398673,7825.79928718,226808.838,6826.644,439.392635303,19.2,0.0,0.0,0.0,0.0,295309,0.0
8227,31091.5391018,2425.25976,11444.64,4263.884,0.0,10768.1951382,226808.838,6826.644,370.8,19.2,0.0,0.0,0.0,0.0,294019,0.0
8228,21785.5731533,2425.25976,11444.64,4263.884,0.0,15073.1610867,226808.838,6826.644,370.8,19.2,0.0,0.0,0.0,0.0,289018,0.0
8229,11602.5758555,2425.25976,11444.64,4263.884,0.0,18112.1583845,226808.838,6826.644,370.8,19.2,0.0,0.0,0.0,0.0,281874,0.0
8230,2164.415,2425.25976,11444.64,4263.884,0.0,18419.2650258,226212.092214,6351.444,370.8,19.2,0.0,0.0,0.0,0.0,271671,0.0
8231,2164.415,2425.25976,11444.64,4263.884,0.0,17779.4760895,218464.061151,5492.664,176.4,19.2,0.0,0.0,0.0,0.0,262230,0.0
8232,2164.415,2425.25976,11444.64,4263.884,0.0,16713.9179913,214607.676249,3983.607,176.4,19.2,0.0,0.0,0.0,0.0,255799,0.0
8233,2157.078,2425.25976,11444.64,4174.588,0.0,16253.5092276,211181.918012,3508.407,176.4,19.2,0.0,0.0,0.0,0.0,251341,0.0
8234,2157.078,2425.25976,11444.64,4174.588,0.0,15933.6574592,208036.0935,3387.222,99.2612807809,19.2,0.0,0.0,0.0,0.0,247677,0.0
8235,2157.078,2425.25976,11444.64,4174.588,0.0,16739.4982448,206235.613995,3065.022,8.1,19.2,0.0,0.0,0.0,0.0,246269,0.0
8236,2157.078,2425.25976,11444.64,4174.588,0.0,17205.4906764,208083.421564,3387.222,8.1,19.2,0.0,0.0,0.0,0.0,248905,0.0
8237,2157.078,2425.25976,11444.64,4174.588,0.0,17899.8918,212500.47444,4923.468,176.4,19.2,0.0,0.0,0.0,0.0,255721,0.0
8238,2249.13554786,2425.25976,11444.64,4174.588,0.0,18678.3696422,220300.938,5876.244,482.625049954,19.2,0.0,0.0,0.0,0.0,265651,0.0
8239,13441.8747512,2425.25976,11444.64,4174.588,0.0,18565.4554888,220300.938,5876.244,370.8,19.2,0.0,0.0,0.0,0.0,276619,0.0
8240,21954.1327314,2425.25976,11444.64,4174.588,3039.07142227,18269.0150863,220300.938,5876.244,484.911,19.2,0.0,0.0,0.0,0.0,287988,0.0
8241,21229.6044149,2425.25976,11444.64,4174.588,12653.1843912,16968.4304338,220300.938,5876.244,484.911,19.2,0.0,0.0,0.0,0.0,295577,0.0
8242,17434.2389647,2425.25976,11444.64,4174.588,21890.4573558,13111.5229196,220300.938,5876.244,484.911,19.2,0.0,0.0,0.0,0.0,297162,0.0
8243,9953.65404513,2425.25976,11444.64,4174.588,28901.2181428,10486.3470521,220300.938,5876.244,484.911,19.2,0.0,0.0,0.0,0.0,294067,0.0
8244,2157.078,2425.25976,11444.64,4174.588,33263.2260603,10215.5636027,220196.050577,5805.594,370.8,19.2,0.0,0.0,0.0,0.0,290072,0.0
8245,2157.078,2425.25976,11444.64,4174.588,34116.4817083,9976.11177387,216422.576758,5213.664,176.4,19.2,0.0,0.0,0.0,0.0,286126,0.0
8246,2157.078,2425.25976,11444.64,4174.588,32395.6478735,8604.88002594,216128.642341,5213.664,176.4,19.2,0.0,0.0,0.0,0.0,282740,0.0
8247,2157.078,2425.25976,11444.64,4174.588,27243.7691911,8224.81290231,218468.558147,5612.094,252.0,19.2,0.0,0.0,0.0,0.0,280022,0.0
8248,5374.40663634,2425.25976,11444.64,4174.588,21404.4208795,8989.39172412,220300.938,5876.244,484.911,19.2,0.0,0.0,0.0,0.0,280494,0.0
8249,17512.6529857,2425.25976,11444.64,4174.588,10943.4234422,10109.1428121,220300.938,5876.244,484.911,19.2,0.0,0.0,0.0,0.0,283291,0.0
8250,29764.6313382,2425.25976,11444.64,4174.588,581.32712993,10308.2607719,220300.938,5876.244,484.911,19.2,0.0,0.0,0.0,0.0,285380,0.0
8251,27022.9733311,2425.25976,11444.64,4174.588,0.0,12467.2459089,220300.938,5876.244,484.911,19.2,0.0,0.0,0.0,0.0,284216,0.0
8252,20577.5299294,2425.25976,11444.64,4174.588,0.0,15924.6893106,220300.938,5876.244,484.911,19.2,0.0,0.0,0.0,0.0,281228,0.0
8253,12479.3434238,2425.25976,11444.64,4174.588,0.0,18228.8758162,220300.938,5876.244,484.911,19.2,0.0,0.0,0.0,0.0,275434,0.0
8254,2505.47370025,2425.25976,11444.64,4174.588,0.0,19656.7455397,220300.938,5876.244,484.911,19.2,0.0,0.0,0.0,0.0,266888,0.0
8255,2157.078,2425.25976,11444.64,4174.588,0.0,19946.3325814,213317.033659,4923.468,176.4,19.2,0.0,0.0,0.0,0.0,258584,0.0
8256,2157.078,2425.25976,11444.64,4174.588,0.0,20464.6841133,208506.988127,3438.162,176.4,19.2,0.0,0.0,0.0,0.0,252807,0.0
8257,2190.0945,2425.25976,11444.64,3995.996,0.0,22278.0240295,203154.66371,3065.022,8.1,19.2,0.0,0.0,0.0,0.0,248581,0.0
8258,2190.0945,2425.25976,11444.64,3995.996,0.0,25450.3784637,196539.309276,3065.022,8.1,19.2,0.0,0.0,0.0,0.0,245138,0.0
8259,2190.0945,2425.25976,11444.64,3995.996,0.0,27477.7105546,193158.977185,3065.022,8.1,19.2,0.0,0.0,0.0,0.0,243785,0.0
8260,2190.0945,2425.25976,11444.64,3995.996,0.0,28263.3354558,195029.352284,3065.022,8.1,19.2,0.0,0.0,0.0,0.0,246441,0.0
8261,2190.0945,2425.25976,11444.64,3995.996,0.0,27487.1318006,202527.555939,3065.022,8.1,19.2,0.0,0.0,0.0,0.0,253163,0.0
8262,2190.0945,2425.25976,11444.64,3995.996,0.0,25776.195198,211709.746542,4923.468,176.4,19.2,0.0,0.0,0.0,0.0,262661,0.0
8263,4199.21251085,2425.25976,11444.64,3995.996,0.0,23724.1574486,220285.140281,5805.594,370.8,19.2,0.0,0.0,0.0,0.0,272270,0.0
8264,14527.7474635,2425.25976,11444.64,3995.996,2500.55849818,21431.2662783,220498.938,5805.594,370.8,19.2,0.0,0.0,0.0,0.0,283020,0.0
8265,16590.1100028,2425.25976,11444.64,3995.996,10844.773607,17859.6886302,220498.938,5805.594,370.8,19.2,0.0,0.0,0.0,0.0,289855,0.0
8266,15957.9760117,2425.25976,11444.64,3995.996,18657.5148105,12518.0814178,220498.938,5805.594,370.8,19.2,0.0,0.0,0.0,0.0,291694,0.0
8267,10449.3966274,2425.25976,11444.64,3995.996,24946.5873935,9793.58821905,220498.938,5805.594,370.8,19.2,0.0,0.0,0.0,0.0,289750,0.0
8268,4061.27319466,2425.25976,11444.64,3995.996,28682.5948667,10481.7041787,220498.938,5805.594,370.8,19.2,0.0,0.0,0.0,0.0,287786,0.0
8269,2190.0945,2425.25976,11444.64,3995.996,29197.7856008,10990.0788676,218312.571272,5548.374,252.0,19.2,0.0,0.0,0.0,0.0,284376,0.0
8270,2190.0945,2425.25976,11444.64,3995.996,27495.4625388,10604.5274754,218085.445726,5548.374,252.0,19.2,0.0,0.0,0.0,0.0,282061,0.0
8271,2190.0945,2425.25976,11444.64,3995.996,24500.3778181,10582.9950987,219610.638,5805.594,329.204823253,19.2,0.0,0.0,0.0,0.0,280904,0.0
8272,8232.40788509,2425.25976,11444.64,3995.996,19076.3096338,10683.8547211,220498.938,5805.594,370.8,19.2,0.0,0.0,0.0,0.0,282553,0.0
8273,21359.7997878,2425.25976,11444.64,3995.996,10405.9676185,10611.8048337,220498.938,5805.594,370.8,19.2,0.0,0.0,0.0,0.0,286938,0.0
8274,34018.5953361,2425.25976,11444.64,3995.996,538.498083855,11190.4788201,220498.938,5805.594,370.8,19.2,0.0,0.0,0.0,0.0,290308,0.0
8275,31547.9439648,2425.25976,11444.64,3995.996,0.0,14376.6282752,220498.938,5805.594,370.8,19.2,0.0,0.0,0.0,0.0,290485,0.0
8276,24200.3453801,2425.25976,11444.64,3995.996,0.0,18937.2268599,220498.938,5805.594,370.8,19.2,0.0,0.0,0.0,0.0,287698,0.0
8277,13801.5676353,2425.25976,11444.64,3995.996,0.0,22684.0046047,220498.938,5805.594,370.8,19.2,0.0,0.0,0.0,0.0,281046,0.0
8278,2190.0945,2425.25976,11444.64,3995.996,0.0,24709.7046051,220143.711135,5805.594,370.8,19.2,0.0,0.0,0.0,0.0,271105,0.0
8279,2190.0945,2425.25976,11444.64,3995.996,0.0,26062.6974574,211437.5085,4050.20378256,176.4,19.2,0.0,0.0,0.0,0.0,261802,0.0
8280,2190.0945,2425.25976,11444.64,3995.996,0.0,26635.0712798,205573.61646,3065.022,8.1,19.2,0.0,0.0,0.0,0.0,255357,0.0
8281,2160.7465,2425.25976,11444.64,3906.7,0.0,26899.3126667,201211.139073,2968.902,8.1,19.2,0.0,0.0,0.0,0.0,251044,0.0
8282,2160.7465,2425.25976,11444.64,3906.7,0.0,26990.8157428,197643.635997,2968.902,8.1,19.2,0.0,0.0,0.0,0.0,247568,0.0
8283,2160.7465,2425.25976,11444.64,3906.7,0.0,26304.9354702,197016.51627,2968.902,8.1,19.2,0.0,0.0,0.0,0.0,246255,0.0
8284,2160.7465,2425.25976,11444.64,3906.7,0.0,24079.6897126,201960.762027,2968.902,8.1,19.2,0.0,0.0,0.0,0.0,248974,0.0
8285,2160.7465,2425.25976,11444.64,3906.7,0.0,23093.3296608,207799.376079,4827.348,176.4,19.2,0.0,0.0,0.0,0.0,255853,0.0
8286,5136.82911013,2425.25976,11444.64,3906.7,0.0,23151.1291299,213726.438,5684.004,370.8,19.2,0.0,0.0,0.0,0.0,265865,0.0
8287,15223.5687793,2425.25976,11444.64,3906.7,0.0,23547.3894607,213726.438,5684.004,370.8,19.2,0.0,0.0,0.0,0.0,276348,0.0
8288,22847.6787087,2425.25976,11444.64,3906.7,2667.87397775,23234.2945536,213726.438,5684.004,484.911,19.2,0.0,0.0,0.0,0.0,286441,0.0
8289,22463.290098,2425.25976,11444.64,3906.7,10858.7770552,22145.7800868,213726.438,5684.004,484.911,19.2,0.0,0.0,0.0,0.0,293159,0.0
8290,20247.1902617,2425.25976,11444.64,3906.7,18245.2086955,19167.6543404,213726.438,5684.004,473.704942351,19.2,0.0,0.0,0.0,0.0,295340,0.0
8291,12708.3693735,2425.25976,11444.64,3906.7,24104.2249029,17609.3639636,213726.438,5684.004,370.8,19.2,0.0,0.0,0.0,0.0,291999,0.0
8292,4371.54651202,2425.25976,11444.64,3906.7,28297.0085092,16569.4032188,213726.438,5684.004,370.8,19.2,0.0,0.0,0.0,0.0,286815,0.0
8293,2160.7465,2425.25976,11444.64,3906.7,30387.6791772,15974.0107281,210188.019835,4921.344,176.4,19.2,0.0,0.0,0.0,0.0,281604,0.0
8294,2160.7465,2425.25976,11444.64,3906.7,28537.1110515,15478.7602642,207995.834424,4827.348,176.4,19.2,0.0,0.0,0.0,0.0,276972,0.0
8295,2160.7465,2425.25976,11444.64,3906.7,21868.0433641,15154.6095203,211357.856856,5117.544,176.4,19.2,0.0,0.0,0.0,0.0,273631,0.0
8296,4234.4974343,2425.25976,11444.64,3906.7,16638.0114479,15200.4493578,213726.438,5684.004,370.8,19.2,0.0,0.0,0.0,0.0,273650,0.0
8297,14417.0779131,2425.25976,11444.64,3906.7,10157.7222463,16052.1580806,213726.438,5684.004,370.8,19.2,0.0,0.0,0.0,0.0,278204,0.0
8298,28571.4484575,2425.25976,11444.64,3906.7,588.716216586,15303.7935659,213726.438,5684.004,370.8,19.2,0.0,0.0,0.0,0.0,282041,0.0
8299,26889.860058,2425.25976,11444.64,3906.7,0.0,17868.098182,213726.438,5684.004,370.8,19.2,0.0,0.0,0.0,0.0,282335,0.0
8300,18499.9181204,2425.25976,11444.64,3906.7,0.0,22629.0401196,213726.438,5684.004,370.8,19.2,0.0,0.0,0.0,0.0,278706,0.0
8301,5848.02347333,2425.25976,11444.64,3906.7,0.0,27789.9347667,213726.438,5684.004,370.8,19.2,0.0,0.0,0.0,0.0,271215,0.0
8302,2160.7465,2425.25976,11444.64,3906.7,0.0,29973.1226652,206750.7585,3983.17257483,176.4,19.2,0.0,0.0,0.0,0.0,260840,0.0
8303,2160.7465,2425.25976,11444.64,3906.7,0.0,30450.2306331,198165.221107,2968.902,8.1,19.2,0.0,0.0,0.0,0.0,251549,0.0
8304,2160.7465,2425.25976,11444.64,3906.7,0.0,29766.7004472,192929.751293,2968.902,8.1,19.2,0.0,0.0,0.0,0.0,245630,0.0
8305,2061.697,2439.69583,11444.64,3839.728,0.0,28682.4533559,190946.043814,2402.442,8.1,19.2,0.0,0.0,0.0,0.0,241844,0.0
8306,2061.697,2439.69583,11444.64,3839.728,0.0,26900.0784623,190119.418708,2402.442,8.1,19.2,0.0,0.0,0.0,0.0,239235,0.0
8307,2061.697,2439.69583,11444.64,3839.728,0.0,25110.5266098,190584.97056,2402.442,8.1,19.2,0.0,0.0,0.0,0.0,237911,0.0
8308,2061.697,2439.69583,11444.64,3839.728,0.0,24141.7607573,192771.296413,2775.582,176.4,19.2,0.0,0.0,0.0,0.0,239670,0.0
8309,2061.697,2439.69583,11444.64,3839.728,0.0,24265.9520461,196347.799124,4260.888,176.4,19.2,0.0,0.0,0.0,0.0,244856,0.0
8310,7030.1499269,2439.69583,11444.64,3839.728,0.0,24999.9292431,198259.173,4551.084,176.4,19.2,0.0,0.0,0.0,0.0,252760,0.0
8311,14458.8639258,2439.69583,11444.64,3839.728,0.0,25610.9652442,198259.173,4517.334,176.4,19.2,0.0,0.0,0.0,0.0,260766,0.0
8312,17789.7995349,2439.69583,11444.64,3839.728,2703.4683263,26961.8113088,198259.173,4551.084,176.4,19.2,0.0,0.0,0.0,0.0,268185,0.0
8313,14485.1409047,2439.69583,11444.64,3839.728,10508.2587057,26830.6795597,198259.173,4551.084,176.4,19.2,0.0,0.0,0.0,0.0,272554,0.0
8314,6941.65228916,2439.69583,11444.64,3839.728,19940.3052283,26500.1216526,198259.173,4551.084,176.4,19.2,0.0,0.0,0.0,0.0,274112,0.0
8315,2061.697,2439.69583,11444.64,3839.728,25321.6952745,29544.2963207,194702.820575,2845.827,176.4,19.2,0.0,0.0,0.0,0.0,272396,0.0
8316,2061.697,2439.69583,11444.64,3839.728,28950.4528165,32432.85678,185807.187573,2402.442,8.1,19.2,0.0,0.0,0.0,0.0,269406,0.0
8317,2061.697,2439.69583,11444.64,3839.728,28480.6747996,33733.0268349,181767.795535,2402.442,8.1,19.2,0.0,0.0,0.0,0.0,266197,0.0
8318,2061.697,2439.69583,11444.64,3839.728,26369.6001717,32442.8069231,183093.090075,2402.442,8.1,19.2,0.0,0.0,0.0,0.0,264121,0.0
8319,2061.697,2439.69583,11444.64,3839.728,23297.1505449,31273.3638195,186020.982806,2402.442,8.1,19.2,0.0,0.0,0.0,0.0,262807,0.0
8320,2061.697,2439.69583,11444.64,3839.728,18248.8211617,28627.9175682,193878.07344,2845.827,176.4,19.2,0.0,0.0,0.0,0.0,263582,0.0
8321,13246.7343752,2439.69583,11444.64,3839.728,9885.71543308,24542.6293617,198259.173,4551.084,176.4,19.2,0.0,0.0,0.0,0.0,268405,0.0
8322,29610.0929735,2439.69583,11444.64,3839.728,756.99281432,20766.9933821,198259.173,4551.084,176.4,19.2,0.0,0.0,0.0,0.0,271864,0.0
8323,30159.4099607,2439.69583,11444.64,3839.728,0.0,21041.6692093,198259.173,4551.084,176.4,19.2,0.0,0.0,0.0,0.0,271931,0.0
8324,26375.8802478,2439.69583,11444.64,3839.728,0.0,21964.9489222,198259.173,4517.334,176.4,19.2,0.0,0.0,0.0,0.0,269037,0.0
8325,20611.3734615,2439.69583,11444.64,3839.728,0.0,21565.7057085,198259.173,4551.084,176.4,19.2,0.0,0.0,0.0,0.0,262907,0.0
8326,13112.3391464,2439.69583,11444.64,3839.728,0.0,19697.0569089,198259.173,4496.76711476,176.4,19.2,0.0,0.0,0.0,0.0,253485,0.0
8327,6451.12431692,2439.69583,11444.64,3839.728,0.0,17261.9548531,198259.173,4551.084,176.4,19.2,0.0,0.0,0.0,0.0,244443,0.0
8328,2276.28173654,2439.69583,11444.64,3839.728,0.0,14680.7974335,198259.173,4551.084,176.4,19.2,0.0,0.0,0.0,0.0,237687,0.0
8329,1977.3215,2439.69583,11444.64,3817.404,0.0,12302.0094551,196756.173,3905.15621491,176.4,19.2,0.0,0.0,0.0,0.0,232838,0.0
8330,1977.3215,2439.69583,11444.64,3817.404,0.0,10619.4042902,195833.10738,2845.827,176.4,19.2,0.0,0.0,0.0,0.0,229173,0.0
8331,1977.3215,2439.69583,11444.64,3817.404,0.0,9085.40727431,195408.104396,2845.827,176.4,19.2,0.0,0.0,0.0,0.0,227214,0.0
8332,1977.3215,2439.69583,11444.64,3817.404,0.0,7544.42899839,196846.021672,4260.888,176.4,19.2,0.0,0.0,0.0,0.0,228526,0.0
8333,4706.9564829,2439.69583,11444.64,3817.404,0.0,6620.8466871,199294.173,4551.084,252.0,19.2,0.0,0.0,0.0,0.0,233146,0.0
8334,11384.7006764,2439.69583,11444.64,3817.404,0.0,6672.10249359,199294.173,4551.084,252.0,19.2,0.0,0.0,0.0,0.0,239875,0.0
8335,18142.5672127,2439.69583,11444.64,3817.404,0.0,7010.23595733,199294.173,4551.084,252.0,19.2,0.0,0.0,0.0,0.0,246971,0.0
8336,21342.7126013,2439.69583,11444.64,3817.404,2713.63224653,7592.65832222,199294.173,4551.084,370.8,19.2,0.0,0.0,0.0,0.0,253586,0.0
8337,16099.12331,2439.69583,11444.64,3817.404,11712.3892547,8467.01201541,199294.173,4551.084,265.278589886,19.2,0.0,0.0,0.0,0.0,258110,0.0
8338,8382.52038088,2439.69583,11444.64,3817.404,20298.3256866,9324.95710257,199294.173,4551.084,252.0,19.2,0.0,0.0,0.0,0.0,259824,0.0
8339,2547.86073483,2439.69583,11444.64,3817.404,26189.9057262,8276.03670899,199294.173,4551.084,252.0,19.2,0.0,0.0,0.0,0.0,258832,0.0
8340,1977.3215,2439.69583,11444.64,3817.404,30193.6103272,9251.25252462,194080.648818,2845.827,176.4,19.2,0.0,0.0,0.0,0.0,256246,0.0
8341,1977.3215,2439.69583,11444.64,3817.404,31247.0805796,9903.28369091,189871.8324,2402.442,8.1,19.2,0.0,0.0,0.0,0.0,253131,0.0
8342,1977.3215,2439.69583,11444.64,3817.404,30162.3220974,9710.1397969,188184.734776,2402.442,8.1,19.2,0.0,0.0,0.0,0.0,250166,0.0
8343,1977.3215,2439.69583,11444.64,3817.404,25575.8813604,10492.8559148,189188.459395,2402.442,8.1,19.2,0.0,0.0,0.0,0.0,247366,0.0
8344,1977.3215,2439.69583,11444.64,3817.404,19938.3257705,11432.4774343,193398.858,2724.642,162.43546523,19.2,0.0,0.0,0.0,0.0,247355,0.0
8345,6381.84669863,2439.69583,11444.64,3817.404,11523.8438298,11239.1126416,199294.173,4551.084,252.0,19.2,0.0,0.0,0.0,0.0,250963,0.0
8346,21272.2912077,2439.69583,11444.64,3817.404,815.801994578,10675.7099678,199294.173,4551.084,252.0,19.2,0.0,0.0,0.0,0.0,254582,0.0
8347,22270.575957,2439.69583,11444.64,3817.404,0.0,11663.227213,199294.173,4551.084,252.0,19.2,0.0,0.0,0.0,0.0,255752,0.0
8348,18002.104755,2439.69583,11444.64,3817.404,0.0,14596.698415,199294.173,4551.084,252.0,19.2,0.0,0.0,0.0,0.0,254417,0.0
8349,10847.1767828,2439.69583,11444.64,3817.404,0.0,17430.6263872,199294.173,4551.084,252.0,19.2,0.0,0.0,0.0,0.0,250096,0.0
8350,1977.3215,2439.69583,11444.64,3817.404,0.0,19348.6689039,198470.673,4273.99676608,176.4,19.2,0.0,0.0,0.0,0.0,241968,0.0
8351,1977.3215,2439.69583,11444.64,3817.404,0.0,19780.7443297,191957.45234,2402.442,8.1,19.2,0.0,0.0,0.0,0.0,233847,0.0
8352,1977.3215,2439.69583,11444.64,3817.404,0.0,18958.7625366,186961.434133,2402.442,8.1,19.2,0.0,0.0,0.0,0.0,228029,0.0
8353,2017.675,2425.25976,11444.64,3862.052,0.0,17630.2233442,184458.407896,2402.442,8.1,19.2,0.0,0.0,0.0,0.0,224268,0.0
8354,2017.675,2425.25976,11444.64,3862.052,0.0,16159.2197676,182706.411472,2402.442,8.1,19.2,0.0,0.0,0.0,0.0,221045,0.0
8355,2017.675,2425.25976,11444.64,3862.052,0.0,13923.8554679,183647.775772,2402.442,8.1,19.2,0.0,0.0,0.0,0.0,219751,0.0
8356,2017.675,2425.25976,11444.64,3862.052,0.0,13584.8529092,186042.778331,2402.442,8.1,19.2,0.0,0.0,0.0,0.0,221807,0.0
8357,2017.675,2425.25976,11444.64,3862.052,0.0,14987.9231748,190950.708065,2402.442,8.1,19.2,0.0,0.0,0.0,0.0,228118,0.0
8358,2017.675,2425.25976,11444.64,3862.052,0.0,16643.1229966,198052.068243,2775.582,176.4,19.2,0.0,0.0,0.0,0.0,237416,0.0
8359,2017.675,2425.25976,11444.64,3862.052,0.0,17839.8366439,204553.852596,4452.084,176.4,19.2,0.0,0.0,0.0,0.0,246791,0.0
8360,6383.52152243,2425.25976,11444.64,3862.052,2643.50932801,18635.1843896,205390.638,4551.084,664.911,19.2,0.0,0.0,0.0,0.0,256020,0.0
8361,4638.93293006,2425.25976,11444.64,3862.052,12128.9053469,18133.376963,205390.638,4551.084,664.911,19.2,0.0,0.0,0.0,0.0,263259,0.0
8362,2323.75151607,2425.25976,11444.64,3862.052,21387.9387746,14206.5249493,205390.638,4551.084,664.911,19.2,0.0,0.0,0.0,0.0,266276,0.0
8363,2017.675,2425.25976,11444.64,3862.052,29029.3733497,10624.4385614,201107.073329,4260.888,176.4,19.2,0.0,0.0,0.0,0.0,264967,0.0
8364,2017.675,2425.25976,11444.64,3862.052,33933.0793003,9446.599806,196586.3835,2547.01063372,8.1,19.2,0.0,0.0,0.0,0.0,262290,0.0
8365,2017.675,2425.25976,11444.64,3862.052,35637.3626545,9498.38320948,192358.885376,2402.442,8.1,19.2,0.0,0.0,0.0,0.0,259674,0.0
8366,2017.675,2425.25976,11444.64,3862.052,34271.6460592,8060.80944145,193443.175739,2402.442,8.1,19.2,0.0,0.0,0.0,0.0,257955,0.0
8367,2017.675,2425.25976,11444.64,3862.052,30908.8306823,7039.81668796,197212.48387,2559.942,8.1,19.2,0.0,0.0,0.0,0.0,257498,0.0
8368,2017.675,2425.25976,11444.64,3862.052,24414.6185477,6774.67310624,204145.597586,4354.884,176.4,19.2,0.0,0.0,0.0,0.0,259635,0.0
8369,16270.2527493,2425.25976,11444.64,3862.052,14124.2964639,7207.66602679,205390.638,4551.084,664.911,19.2,0.0,0.0,0.0,0.0,265960,0.0
8370,34619.6534001,2425.25976,11444.64,3862.052,949.722967446,7901.43905404,205390.638,4551.084,610.310818414,19.2,0.0,0.0,0.0,0.0,271774,0.0
8371,35515.4716377,2425.25976,11444.64,3862.052,0.0,10163.2436023,205390.638,4551.084,570.411,19.2,0.0,0.0,0.0,0.0,273942,0.0
8372,29601.8887487,2425.25976,11444.64,3862.052,0.0,14373.8264913,205390.638,4551.084,570.411,19.2,0.0,0.0,0.0,0.0,272239,0.0
8373,19994.5913726,2425.25976,11444.64,3862.052,0.0,18604.1238674,205390.638,4551.084,570.411,19.2,0.0,0.0,0.0,0.0,266862,0.0
8374,5495.10592303,2425.25976,11444.64,3862.052,0.0,23048.609317,205390.638,4551.084,570.411,19.2,0.0,0.0,0.0,0.0,256807,0.0
8375,2017.675,2425.25976,11444.64,3862.052,0.0,26670.8513749,197424.579865,2724.642,8.1,19.2,0.0,0.0,0.0,0.0,246597,0.0
8376,2017.675,2425.25976,11444.64,3862.052,0.0,29501.1607677,186919.470472,2402.442,8.1,19.2,0.0,0.0,0.0,0.0,238600,0.0
8377,1859.9295,2396.38762,11444.64,3862.052,0.0,32133.9678916,179211.280988,2303.442,8.1,19.2,0.0,0.0,0.0,0.0,233239,0.0
8378,1859.9295,2396.38762,11444.64,3862.052,0.0,34910.90219,172410.34669,2303.442,8.1,19.2,0.0,0.0,0.0,0.0,229215,0.0
8379,1859.9295,2396.38762,11444.64,3862.052,0.0,35550.7987258,169707.450154,2303.442,8.1,19.2,0.0,0.0,0.0,0.0,227152,0.0
8380,1859.9295,2396.38762,11444.64,3862.052,0.0,35260.8101863,171810.438694,2303.442,8.1,19.2,0.0,0.0,0.0,0.0,228965,0.0
8381,1859.9295,2396.38762,11444.64,3862.052,0.0,34018.177802,179303.071078,2303.442,8.1,19.2,0.0,0.0,0.0,0.0,235215,0.0
8382,1859.9295,2396.38762,11444.64,3862.052,0.0,32960.7321573,189115.016723,2625.642,176.4,19.2,0.0,0.0,0.0,0.0,244460,0.0
8383,4870.00108536,2396.38762,11444.64,3862.052,0.0,32971.6622946,193156.173,4353.084,370.8,19.2,0.0,0.0,0.0,0.0,253444,0.0
8384,10464.0038592,2396.38762,11444.64,3862.052,2770.95623696,33427.5922838,193156.173,4353.084,484.911,19.2,0.0,0.0,0.0,0.0,262379,0.0
8385,6012.6170942,2396.38762,11444.64,3862.052,12281.4303472,34378.5049386,193156.173,4353.084,484.911,19.2,0.0,0.0,0.0,0.0,268389,0.0
8386,1859.9295,2396.38762,11444.64,3862.052,21191.0696988,33596.3574174,192351.573,3320.39076376,176.4,19.2,0.0,0.0,0.0,0.0,270218,0.0
8387,1859.9295,2396.38762,11444.64,3862.052,28835.3632457,32779.7636935,185004.121941,2303.442,8.1,19.2,0.0,0.0,0.0,0.0,268513,0.0
8388,1859.9295,2396.38762,11444.64,3862.052,32748.3321859,32480.4032077,178921.513486,2303.442,8.1,19.2,0.0,0.0,0.0,0.0,266044,0.0
8389,1859.9295,2396.38762,11444.64,3862.052,35274.6453732,29424.8606046,177086.742902,2303.442,8.1,19.2,0.0,0.0,0.0,0.0,263680,0.0
8390,1859.9295,2396.38762,11444.64,3862.052,33206.2656688,24551.9657083,182602.017503,2303.442,8.1,19.2,0.0,0.0,0.0,0.0,262254,0.0
8391,1859.9295,2396.38762,11444.64,3862.052,28576.2010766,22040.2389912,188702.658,2500.59281225,8.1,19.2,0.0,0.0,0.0,0.0,261410,0.0
8392,2588.0587812,2396.38762,11444.64,3862.052,22482.3845398,22395.109059,193156.173,4353.084,484.911,19.2,0.0,0.0,0.0,0.0,263182,0.0
8393,17651.0027193,2396.38762,11444.64,3862.052,13049.4724664,23035.0771943,193156.173,4353.084,484.911,19.2,0.0,0.0,0.0,0.0,269452,0.0
8394,36164.5258523,2396.38762,11444.64,3862.052,856.074172023,21801.9523556,193156.173,4353.084,484.911,19.2,0.0,0.0,0.0,0.0,274539,0.0
8395,36057.9166334,2396.38762,11444.64,3862.052,0.0,24370.6357466,193156.173,4353.084,484.911,19.2,0.0,0.0,0.0,0.0,276145,0.0
8396,27507.0714926,2396.38762,11444.64,3862.052,0.0,31673.7101271,193156.173,4353.084,393.681760267,19.2,0.0,0.0,0.0,0.0,274806,0.0
8397,15713.382534,2396.38762,11444.64,3862.052,0.0,38149.280846,193156.173,4353.084,370.8,19.2,0.0,0.0,0.0,0.0,269465,0.0
8398,2040.70174847,2396.38762,11444.64,3862.052,0.0,41888.9616315,193156.173,4353.084,370.8,19.2,0.0,0.0,0.0,0.0,259532,0.0
8399,1859.9295,2396.38762,11444.64,3862.052,0.0,43310.0725938,184370.176286,2303.442,8.1,19.2,0.0,0.0,0.0,0.0,249574,0.0
8400,1859.9295,2396.38762,11444.64,3862.052,0.0,42609.2255072,177259.023373,2303.442,8.1,19.2,0.0,0.0,0.0,0.0,241762,0.0
8401,1808.5705,2410.82369,11444.64,3862.052,0.0,41082.3559504,175162.07286,697.185,8.1,19.2,0.0,0.0,0.0,0.0,236495,0.0
8402,1808.5705,2410.82369,11444.64,3862.052,0.0,40250.4474141,172230.981396,697.185,8.1,19.2,0.0,0.0,0.0,0.0,232732,0.0
8403,1808.5705,2410.82369,11444.64,3862.052,0.0,39166.4050218,171588.023788,697.185,8.1,19.2,0.0,0.0,0.0,0.0,231005,0.0
8404,1808.5705,2410.82369,11444.64,3862.052,0.0,37994.8892302,174899.53958,697.185,8.1,19.2,0.0,0.0,0.0,0.0,233145,0.0
8405,1808.5705,2410.82369,11444.64,3862.052,0.0,37506.282128,181926.146682,697.185,8.1,19.2,0.0,0.0,0.0,0.0,239683,0.0
8406,5470.55571164,2410.82369,11444.64,3862.052,0.0,38925.9855984,185110.173,1140.57,252.0,19.2,0.0,0.0,0.0,0.0,248636,0.0
8407,12289.4896882,2410.82369,11444.64,3862.052,0.0,41000.0516218,185110.173,1140.57,252.0,19.2,0.0,0.0,0.0,0.0,257529,0.0
8408,16270.1169771,2410.82369,11444.64,3862.052,2645.37560918,43409.6487237,185110.173,1140.57,176.4,19.2,0.0,0.0,0.0,0.0,266489,0.0
8409,13545.7649171,2410.82369,11444.64,3862.052,11630.5908086,43049.7855844,185110.173,1140.57,176.4,19.2,0.0,0.0,0.0,0.0,272390,0.0
8410,5588.16299484,2410.82369,11444.64,3862.052,20675.4637858,43478.5145294,185110.173,1140.57,176.4,19.2,0.0,0.0,0.0,0.0,273906,0.0
8411,1808.5705,2410.82369,11444.64,3862.052,27411.6929906,47578.071454,176695.664365,697.185,8.1,19.2,0.0,0.0,0.0,0.0,271936,0.0
8412,1808.5705,2410.82369,11444.64,3862.052,32361.5943111,52519.1903597,163388.644139,697.185,8.1,19.2,0.0,0.0,0.0,0.0,268520,0.0
8413,1808.5705,2410.82369,11444.64,3862.052,32967.0302087,51567.4440098,160575.954592,697.185,8.1,19.2,0.0,0.0,0.0,0.0,265361,0.0
8414,1808.5705,2410.82369,11444.64,3862.052,31008.2674963,45896.0079861,165721.153328,697.185,8.1,19.2,0.0,0.0,0.0,0.0,262876,0.0
8415,1808.5705,2410.82369,11444.64,3862.052,26845.5035732,40262.0947475,173840.830489,697.185,8.1,19.2,0.0,0.0,0.0,0.0,261199,0.0
8416,1808.5705,2410.82369,11444.64,3862.052,19295.6051294,39211.7542621,183219.869419,1019.385,8.1,19.2,0.0,0.0,0.0,0.0,262300,0.0
8417,14000.3392472,2410.82369,11444.64,3862.052,10810.6577645,38629.1442983,185110.173,1140.57,176.4,19.2,0.0,0.0,0.0,0.0,267604,0.0
8418,30969.9700288,2410.82369,11444.64,3862.052,522.582716922,36242.5885643,185110.173,1140.57,176.4,19.2,0.0,0.0,0.0,0.0,271899,0.0
8419,29756.4478324,2410.82369,11444.64,3862.052,0.0,38894.6934776,185110.173,1140.57,176.4,19.2,0.0,0.0,0.0,0.0,272815,0.0
8420,21768.2896177,2410.82369,11444.64,3862.052,0.0,45213.8516923,185110.173,1140.57,176.4,19.2,0.0,0.0,0.0,0.0,271146,0.0
8421,10129.170785,2410.82369,11444.64,3862.052,0.0,50798.2507143,185110.173,1140.57,249.119810684,19.2,0.0,0.0,0.0,0.0,265164,0.0
8422,1808.5705,2410.82369,11444.64,3862.052,0.0,51642.1796818,183070.458,879.976128177,8.1,19.2,0.0,0.0,0.0,0.0,255146,0.0
8423,1808.5705,2410.82369,11444.64,3862.052,0.0,50029.9716138,175256.457196,697.185,8.1,19.2,0.0,0.0,0.0,0.0,245537,0.0
8424,1808.5705,2410.82369,11444.64,3862.052,0.0,48198.367402,169979.061408,697.185,8.1,19.2,0.0,0.0,0.0,0.0,238428,0.0
8425,1793.8965,2396.38762,11444.64,3973.672,0.0,45516.182661,167439.736219,697.185,8.1,19.2,0.0,0.0,0.0,0.0,233289,0.0
8426,1793.8965,2396.38762,11444.64,3973.672,0.0,42481.8988362,167049.020044,697.185,8.1,19.2,0.0,0.0,0.0,0.0,229864,0.0
8427,1793.8965,2396.38762,11444.64,3973.672,0.0,39660.1156946,168558.803185,697.185,8.1,19.2,0.0,0.0,0.0,0.0,228552,0.0
8428,1793.8965,2396.38762,11444.64,3973.672,0.0,40044.2664949,170212.652385,697.185,8.1,19.2,0.0,0.0,0.0,0.0,230590,0.0
8429,1793.8965,2396.38762,11444.64,3973.672,0.0,41512.919985,174976.998895,697.185,8.1,19.2,0.0,0.0,0.0,0.0,236823,0.0
8430,1793.8965,2396.38762,11444.64,3973.672,0.0,42466.1368265,182805.858,986.109053487,8.1,19.2,0.0,0.0,0.0,0.0,245894,0.0
8431,6998.35280384,2396.38762,11444.64,3973.672,0.0,44099.0045762,184732.173,1140.57,252.0,19.2,0.0,0.0,0.0,0.0,255056,0.0
8432,11763.7447894,2396.38762,11444.64,3973.672,2467.25979523,46051.5527954,184732.173,1140.57,370.8,19.2,0.0,0.0,0.0,0.0,264360,0.0
8433,11671.4858932,2396.38762,11444.64,3973.672,11353.0887643,44055.9827225,184732.173,1140.57,370.8,19.2,0.0,0.0,0.0,0.0,271158,0.0
8434,8434.47127295,2396.38762,11444.64,3973.672,19343.1963329,41706.8897742,184732.173,1140.57,370.8,19.2,0.0,0.0,0.0,0.0,273562,0.0
8435,1793.8965,2396.38762,11444.64,3973.672,26236.5054187,44310.3825658,180201.030896,697.185,8.1,19.2,0.0,0.0,0.0,0.0,271081,0.0
8436,1793.8965,2396.38762,11444.64,3973.672,30774.407985,46433.3755089,170608.135386,697.185,8.1,19.2,0.0,0.0,0.0,0.0,268149,0.0
8437,1793.8965,2396.38762,11444.64,3973.672,32239.7656347,44571.766969,167899.386276,697.185,8.1,19.2,0.0,0.0,0.0,0.0,265044,0.0
8438,1793.8965,2396.38762,11444.64,3973.672,32308.1333167,41292.2458485,168509.539715,697.185,8.1,19.2,0.0,0.0,0.0,0.0,262443,0.0
8439,1793.8965,2396.38762,11444.64,3973.672,25675.1332842,39409.7043286,175290.081267,697.185,8.1,19.2,0.0,0.0,0.0,0.0,260708,0.0
8440,1793.8965,2396.38762,11444.64,3973.672,20400.3182196,38670.410662,182348.689998,854.685,8.1,19.2,0.0,0.0,0.0,0.0,261910,0.0
8441,15322.4691077,2396.38762,11444.64,3973.672,10475.2595072,36783.8287651,184732.173,1140.57,370.8,19.2,0.0,0.0,0.0,0.0,266659,0.0
8442,32258.3843756,2396.38762,11444.64,3973.672,805.954333386,33482.218671,184732.173,1140.57,370.8,19.2,0.0,0.0,0.0,0.0,270624,0.0
8443,31608.9456898,2396.38762,11444.64,3973.672,0.0,35277.6116902,184732.173,1140.57,370.8,19.2,0.0,0.0,0.0,0.0,270964,0.0
8444,24435.1560557,2396.38762,11444.64,3973.672,0.0,39820.6721752,184732.173,1140.57,341.529149094,19.2,0.0,0.0,0.0,0.0,268304,0.0
8445,14286.7988254,2396.38762,11444.64,3973.672,0.0,43491.5585546,184732.173,1140.57,252.0,19.2,0.0,0.0,0.0,0.0,261737,0.0
8446,3213.93498637,2396.38762,11444.64,3973.672,0.0,44829.4223936,184732.173,1140.57,252.0,19.2,0.0,0.0,0.0,0.0,252002,0.0
8447,1793.8965,2396.38762,11444.64,3973.672,0.0,45176.0291089,177234.889771,697.185,8.1,19.2,0.0,0.0,0.0,0.0,242744,0.0
8448,1793.8965,2396.38762,11444.64,3973.672,0.0,44273.854575,171991.064305,697.185,8.1,19.2,0.0,0.0,0.0,0.0,236598,0.0
8449,1782.891,2367.51548,11444.64,3995.996,0.0,42954.7744284,167712.637092,2112.246,8.1,19.2,0.0,0.0,0.0,0.0,232398,0.0
8450,1782.891,2367.51548,11444.64,3995.996,0.0,42201.2982431,165665.113277,2112.246,8.1,19.2,0.0,0.0,0.0,0.0,229597,0.0
8451,1782.891,2367.51548,11444.64,3995.996,0.0,42660.3141145,163996.097405,2112.246,8.1,19.2,0.0,0.0,0.0,0.0,228387,0.0
8452,1782.891,2367.51548,11444.64,3995.996,0.0,41579.2841049,167686.127415,2112.246,8.1,19.2,0.0,0.0,0.0,0.0,230996,0.0
8453,1782.891,2367.51548,11444.64,3995.996,0.0,40879.9123096,174856.49921,2112.246,8.1,19.2,0.0,0.0,0.0,0.0,237467,0.0
8454,1782.891,2367.51548,11444.64,3995.996,0.0,41396.6646506,183537.746869,2112.246,8.1,19.2,0.0,0.0,0.0,0.0,246665,0.0
8455,3248.6883026,2367.51548,11444.64,3995.996,0.0,42677.2952174,188674.173,3970.692,370.8,19.2,0.0,0.0,0.0,0.0,256769,0.0
8456,10271.9329272,2367.51548,11444.64,3995.996,2282.98738038,43508.5162575,188674.173,3970.692,282.346954911,19.2,0.0,0.0,0.0,0.0,266818,0.0
8457,12806.0599019,2367.51548,11444.64,3995.996,9843.74703694,40745.1765812,188674.173,3970.692,370.8,19.2,0.0,0.0,0.0,0.0,274238,0.0
8458,8683.59804324,2367.51548,11444.64,3995.996,16958.0511376,40368.3343392,188674.173,3970.692,370.8,19.2,0.0,0.0,0.0,0.0,276853,0.0
8459,1782.891,2367.51548,11444.64,3995.996,24086.8310728,45855.859816,183501.720631,2112.246,8.1,19.2,0.0,0.0,0.0,0.0,275175,0.0
8460,1782.891,2367.51548,11444.64,3995.996,28318.5915319,48977.0950429,173500.724945,2112.246,8.1,19.2,0.0,0.0,0.0,0.0,272527,0.0
8461,1782.891,2367.51548,11444.64,3995.996,30091.0459889,46526.9368731,171044.428658,2112.246,8.1,19.2,0.0,0.0,0.0,0.0,269393,0.0
8462,1782.891,2367.51548,11444.64,3995.996,29831.7464426,43858.1664554,171301.498622,2112.246,8.1,19.2,0.0,0.0,0.0,0.0,266722,0.0
8463,1782.891,2367.51548,11444.64,3995.996,26634.9963186,40700.4226375,175973.992564,2112.246,8.1,19.2,0.0,0.0,0.0,0.0,265040,0.0
8464,1782.891,2367.51548,11444.64,3995.996,20479.525727,38927.8761876,184884.858,2233.39760539,8.1,19.2,0.0,0.0,0.0,0.0,266144,0.0
8465,12049.1476584,2367.51548,11444.64,3995.996,11545.6412127,36769.1946489,188674.173,3970.692,370.8,19.2,0.0,0.0,0.0,0.0,271207,0.0
8466,32322.061476,2367.51548,11444.64,3995.996,922.412485463,31528.5095586,188674.173,3970.692,370.8,19.2,0.0,0.0,0.0,0.0,275616,0.0
8467,33069.9113782,2367.51548,11444.64,3995.996,0.0,32649.0721418,188674.173,3970.692,370.8,19.2,0.0,0.0,0.0,0.0,276562,0.0
8468,26545.4620455,2367.51548,11444.64,3995.996,0.0,37323.5214745,188674.173,3970.692,370.8,19.2,0.0,0.0,0.0,0.0,274712,0.0
8469,16404.9720459,2367.51548,11444.64,3995.996,0.0,41410.0114741,188674.173,3970.692,370.8,19.2,0.0,0.0,0.0,0.0,268658,0.0
8470,4745.98702116,2367.51548,11444.64,3995.996,0.0,42697.9964988,188674.173,3970.692,370.8,19.2,0.0,0.0,0.0,0.0,258287,0.0
8471,1782.891,2367.51548,11444.64,3995.996,0.0,41610.1331283,184702.278392,2112.246,8.1,19.2,0.0,0.0,0.0,0.0,248043,0.0
8472,1782.891,2367.51548,11444.64,3995.996,0.0,40785.3918509,177856.019669,2112.246,8.1,19.2,0.0,0.0,0.0,0.0,240372,0.0
8473,1782.891,2324.20727,11444.64,3995.996,0.0,40084.0332671,172899.390463,2275.542,8.1,19.2,0.0,0.0,0.0,0.0,234834,0.0
8474,1782.891,2324.20727,11444.64,3995.996,0.0,39160.8273537,169658.596376,2275.542,8.1,19.2,0.0,0.0,0.0,0.0,230670,0.0
8475,1782.891,2324.20727,11444.64,3995.996,0.0,38804.1384962,168123.285234,2275.542,8.1,19.2,0.0,0.0,0.0,0.0,228778,0.0
8476,1782.891,2324.20727,11444.64,3995.996,0.0,39214.5214462,169960.902284,2275.542,8.1,19.2,0.0,0.0,0.0,0.0,231026,0.0
8477,1782.891,2324.20727,11444.64,3995.996,0.0,40360.8825818,175268.641148,2402.442,8.1,19.2,0.0,0.0,0.0,0.0,237607,0.0
8478,1782.891,2324.20727,11444.64,3995.996,0.0,40296.399351,185735.124379,2402.442,8.1,19.2,0.0,0.0,0.0,0.0,248009,0.0
8479,1782.891,2324.20727,11444.64,3995.996,0.0,38989.7441334,197525.339597,2775.582,176.4,19.2,0.0,0.0,0.0,0.0,259034,0.0
8480,2528.33757374,2324.20727,11444.64,3995.996,2294.94236597,37670.0437903,204796.638,4551.084,484.911,19.2,0.0,0.0,0.0,0.0,270110,0.0
8481,4636.88678523,2324.20727,11444.64,3995.996,11467.8965258,34329.540419,204796.638,4551.084,484.911,19.2,0.0,0.0,0.0,0.0,278051,0.0
8482,4270.07711233,2324.20727,11444.64,3995.996,19677.7847029,29964.4619148,204796.638,4551.084,484.911,19.2,0.0,0.0,0.0,0.0,281529,0.0
8483,1782.891,2324.20727,11444.64,3995.996,26509.0759941,27315.7865819,201678.915154,4260.888,176.4,19.2,0.0,0.0,0.0,0.0,279508,0.0
8484,1782.891,2324.20727,11444.64,3995.996,30485.3773202,25367.8905361,198350.570874,2845.827,176.4,19.2,0.0,0.0,0.0,0.0,276793,0.0
8485,1782.891,2324.20727,11444.64,3995.996,32569.1407573,23250.4564612,195706.926512,2402.442,8.1,19.2,0.0,0.0,0.0,0.0,273504,0.0
8486,1782.891,2324.20727,11444.64,3995.996,32662.9484734,21717.5730389,194166.002218,2402.442,8.1,19.2,0.0,0.0,0.0,0.0,270524,0.0
8487,1782.891,2324.20727,11444.64,3995.996,29769.1833505,21007.4829051,195281.857474,2402.442,8.1,19.2,0.0,0.0,0.0,0.0,268036,0.0
8488,1782.891,2324.20727,11444.64,3995.996,22900.5951546,19238.9348323,202262.247743,4260.888,176.4,19.2,0.0,0.0,0.0,0.0,268406,0.0
8489,14959.6038469,2324.20727,11444.64,3995.996,12833.5171103,17398.2027728,204796.638,4551.084,484.911,19.2,0.0,0.0,0.0,0.0,272808,0.0
8490,33527.8098218,2324.20727,11444.64,3995.996,954.97783913,14936.536069,204796.638,4551.084,484.911,19.2,0.0,0.0,0.0,0.0,277036,0.0
8491,34902.9682844,2324.20727,11444.64,3995.996,0.0,16023.3554456,204796.638,4551.084,484.911,19.2,0.0,0.0,0.0,0.0,278543,0.0
8492,30172.3806524,2324.20727,11444.64,3995.996,0.0,19265.9430776,204796.638,4551.084,484.911,19.2,0.0,0.0,0.0,0.0,277055,0.0
8493,22321.9340597,2324.20727,11444.64,3995.996,0.0,21543.5333354,204796.638,4551.084,382.767334909,19.2,0.0,0.0,0.0,0.0,271380,0.0
8494,11044.9316635,2324.20727,11444.64,3995.996,0.0,23022.5030665,204796.638,4551.084,370.8,19.2,0.0,0.0,0.0,0.0,261570,0.0
8495,1782.891,2324.20727,11444.64,3995.996,0.0,24214.6990395,203298.08269,4354.884,176.4,19.2,0.0,0.0,0.0,0.0,251611,0.0
8496,1782.891,2324.20727,11444.64,3995.996,0.0,24584.3910226,197183.0835,2724.642,91.9492074051,19.2,0.0,0.0,0.0,0.0,244151,0.0
8497,1793.8965,2295.33513,11444.64,3995.996,0.0,23852.6049131,192930.858,2584.422,72.0474569437,19.2,0.0,0.0,0.0,0.0,238989,0.0
8498,1793.8965,2295.33513,11444.64,3995.996,0.0,22857.2221128,190609.388257,2262.222,8.1,19.2,0.0,0.0,0.0,0.0,235286,0.0
8499,1793.8965,2295.33513,11444.64,3995.996,0.0,22846.4920742,188770.118296,2262.222,8.1,19.2,0.0,0.0,0.0,0.0,233436,0.0
8500,1793.8965,2295.33513,11444.64,3995.996,0.0,22472.476516,190543.133854,2262.222,8.1,19.2,0.0,0.0,0.0,0.0,234835,0.0
8501,1793.8965,2295.33513,11444.64,3995.996,0.0,22043.0973747,194698.827995,2705.607,176.4,19.2,0.0,0.0,0.0,0.0,239173,0.0
8502,4423.85934179,2295.33513,11444.64,3995.996,0.0,21370.1525282,198529.173,4270.644,252.0,19.2,0.0,0.0,0.0,0.0,246601,0.0
8503,13688.2356884,2295.33513,11444.64,3995.996,0.0,20679.7761816,198529.173,4270.644,252.0,19.2,0.0,0.0,0.0,0.0,255175,0.0
8504,19875.0635287,2295.33513,11444.64,3995.996,2450.59959304,20231.5487483,198529.173,4270.644,370.8,19.2,0.0,0.0,0.0,0.0,263483,0.0
8505,18210.5396973,2295.33513,11444.64,3995.996,11590.373362,18247.2988107,198529.173,4270.644,370.8,19.2,0.0,0.0,0.0,0.0,268974,0.0
8506,14943.679384,2295.33513,11444.64,3995.996,20551.7333449,15833.1307348,198529.173,4270.644,268.468406285,19.2,0.0,0.0,0.0,0.0,272152,0.0
8507,9037.11385854,2295.33513,11444.64,3995.996,27490.0318603,13891.8661511,198529.173,4270.644,252.0,19.2,0.0,0.0,0.0,0.0,271226,0.0
8508,2062.77210241,2295.33513,11444.64,3995.996,32087.7701409,13494.4696267,198529.173,4270.644,252.0,19.2,0.0,0.0,0.0,0.0,268452,0.0
8509,1793.8965,2295.33513,11444.64,3995.996,34320.821851,12082.2999132,196004.673,2827.73760583,176.4,19.2,0.0,0.0,0.0,0.0,264961,0.0
8510,1793.8965,2295.33513,11444.64,3995.996,34216.3725887,10849.7532711,194648.79951,2705.607,176.4,19.2,0.0,0.0,0.0,0.0,262146,0.0
8511,1793.8965,2295.33513,11444.64,3995.996,31138.5028174,10491.1339247,195569.288628,2705.607,176.4,19.2,0.0,0.0,0.0,0.0,259630,0.0
8512,2784.88354066,2295.33513,11444.64,3995.996,24717.9557091,10841.1726203,198529.173,4270.644,252.0,19.2,0.0,0.0,0.0,0.0,259151,0.0
8513,15048.811999,2295.33513,11444.64,3995.996,14698.9302385,11677.2696325,198529.173,4270.644,252.0,19.2,0.0,0.0,0.0,0.0,262232,0.0
8514,30729.8958903,2295.33513,11444.64,3995.996,1333.88079338,12925.2351863,198529.173,4270.644,252.0,19.2,0.0,0.0,0.0,0.0,265796,0.0
8515,29115.6386161,2295.33513,11444.64,3995.996,0.0,16755.3732539,198529.173,4270.644,252.0,19.2,0.0,0.0,0.0,0.0,266678,0.0
8516,21307.6726031,2295.33513,11444.64,3995.996,0.0,22830.3392669,198529.173,4270.644,252.0,19.2,0.0,0.0,0.0,0.0,264945,0.0
8517,11386.0455496,2295.33513,11444.64,3995.996,0.0,28059.9663204,198529.173,4270.644,252.0,19.2,0.0,0.0,0.0,0.0,260253,0.0
8518,1793.8965,2295.33513,11444.64,3995.996,0.0,29529.1235076,198529.173,4248.2358624,176.4,19.2,0.0,0.0,0.0,0.0,252032,0.0
8519,1793.8965,2295.33513,11444.64,3995.996,0.0,28886.1162897,192534.29408,2584.422,8.1,19.2,0.0,0.0,0.0,0.0,243562,0.0
8520,1793.8965,2295.33513,11444.64,3995.996,0.0,27999.6852655,187545.925104,2262.222,8.1,19.2,0.0,0.0,0.0,0.0,237365,0.0
8521,1724.195,2295.33513,11444.64,3995.996,0.0,27976.387499,182941.994371,2737.152,8.1,19.2,0.0,0.0,0.0,0.0,233143,0.0
8522,1724.195,2295.33513,11444.64,3995.996,0.0,28456.5165497,179221.86532,2737.152,8.1,19.2,0.0,0.0,0.0,0.0,229903,0.0
8523,1724.195,2295.33513,11444.64,3995.996,0.0,29394.6905774,176950.691293,2737.152,8.1,19.2,0.0,0.0,0.0,0.0,228570,0.0
8524,1724.195,2295.33513,11444.64,3995.996,0.0,29705.5180975,178520.863773,2737.152,8.1,19.2,0.0,0.0,0.0,0.0,230451,0.0
8525,1724.195,2295.33513,11444.64,3995.996,0.0,29064.9697655,185505.412105,2737.152,8.1,19.2,0.0,0.0,0.0,0.0,236795,0.0
8526,1724.195,2295.33513,11444.64,3995.996,0.0,28325.3263009,196570.055569,2737.152,8.1,19.2,0.0,0.0,0.0,0.0,247120,0.0
8527,1724.195,2295.33513,11444.64,3995.996,0.0,26836.3452272,207106.294643,4689.594,176.4,19.2,0.0,0.0,0.0,0.0,258288,0.0
8528,8075.68837806,2295.33513,11444.64,3995.996,2428.38757047,25859.3999215,209401.938,5220.504,484.911,19.2,0.0,0.0,0.0,0.0,269226,0.0
8529,10209.9319571,2295.33513,11444.64,3995.996,12052.4434414,23266.1004715,209401.938,5220.504,484.911,19.2,0.0,0.0,0.0,0.0,278391,0.0
8530,6344.78794635,2295.33513,11444.64,3995.996,21613.006404,22314.6815196,209401.938,5220.504,484.911,19.2,0.0,0.0,0.0,0.0,283135,0.0
8531,1724.195,2295.33513,11444.64,3995.996,28961.6033353,20686.7463416,207842.148,4872.73619302,176.4,19.2,0.0,0.0,0.0,0.0,282019,0.0
8532,1724.195,2295.33513,11444.64,3995.996,34015.5237113,16827.8888385,204603.22332,4595.598,176.4,19.2,0.0,0.0,0.0,0.0,279698,0.0
8533,1724.195,2295.33513,11444.64,3995.996,36016.4525278,13079.4676031,204150.715739,4595.598,176.4,19.2,0.0,0.0,0.0,0.0,277498,0.0
8534,1724.195,2295.33513,11444.64,3995.996,35325.7309506,10407.0108064,206234.898113,4689.594,176.4,19.2,0.0,0.0,0.0,0.0,276313,0.0
8535,1724.195,2295.33513,11444.64,3995.996,31754.7946609,9445.76951076,209040.875698,4885.794,176.4,19.2,0.0,0.0,0.0,0.0,274783,0.0
8536,6977.94912977,2295.33513,11444.64,3995.996,25171.8109486,10112.7157916,209401.938,5220.504,484.911,19.2,0.0,0.0,0.0,0.0,275125,0.0
8537,20094.8153509,2295.33513,11444.64,3995.996,14864.5566226,10950.1038965,209401.938,5220.504,484.911,19.2,0.0,0.0,0.0,0.0,278772,0.0
8538,36685.0,2295.33513,11444.64,3995.996,1236.03454054,11311.339128,209401.938,5220.504,591.013201487,19.2,0.0,0.0,0.0,0.0,282201,0.0
8539,35754.5000648,2295.33513,11444.64,3995.996,0.0,14091.9758052,209401.938,5220.504,484.911,19.2,0.0,0.0,0.0,0.0,282709,0.0
8540,29365.2866188,2295.33513,11444.64,3995.996,0.0,18013.1892512,209401.938,5220.504,484.911,19.2,0.0,0.0,0.0,0.0,280241,0.0
8541,20844.6578033,2295.33513,11444.64,3995.996,0.0,20472.8180667,209401.938,5220.504,484.911,19.2,0.0,0.0,0.0,0.0,274180,0.0
8542,12006.4487439,2295.33513,11444.64,3995.996,0.0,20076.7889344,209401.938,5220.504,425.149191696,19.2,0.0,0.0,0.0,0.0,264886,0.0
8543,3573.47230697,2295.33513,11444.64,3995.996,0.0,18727.114563,209401.938,5220.504,370.8,19.2,0.0,0.0,0.0,0.0,255049,0.0
8544,1724.195,2295.33513,11444.64,3995.996,0.0,17007.3682108,206370.271659,4689.594,176.4,19.2,0.0,0.0,0.0,0.0,247723,0.0
8545,1742.5375,2295.33513,11444.64,3995.996,0.0,15570.0036416,204036.350728,3180.537,176.4,19.2,0.0,0.0,0.0,0.0,242461,0.0
8546,1742.5375,2295.33513,11444.64,3995.996,0.0,14475.8339071,201296.005463,3059.352,8.1,19.2,0.0,0.0,0.0,0.0,238337,0.0
8547,1742.5375,2295.33513,11444.64,3995.996,0.0,14195.6353116,199796.404058,2737.152,8.1,19.2,0.0,0.0,0.0,0.0,236235,0.0
8548,1742.5375,2295.33513,11444.64,3995.996,0.0,14275.9600517,201145.6935,2936.53781832,8.1,19.2,0.0,0.0,0.0,0.0,237864,0.0
8549,1742.5375,2295.33513,11444.64,3995.996,0.0,14537.9064517,205199.386918,4595.598,176.4,19.2,0.0,0.0,0.0,0.0,244007,0.0
8550,4317.06061748,2295.33513,11444.64,3995.996,0.0,15131.5262525,210931.938,5220.504,370.8,19.2,0.0,0.0,0.0,0.0,253727,0.0
8551,14322.7428296,2295.33513,11444.64,3995.996,0.0,15744.8440404,210931.938,5220.504,370.8,19.2,0.0,0.0,0.0,0.0,264346,0.0
8552,23412.5046658,2295.33513,11444.64,3995.996,2357.74843505,16211.3337691,210931.938,5220.504,370.8,19.2,0.0,0.0,0.0,0.0,276260,0.0
8553,24371.3342425,2295.33513,11444.64,3995.996,12010.6039633,14902.4486642,210931.938,5220.504,252.0,19.2,0.0,0.0,0.0,0.0,285444,0.0
8554,17793.5272416,2295.33513,11444.64,3995.996,21446.8922636,15792.9673648,210931.938,5220.504,252.0,19.2,0.0,0.0,0.0,0.0,289193,0.0
8555,6052.65055796,2295.33513,11444.64,3995.996,29196.8801174,18127.8561946,210931.938,5220.504,252.0,19.2,0.0,0.0,0.0,0.0,287537,0.0
8556,1742.5375,2295.33513,11444.64,3995.996,33749.5814722,19520.8678177,206414.84408,4595.598,176.4,19.2,0.0,0.0,0.0,0.0,283955,0.0
8557,1742.5375,2295.33513,11444.64,3995.996,35445.6809065,21005.2594177,201112.599046,2894.652,8.1,19.2,0.0,0.0,0.0,0.0,279964,0.0
8558,1742.5375,2295.33513,11444.64,3995.996,34262.1695513,21369.6047314,199867.265087,2737.152,8.1,19.2,0.0,0.0,0.0,0.0,277742,0.0
8559,1742.5375,2295.33513,11444.64,3995.996,31167.4809411,22013.1501462,199891.408283,2737.152,8.1,19.2,0.0,0.0,0.0,0.0,275315,0.0
8560,1742.5375,2295.33513,11444.64,3995.996,24689.0490894,21580.0848262,204902.6085,4271.14895445,176.4,19.2,0.0,0.0,0.0,0.0,275117,0.0
8561,8698.0971279,2295.33513,11444.64,3995.996,14678.2045525,21429.2851896,210931.938,5220.504,370.8,19.2,0.0,0.0,0.0,0.0,279084,0.0
8562,27679.5653654,2295.33513,11444.64,3995.996,1352.5267476,19531.494757,210931.938,5220.504,370.8,19.2,0.0,0.0,0.0,0.0,282842,0.0
8563,27709.44688,2295.33513,11444.64,3995.996,0.0,21568.93999,210931.938,5220.504,252.0,19.2,0.0,0.0,0.0,0.0,283438,0.0
8564,21539.672568,2295.33513,11444.64,3995.996,0.0,25670.714302,210931.938,5220.504,252.0,19.2,0.0,0.0,0.0,0.0,281370,0.0
8565,12922.9216922,2295.33513,11444.64,3995.996,0.0,27805.4651778,210931.938,5220.504,252.0,19.2,0.0,0.0,0.0,0.0,274888,0.0
8566,2617.09951148,2295.33513,11444.64,3995.996,0.0,28154.9551764,210931.938,5220.504,300.332182083,19.2,0.0,0.0,0.0,0.0,264980,0.0
8567,1742.5375,2295.33513,11444.64,3995.996,0.0,28354.3327348,203788.021635,3180.537,176.4,19.2,0.0,0.0,0.0,0.0,254997,0.0
8568,1742.5375,2295.33513,11444.64,3995.996,0.0,28394.8953026,196982.144067,2737.152,8.1,19.2,0.0,0.0,0.0,0.0,247620,0.0
8569,1793.8965,2252.02692,11444.64,3995.996,0.0,28483.1828969,192058.515683,2402.442,8.1,19.2,0.0,0.0,0.0,0.0,242458,0.0
8570,1793.8965,2252.02692,11444.64,3995.996,0.0,27666.233975,189081.464605,2402.442,8.1,19.2,0.0,0.0,0.0,0.0,238664,0.0
8571,1793.8965,2252.02692,11444.64,3995.996,0.0,26173.6348221,189170.063758,2402.442,8.1,19.2,0.0,0.0,0.0,0.0,237260,0.0
8572,1793.8965,2252.02692,11444.64,3995.996,0.0,24160.7308486,193414.967731,2402.442,8.1,19.2,0.0,0.0,0.0,0.0,239492,0.0
8573,1793.8965,2252.02692,11444.64,3995.996,0.0,22619.3182752,200484.695305,2845.827,176.4,19.2,0.0,0.0,0.0,0.0,245632,0.0
8574,5891.26354115,2252.02692,11444.64,3995.996,0.0,21822.3515389,205450.038,4551.084,176.4,19.2,0.0,0.0,0.0,0.0,255603,0.0
8575,16106.249464,2252.02692,11444.64,3995.996,0.0,22280.365616,205450.038,4551.084,176.4,19.2,0.0,0.0,0.0,0.0,266276,0.0
8576,23622.8972992,2252.02692,11444.64,3995.996,2301.60875845,23554.1090223,205450.038,4551.084,176.4,19.2,0.0,0.0,0.0,0.0,277368,0.0
8577,23192.9696538,2252.02692,11444.64,3995.996,11462.646428,23470.9989982,205450.038,4551.084,176.4,19.2,0.0,0.0,0.0,0.0,286016,0.0
8578,20020.1911851,2252.02692,11444.64,3995.996,19831.9646231,22720.4486961,205766.048576,4551.084,176.4,19.2,0.0,0.0,0.0,0.0,290778,0.0
8579,8945.35791591,2252.02692,11444.64,3995.996,26730.2088194,25331.4483447,205984.638,4551.084,176.4,19.2,0.0,0.0,0.0,0.0,289431,0.0
8580,1793.8965,2252.02692,11444.64,3995.996,30492.5933076,28086.3493693,204003.013903,4354.884,176.4,19.2,0.0,0.0,0.0,0.0,286619,0.0
8581,1793.8965,2252.02692,11444.64,3995.996,32474.313969,29024.6804963,199027.019115,2845.827,176.4,19.2,0.0,0.0,0.0,0.0,283054,0.0
8582,1793.8965,2252.02692,11444.64,3995.996,33027.2806928,27558.7444906,197839.473397,2724.642,8.1,19.2,0.0,0.0,0.0,0.0,280664,0.0
8583,1793.8965,2252.02692,11444.64,3995.996,30358.5605173,26426.6598732,198932.79319,2845.827,176.4,19.2,0.0,0.0,0.0,0.0,278246,0.0
8584,1793.8965,2252.02692,11444.64,3995.996,24423.8601445,26580.0772947,203129.015141,4260.888,176.4,19.2,0.0,0.0,0.0,0.0,278076,0.0
8585,12898.7331757,2252.02692,11444.64,3995.996,13995.2432956,26857.0386087,205984.638,4551.084,176.4,19.2,0.0,0.0,0.0,0.0,282175,0.0
8586,30129.8053025,2252.02692,11444.64,3995.996,1309.41075455,26260.7990229,205984.638,4551.084,176.4,19.2,0.0,0.0,0.0,0.0,286124,0.0
8587,26444.8485565,2252.02692,11444.64,3995.996,0.0,31517.1665235,205984.638,4551.084,176.4,19.2,0.0,0.0,0.0,0.0,286386,0.0
8588,15706.6370555,2252.02692,11444.64,3995.996,0.0,39899.3780245,205984.638,4551.084,176.4,19.2,0.0,0.0,0.0,0.0,284030,0.0
8589,6067.46565056,2252.02692,11444.64,3995.996,0.0,43932.5494294,205984.638,4551.084,176.4,19.2,0.0,0.0,0.0,0.0,278424,0.0
8590,1793.8965,2252.02692,11444.64,3995.996,0.0,40879.684411,204121.272169,4354.884,176.4,19.2,0.0,0.0,0.0,0.0,269038,0.0
8591,1793.8965,2252.02692,11444.64,3995.996,0.0,37115.2040675,200262.809512,2845.827,176.4,19.2,0.0,0.0,0.0,0.0,259906,0.0
8592,1793.8965,2252.02692,11444.64,3995.996,0.0,34205.1678313,197300.030749,2559.942,8.1,19.2,0.0,0.0,0.0,0.0,253579,0.0
8593,1713.1895,2223.15478,11444.64,3995.996,0.0,31008.5958358,195829.751884,2994.372,8.1,19.2,0.0,0.0,0.0,0.0,249237,0.0
8594,1713.1895,2223.15478,11444.64,3995.996,0.0,27386.6705759,195841.677144,2994.372,8.1,19.2,0.0,0.0,0.0,0.0,245627,0.0
8595,1713.1895,2223.15478,11444.64,3995.996,0.0,24159.1591575,197306.188562,2994.372,8.1,19.2,0.0,0.0,0.0,0.0,243864,0.0
8596,1713.1895,2223.15478,11444.64,3995.996,0.0,22381.3032381,200208.044482,2994.372,8.1,19.2,0.0,0.0,0.0,0.0,244988,0.0
8597,1713.1895,2223.15478,11444.64,3995.996,0.0,21182.7189015,205673.943818,3437.757,176.4,19.2,0.0,0.0,0.0,0.0,249867,0.0
8598,1713.1895,2223.15478,11444.64,3995.996,0.0,20683.56116,212751.59456,5276.664,252.0,19.2,0.0,0.0,0.0,0.0,258360,0.0
8599,10453.0532824,2223.15478,11444.64,3995.996,0.0,20303.2739376,213316.938,5734.944,370.8,19.2,0.0,0.0,0.0,0.0,267862,0.0
8600,18216.2741804,2223.15478,11444.64,3995.996,2278.58895341,20207.4640862,213316.938,5734.944,370.8,19.2,0.0,0.0,0.0,0.0,277808,0.0
8601,18793.385899,2223.15478,11444.64,3995.996,11047.3875605,18727.5537605,213316.938,5734.944,370.8,19.2,0.0,0.0,0.0,0.0,285674,0.0
8602,16663.0735486,2223.15478,11444.64,3995.996,20563.5143218,15603.5393496,213316.938,5734.944,252.0,19.2,0.0,0.0,0.0,0.0,289817,0.0
8603,9623.33891156,2223.15478,11444.64,3995.996,28055.3035454,14745.484763,213316.938,5734.944,252.0,19.2,0.0,0.0,0.0,0.0,289411,0.0
8604,1713.1895,2223.15478,11444.64,3995.996,33334.5129606,16242.1387928,212078.153967,5143.014,252.0,19.2,0.0,0.0,0.0,0.0,286446,0.0
8605,1713.1895,2223.15478,11444.64,3995.996,35424.345737,15972.9309344,206572.1085,4725.03454864,176.4,19.2,0.0,0.0,0.0,0.0,282267,0.0
8606,1713.1895,2223.15478,11444.64,3995.996,34580.0631752,15654.4308582,205627.168687,3437.757,176.4,19.2,0.0,0.0,0.0,0.0,278872,0.0
8607,1713.1895,2223.15478,11444.64,3995.996,31338.8312613,16756.6256467,204854.205812,3437.757,176.4,19.2,0.0,0.0,0.0,0.0,275960,0.0
8608,1713.1895,2223.15478,11444.64,3995.996,24855.6771318,16210.2339755,209291.694613,4946.814,176.4,19.2,0.0,0.0,0.0,0.0,274877,0.0
8609,12241.676605,2223.15478,11444.64,3995.996,14115.6208614,14915.1140917,213316.938,5734.944,305.715661911,19.2,0.0,0.0,0.0,0.0,278313,0.0
8610,28666.9003681,2223.15478,11444.64,3995.996,1350.37320715,14574.0536447,213316.938,5734.944,370.8,19.2,0.0,0.0,0.0,0.0,281697,0.0
8611,28553.7763591,2223.15478,11444.64,3995.996,0.0,17033.5508609,213316.938,5734.944,370.8,19.2,0.0,0.0,0.0,0.0,282693,0.0
8612,22894.6502669,2223.15478,11444.64,3995.996,0.0,20719.6769531,213316.938,5734.944,370.8,19.2,0.0,0.0,0.0,0.0,280720,0.0
8613,16377.9719832,2223.15478,11444.64,3995.996,0.0,22556.1552368,213316.938,5734.944,252.0,19.2,0.0,0.0,0.0,0.0,275921,0.0
8614,7591.50839574,2223.15478,11444.64,3995.996,0.0,22575.8188243,213316.938,5734.944,370.8,19.2,0.0,0.0,0.0,0.0,267273,0.0
8615,1713.1895,2223.15478,11444.64,3995.996,0.0,21579.5187294,212370.286991,5143.014,252.0,19.2,0.0,0.0,0.0,0.0,258741,0.0
8616,1713.1895,2223.15478,11444.64,3995.996,0.0,20782.726592,206878.875128,4852.818,176.4,19.2,0.0,0.0,0.0,0.0,252087,0.0
8617,1779.2225,2208.71871,11444.64,3951.348,0.0,20196.8254471,203394.757343,4260.888,176.4,19.2,0.0,0.0,0.0,0.0,247432,0.0
8618,1779.2225,2208.71871,11444.64,3951.348,0.0,19379.8743252,201538.4985,2976.09796476,176.4,19.2,0.0,0.0,0.0,0.0,243474,0.0
8619,1779.2225,2208.71871,11444.64,3951.348,0.0,19145.0185701,200490.62522,2845.827,176.4,19.2,0.0,0.0,0.0,0.0,242061,0.0
8620,1779.2225,2208.71871,11444.64,3951.348,0.0,20253.2987237,200980.345066,2845.827,176.4,19.2,0.0,0.0,0.0,0.0,243659,0.0
8621,1779.2225,2208.71871,11444.64,3951.348,0.0,22322.108177,203033.474613,4260.888,176.4,19.2,0.0,0.0,0.0,0.0,249196,0.0
8622,5341.15082852,2208.71871,11444.64,3951.348,0.0,24752.2204615,206434.638,4551.084,252.0,19.2,0.0,0.0,0.0,0.0,258955,0.0
8623,14125.286509,2208.71871,11444.64,3951.348,0.0,26757.084781,206434.638,4551.084,252.0,19.2,0.0,0.0,0.0,0.0,269744,0.0
8624,20595.4547585,2208.71871,11444.64,3951.348,2202.96279124,28458.1537403,206434.638,4551.084,370.8,19.2,0.0,0.0,0.0,0.0,280237,0.0
8625,23241.5703207,2208.71871,11444.64,3951.348,11254.1382361,25612.8627333,206434.638,4551.084,370.8,19.2,0.0,0.0,0.0,0.0,289089,0.0
8626,25767.9967143,2208.71871,11444.64,3951.348,20435.9918121,19652.5827636,206434.638,4551.084,370.8,19.2,0.0,0.0,0.0,0.0,294837,0.0
8627,15422.5021821,2208.71871,11444.64,3951.348,28439.2836309,20575.785477,206434.638,4551.084,370.8,19.2,0.0,0.0,0.0,0.0,293418,0.0
8628,1779.2225,2208.71871,11444.64,3951.348,33405.9661681,26121.3517215,205768.0689,4551.084,176.4,19.2,0.0,0.0,0.0,0.0,289426,0.0
8629,1779.2225,2208.71871,11444.64,3951.348,36230.5369124,26697.0431249,199076.063753,2845.827,176.4,19.2,0.0,0.0,0.0,0.0,284429,0.0
8630,1779.2225,2208.71871,11444.64,3951.348,35317.7112758,25950.6957987,197442.421716,2559.942,8.1,19.2,0.0,0.0,0.0,0.0,280682,0.0
8631,1779.2225,2208.71871,11444.64,3951.348,32176.3149113,26125.1851996,197046.828679,2402.442,8.1,19.2,0.0,0.0,0.0,0.0,277162,0.0
8632,1779.2225,2208.71871,11444.64,3951.348,25637.2406533,25770.3023318,201646.4985,3680.42930489,176.4,19.2,0.0,0.0,0.0,0.0,276314,0.0
8633,11803.3815914,2208.71871,11444.64,3951.348,14380.1089668,24443.0807318,206434.638,4551.084,370.8,19.2,0.0,0.0,0.0,0.0,279607,0.0
8634,29497.4048012,2208.71871,11444.64,3951.348,1480.4604454,22978.8313166,206434.638,4551.084,309.674726836,19.2,0.0,0.0,0.0,0.0,282876,0.0
8635,26414.1810528,2208.71871,11444.64,3951.348,0.0,27987.1902372,206434.638,4551.084,252.0,19.2,0.0,0.0,0.0,0.0,283263,0.0
8636,14678.7707141,2208.71871,11444.64,3951.348,0.0,37899.6005759,206434.638,4551.084,252.0,19.2,0.0,0.0,0.0,0.0,281440,0.0
8637,2329.48132732,2208.71871,11444.64,3951.348,0.0,45515.8899627,206434.638,4551.084,252.0,19.2,0.0,0.0,0.0,0.0,276707,0.0
8638,1779.2225,2208.71871,11444.64,3951.348,0.0,48066.9765544,197990.852236,2559.942,8.1,19.2,0.0,0.0,0.0,0.0,268029,0.0
8639,1779.2225,2208.71871,11444.64,3951.348,0.0,47295.89257,189870.43622,2402.442,8.1,19.2,0.0,0.0,0.0,0.0,258980,0.0
8640,1779.2225,2208.71871,11444.64,3951.348,0.0,44393.2134915,186276.115299,2402.442,8.1,19.2,0.0,0.0,0.0,0.0,252483,0.0
8641,1826.913,2194.28264,11444.64,3929.024,0.0,40827.6912087,184587.307151,2524.842,8.1,19.2,0.0,0.0,0.0,0.0,247362,0.0
8642,1826.913,2194.28264,11444.64,3929.024,0.0,36811.4963066,184385.502053,2524.842,8.1,19.2,0.0,0.0,0.0,0.0,243144,0.0
8643,1826.913,2194.28264,11444.64,3929.024,0.0,33797.2264671,185599.771893,2524.842,8.1,19.2,0.0,0.0,0.0,0.0,241344,0.0
8644,1826.913,2194.28264,11444.64,3929.024,0.0,31888.2934983,190104.704862,2524.842,8.1,19.2,0.0,0.0,0.0,0.0,243940,0.0
8645,1826.913,2194.28264,11444.64,3929.024,0.0,31134.5624143,197278.435946,2524.842,8.1,19.2,0.0,0.0,0.0,0.0,250360,0.0
8646,1826.913,2194.28264,11444.64,3929.024,0.0,31624.3625096,204205.88985,4383.288,176.4,19.2,0.0,0.0,0.0,0.0,259804,0.0
8647,5797.67105978,2194.28264,11444.64,3929.024,0.0,32854.2391671,208951.938,4785.00513317,252.0,19.2,0.0,0.0,0.0,0.0,270228,0.0
8648,12235.9171752,2194.28264,11444.64,3929.024,2328.29944538,34168.8147394,208951.938,4795.884,252.0,19.2,0.0,0.0,0.0,0.0,280320,0.0
8649,14325.7044545,2194.28264,11444.64,3929.024,11752.6251907,30086.7017148,208951.938,4795.884,252.0,19.2,0.0,0.0,0.0,0.0,287752,0.0
8650,14676.0996546,2194.28264,11444.64,3929.024,21228.4284553,23898.5032501,208951.938,4795.884,252.0,19.2,0.0,0.0,0.0,0.0,291390,0.0
8651,4888.00361699,2194.28264,11444.64,3929.024,28975.1758378,24377.8519052,208951.938,4795.884,252.0,19.2,0.0,0.0,0.0,0.0,289828,0.0
8652,1826.913,2194.28264,11444.64,3929.024,33776.0909641,26024.0798785,203354.6085,3489.76101739,176.4,19.2,0.0,0.0,0.0,0.0,286235,0.0
8653,1826.913,2194.28264,11444.64,3929.024,35851.0842165,21956.3295716,202065.899572,2968.227,176.4,19.2,0.0,0.0,0.0,0.0,282432,0.0
8654,1826.913,2194.28264,11444.64,3929.024,34974.0417071,17577.0282489,203408.6085,3550.86190399,176.4,19.2,0.0,0.0,0.0,0.0,279101,0.0
8655,1826.913,2194.28264,11444.64,3929.024,31017.5524306,15235.6677562,206189.036173,4477.284,176.4,19.2,0.0,0.0,0.0,0.0,276510,0.0
8656,6471.67665862,2194.28264,11444.64,3929.024,25180.3314823,13391.0232191,208951.938,4795.884,252.0,19.2,0.0,0.0,0.0,0.0,276630,0.0
8657,23161.0241676,2194.28264,11444.64,3929.024,14051.0014715,11819.0057209,208951.938,4795.884,252.0,19.2,0.0,0.0,0.0,0.0,280618,0.0
8658,36685.0,2194.28264,11444.64,3929.024,1421.20788685,12585.275733,208951.938,4795.884,1177.51574012,1496.232,0.0,0.0,0.0,0.0,284681,0.0
8659,35698.3253401,2194.28264,11444.64,3929.024,0.0,18472.7060199,208951.938,4795.884,252.0,19.2,0.0,0.0,0.0,0.0,285758,0.0
8660,24508.3961099,2194.28264,11444.64,3929.024,0.0,27408.6352501,208951.938,4795.884,252.0,19.2,0.0,0.0,0.0,0.0,283504,0.0
8661,10149.3860627,2194.28264,11444.64,3929.024,0.0,36568.6452973,208951.938,4795.884,252.0,19.2,0.0,0.0,0.0,0.0,278305,0.0
8662,1826.913,2194.28264,11444.64,3929.024,0.0,40995.5813473,204200.671013,4383.288,176.4,19.2,0.0,0.0,0.0,0.0,269170,0.0
8663,1826.913,2194.28264,11444.64,3929.024,0.0,43818.8067807,193870.191579,2524.842,8.1,19.2,0.0,0.0,0.0,0.0,259636,0.0
8664,1826.913,2194.28264,11444.64,3929.024,0.0,45697.2297243,184574.768636,2524.842,8.1,19.2,0.0,0.0,0.0,0.0,252219,0.0
8665,1812.239,2179.84657,11444.64,3862.052,0.0,47042.2880221,177792.192408,2402.442,8.1,19.2,0.0,0.0,0.0,0.0,246563,0.0
8666,1812.239,2179.84657,11444.64,3862.052,0.0,48073.7830154,171639.697415,2402.442,8.1,19.2,0.0,0.0,0.0,0.0,241442,0.0
8667,1812.239,2179.84657,11444.64,3862.052,0.0,48663.3186396,168281.06179,2275.542,8.1,19.2,0.0,0.0,0.0,0.0,238546,0.0
8668,1812.239,2179.84657,11444.64,3862.052,0.0,47229.2310516,169933.249378,2402.442,8.1,19.2,0.0,0.0,0.0,0.0,238891,0.0
8669,1812.239,2179.84657,11444.64,3862.052,0.0,44831.9082794,176694.572151,2402.442,8.1,19.2,0.0,0.0,0.0,0.0,243255,0.0
8670,1812.239,2179.84657,11444.64,3862.052,0.0,42399.1789098,187350.30152,2402.442,8.1,19.2,0.0,0.0,0.0,0.0,251478,0.0
8671,1812.239,2179.84657,11444.64,3862.052,0.0,41339.1580799,196715.673,3567.7913501,176.4,19.2,0.0,0.0,0.0,0.0,261117,0.0
8672,6948.03497332,2179.84657,11444.64,3862.052,2160.57022793,40022.7297182,199159.173,4551.084,309.669510583,19.2,0.0,0.0,0.0,0.0,270657,0.0
8673,11990.4812212,2179.84657,11444.64,3862.052,11055.2103707,33802.312838,199159.173,4551.084,252.0,19.2,0.0,0.0,0.0,0.0,278316,0.0
8674,12499.9287411,2179.84657,11444.64,3862.052,19722.6858644,29194.3898245,199159.173,4551.084,252.0,19.2,0.0,0.0,0.0,0.0,282885,0.0
8675,3777.28450067,2179.84657,11444.64,3862.052,26934.7831927,30536.9367366,199159.173,4551.084,252.0,19.2,0.0,0.0,0.0,0.0,282717,0.0
8676,1812.239,2179.84657,11444.64,3862.052,31322.1440109,30978.4199085,195163.231511,2845.827,176.4,19.2,0.0,0.0,0.0,0.0,279804,0.0
8677,1812.239,2179.84657,11444.64,3862.052,32679.9687231,26855.7367161,193981.089991,2845.827,176.4,19.2,0.0,0.0,0.0,0.0,275857,0.0
8678,1812.239,2179.84657,11444.64,3862.052,32528.8392832,21755.9166193,195523.039528,2845.827,176.4,19.2,0.0,0.0,0.0,0.0,272148,0.0
8679,1812.239,2179.84657,11444.64,3862.052,29775.5649931,18105.4080232,197183.761414,4260.888,176.4,19.2,0.0,0.0,0.0,0.0,268820,0.0
8680,6364.9159184,2179.84657,11444.64,3862.052,23691.3484673,16180.7400443,199159.173,4551.084,252.0,19.2,0.0,0.0,0.0,0.0,267705,0.0
8681,20516.3511716,2179.84657,11444.64,3862.052,13602.720454,14650.9328045,199159.173,4551.084,252.0,19.2,0.0,0.0,0.0,0.0,270238,0.0
8682,36685.0,2179.84657,11444.64,3862.052,1541.96963347,13503.6262743,199159.173,4551.084,460.408522246,19.2,0.0,0.0,0.0,0.0,273407,0.0
8683,36226.2728656,2179.84657,11444.64,3862.052,0.0,16648.7315644,199159.173,4551.084,252.0,19.2,0.0,0.0,0.0,0.0,274343,0.0
8684,29195.4630985,2179.84657,11444.64,3862.052,0.0,22347.5413315,199159.173,4551.084,252.0,19.2,0.0,0.0,0.0,0.0,273011,0.0
8685,19838.8909222,2179.84657,11444.64,3862.052,0.0,27381.1135078,199159.173,4551.084,252.0,19.2,0.0,0.0,0.0,0.0,268688,0.0
8686,8573.89858745,2179.84657,11444.64,3862.052,0.0,30431.1058425,199159.173,4551.084,252.0,19.2,0.0,0.0,0.0,0.0,260473,0.0
8687,1812.239,2179.84657,11444.64,3862.052,0.0,32239.5905866,196553.673,3304.35884339,176.4,19.2,0.0,0.0,0.0,0.0,251592,0.0
8688,1812.239,2179.84657,11444.64,3862.052,0.0,32842.7548327,190637.725597,2402.442,8.1,19.2,0.0,0.0,0.0,0.0,245209,0.0
8689,1808.5705,2194.28264,11444.64,3683.46,0.0,32616.928526,185818.446334,2994.372,8.1,19.2,0.0,0.0,0.0,0.0,240588,0.0
8690,1808.5705,2194.28264,11444.64,3683.46,0.0,32508.2413484,182116.133512,2994.372,8.1,19.2,0.0,0.0,0.0,0.0,236777,0.0
8691,1808.5705,2194.28264,11444.64,3683.46,0.0,32172.0268736,180879.347986,2994.372,8.1,19.2,0.0,0.0,0.0,0.0,235204,0.0
8692,1808.5705,2194.28264,11444.64,3683.46,0.0,29333.7696262,185739.605234,2994.372,8.1,19.2,0.0,0.0,0.0,0.0,237226,0.0
8693,1808.5705,2194.28264,11444.64,3683.46,0.0,26452.7940236,194404.580836,2994.372,8.1,19.2,0.0,0.0,0.0,0.0,243010,0.0
8694,1808.5705,2194.28264,11444.64,3683.46,0.0,25418.007549,204911.682311,3437.757,176.4,19.2,0.0,0.0,0.0,0.0,253094,0.0
8695,2274.28853462,2194.28264,11444.64,3683.46,0.0,25037.9468254,213483.438,5734.944,370.8,19.2,0.0,0.0,0.0,0.0,264243,0.0
8696,10972.6251888,2194.28264,11444.64,3683.46,2059.23809363,24819.2610776,213483.438,5734.944,484.911,19.2,0.0,0.0,0.0,0.0,274896,0.0
8697,13630.0433771,2194.28264,11444.64,3683.46,11063.5924175,21922.4885655,213483.438,5734.944,484.911,19.2,0.0,0.0,0.0,0.0,283661,0.0
8698,13429.8108649,2194.28264,11444.64,3683.46,20235.3283652,19413.9851299,213483.438,5734.944,484.911,19.2,0.0,0.0,0.0,0.0,290124,0.0
8699,4487.95192035,2194.28264,11444.64,3683.46,27798.8720853,21505.3003544,213483.438,5734.944,484.911,19.2,0.0,0.0,0.0,0.0,290837,0.0
8700,1808.5705,2194.28264,11444.64,3683.46,32508.7338785,23908.5324927,209048.366489,4946.814,176.4,19.2,0.0,0.0,0.0,0.0,289739,0.0
8701,1808.5705,2194.28264,11444.64,3683.46,34637.394564,23033.7947017,206472.6585,3800.59909431,176.4,19.2,0.0,0.0,0.0,0.0,287271,0.0
8702,1808.5705,2194.28264,11444.64,3683.46,34464.266976,21736.3687311,205770.054153,3437.757,176.4,19.2,0.0,0.0,0.0,0.0,284735,0.0
8703,1808.5705,2194.28264,11444.64,3683.46,30142.5682122,20924.1368822,207343.923766,4852.818,176.4,19.2,0.0,0.0,0.0,0.0,282590,0.0
8704,1808.5705,2194.28264,11444.64,3683.46,23748.5640826,20161.8551474,213483.438,5734.944,474.045630031,19.2,0.0,0.0,0.0,0.0,282753,0.0
8705,16364.6860062,2194.28264,11444.64,3683.46,13690.212701,19532.2256528,213483.438,5734.944,484.911,19.2,0.0,0.0,0.0,0.0,286632,0.0
8706,34395.891774,2194.28264,11444.64,3683.46,1624.89760727,17554.3349788,213483.438,5734.944,484.911,19.2,0.0,0.0,0.0,0.0,290620,0.0
8707,35518.326488,2194.28264,11444.64,3683.46,0.0,18847.797872,213483.438,5734.944,484.911,19.2,0.0,0.0,0.0,0.0,291411,0.0
8708,29534.7918423,2194.28264,11444.64,3683.46,0.0,22402.3325177,213483.438,5734.944,484.911,19.2,0.0,0.0,0.0,0.0,288982,0.0
8709,21251.3150683,2194.28264,11444.64,3683.46,0.0,24816.8092917,213483.438,5734.944,484.911,19.2,0.0,0.0,0.0,0.0,283113,0.0
8710,10804.4814356,2194.28264,11444.64,3683.46,0.0,25518.096976,213483.438,5734.944,465.456948428,19.2,0.0,0.0,0.0,0.0,273348,0.0
8711,1808.5705,2194.28264,11444.64,3683.46,0.0,26018.7951087,212806.237751,5207.814,252.0,19.2,0.0,0.0,0.0,0.0,263435,0.0
8712,1808.5705,2194.28264,11444.64,3683.46,0.0,26484.5453417,206526.6585,3618.2430183,176.4,19.2,0.0,0.0,0.0,0.0,255956,0.0
8713,1823.2445,2208.71871,11444.64,3549.516,0.0,26793.423773,201538.135017,3065.022,8.1,19.2,0.0,0.0,0.0,0.0,250450,0.0
8714,1823.2445,2208.71871,11444.64,3549.516,0.0,26838.7630134,196953.795777,3065.022,8.1,19.2,0.0,0.0,0.0,0.0,245911,0.0
8715,1823.2445,2208.71871,11444.64,3549.516,0.0,26622.8337499,195274.72504,3065.022,8.1,19.2,0.0,0.0,0.0,0.0,244016,0.0
8716,1823.2445,2208.71871,11444.64,3549.516,0.0,26850.1910479,196782.367742,3065.022,8.1,19.2,0.0,0.0,0.0,0.0,245751,0.0
8717,1823.2445,2208.71871,11444.64,3549.516,0.0,25948.1672131,203716.391577,3065.022,8.1,19.2,0.0,0.0,0.0,0.0,251783,0.0
8718,1823.2445,2208.71871,11444.64,3549.516,0.0,25028.8684774,213321.748313,5114.664,176.4,19.2,0.0,0.0,0.0,0.0,262687,0.0
8719,8463.31177329,2208.71871,11444.64,3549.516,0.0,24480.6315167,217825.938,5876.244,370.8,19.2,0.0,0.0,0.0,0.0,274239,0.0
8720,17952.6124042,2208.71871,11444.64,3549.516,2066.81896586,23851.4009199,217825.938,5876.244,484.911,19.2,0.0,0.0,0.0,0.0,285280,0.0
8721,20457.4338758,2208.71871,11444.64,3549.516,11131.2389815,21474.1594327,217825.938,5876.244,484.911,19.2,0.0,0.0,0.0,0.0,294472,0.0
8722,18502.8703349,2208.71871,11444.64,3549.516,20148.6254577,19559.3364975,217825.938,5876.244,484.911,19.2,0.0,0.0,0.0,0.0,299620,0.0
8723,9458.53331992,2208.71871,11444.64,3549.516,27418.2622671,19244.036703,217825.938,5876.244,484.911,19.2,0.0,0.0,0.0,0.0,297530,0.0
8724,1823.2445,2208.71871,11444.64,3549.516,33261.4563734,20076.2237376,215392.336679,5213.664,252.0,19.2,0.0,0.0,0.0,0.0,293241,0.0
8725,1823.2445,2208.71871,11444.64,3549.516,35966.5129512,20056.0374533,209242.323385,3508.407,176.4,19.2,0.0,0.0,0.0,0.0,287995,0.0
8726,1823.2445,2208.71871,11444.64,3549.516,35243.7430966,19114.0825472,206438.5935,3404.86164618,176.4,19.2,0.0,0.0,0.0,0.0,283423,0.0
8727,1823.2445,2208.71871,11444.64,3549.516,31466.2441872,19611.9284963,206364.186106,3387.222,8.1,19.2,0.0,0.0,0.0,0.0,279883,0.0
8728,1823.2445,2208.71871,11444.64,3549.516,25237.2060647,19375.9702475,210442.636478,4923.468,176.4,19.2,0.0,0.0,0.0,0.0,279201,0.0
8729,8389.01014744,2208.71871,11444.64,3549.516,14687.331586,19566.4905566,217825.938,5876.244,484.911,19.2,0.0,0.0,0.0,0.0,284052,0.0
8730,27900.0187366,2208.71871,11444.64,3549.516,1931.54094771,18565.8899863,217825.938,5876.244,403.293619421,19.2,0.0,0.0,0.0,0.0,289725,0.0
8731,29928.46885,2208.71871,11444.64,3549.516,0.0,21193.47444,217825.938,5876.244,370.8,19.2,0.0,0.0,0.0,0.0,292417,0.0
8732,25463.4234799,2208.71871,11444.64,3549.516,0.0,25564.5198101,217825.938,5876.244,370.8,19.2,0.0,0.0,0.0,0.0,292323,0.0
8733,19258.0127552,2208.71871,11444.64,3549.516,0.0,27358.9305348,217825.938,5876.244,370.8,19.2,0.0,0.0,0.0,0.0,287912,0.0
8734,6699.75482278,2208.71871,11444.64,3549.516,0.0,29536.1884672,217825.938,5876.244,370.8,19.2,0.0,0.0,0.0,0.0,277531,0.0
8735,1823.2445,2208.71871,11444.64,3549.516,0.0,31210.6071789,211050.205611,4923.468,176.4,19.2,0.0,0.0,0.0,0.0,266406,0.0
8736,1823.2445,2208.71871,11444.64,3549.516,0.0,32342.0894997,203670.46929,3065.022,8.1,19.2,0.0,0.0,0.0,0.0,258131,0.0
8737,1892.946,2266.46299,11444.64,3437.896,0.0,33583.3725919,196279.500418,2775.582,176.4,19.2,0.0,0.0,0.0,0.0,251876,0.0
8738,1892.946,2266.46299,11444.64,3437.896,0.0,34223.1409282,191179.172082,2402.442,8.1,19.2,0.0,0.0,0.0,0.0,246874,0.0
8739,1892.946,2266.46299,11444.64,3437.896,0.0,35005.8265464,187934.486464,2402.442,8.1,19.2,0.0,0.0,0.0,0.0,244412,0.0
8740,1892.946,2266.46299,11444.64,3437.896,0.0,34602.7405546,189342.572455,2402.442,8.1,19.2,0.0,0.0,0.0,0.0,245417,0.0
8741,1892.946,2266.46299,11444.64,3437.896,0.0,33522.5010404,195679.61197,2724.642,8.1,19.2,0.0,0.0,0.0,0.0,250996,0.0
8742,4272.55599199,2266.46299,11444.64,3437.896,0.0,32583.373018,202852.638,4485.834,176.4,19.2,0.0,0.0,0.0,0.0,261539,0.0
8743,15909.3580982,2266.46299,11444.64,3437.896,0.0,32060.5709118,202852.638,4485.834,176.4,19.2,0.0,0.0,0.0,0.0,272653,0.0
8744,25146.2217928,2266.46299,11444.64,3437.896,1958.5037798,31346.5159007,202852.638,4548.5215367,176.4,19.2,0.0,0.0,0.0,0.0,283197,0.0
8745,26455.741636,2266.46299,11444.64,3437.896,10815.0181982,29656.9191758,202852.638,4551.084,176.4,19.2,0.0,0.0,0.0,0.0,291676,0.0
8746,25579.9815255,2266.46299,11444.64,3437.896,19208.1859064,25622.5115781,202852.638,4551.084,176.4,19.2,0.0,0.0,0.0,0.0,295159,0.0
8747,17208.813537,2266.46299,11444.64,3437.896,27015.5512965,23457.3141765,202852.638,4551.084,176.4,19.2,0.0,0.0,0.0,0.0,292430,0.0
8748,7152.26824887,2266.46299,11444.64,3437.896,31653.3508154,24720.0599457,202852.638,4551.084,176.4,19.2,0.0,0.0,0.0,0.0,288274,0.0
8749,1892.946,2266.46299,11444.64,3437.896,32448.7482695,27501.6880172,200204.130723,4260.888,176.4,19.2,0.0,0.0,0.0,0.0,283653,0.0
8750,1892.946,2266.46299,11444.64,3437.896,31767.4953939,26275.4841389,199031.0985,3229.37697718,176.4,19.2,0.0,0.0,0.0,0.0,279541,0.0
8751,1892.946,2266.46299,11444.64,3437.896,28962.9103638,25508.8956287,199247.0985,3581.55051754,176.4,19.2,0.0,0.0,0.0,0.0,276538,0.0
8752,1892.946,2266.46299,11444.64,3437.896,22313.8574536,27574.8304985,202531.883058,4354.884,176.4,19.2,0.0,0.0,0.0,0.0,276013,0.0
8753,11394.640275,2266.46299,11444.64,3437.896,13198.258706,30293.780029,202852.638,4551.084,176.4,19.2,0.0,0.0,0.0,0.0,279635,0.0
8754,24010.9452267,2266.46299,11444.64,3437.896,1778.53508907,32989.1986942,202852.638,4551.084,176.4,19.2,0.0,0.0,0.0,0.0,283527,0.0
8755,21812.721852,2266.46299,11444.64,3437.896,0.0,38967.957158,202852.638,4551.084,176.4,19.2,0.0,0.0,0.0,0.0,285529,0.0
8756,11896.6636095,2266.46299,11444.64,3437.896,0.0,48740.0154005,202852.638,4551.084,176.4,19.2,0.0,0.0,0.0,0.0,285385,0.0
8757,2620.3652063,2266.46299,11444.64,3437.896,0.0,55707.3138037,202852.638,4551.084,176.4,19.2,0.0,0.0,0.0,0.0,283076,0.0
8758,1892.946,2266.46299,11444.64,3437.896,0.0,56832.5655602,197715.06245,2845.827,176.4,19.2,0.0,0.0,0.0,0.0,276631,0.0
8759,1892.946,2266.46299,11444.64,3437.896,0.0,55167.6161942,193480.696816,2402.442,8.1,19.2,0.0,0.0,0.0,0.0,270120,0.0
8760,1892.946,2266.46299,11444.64,3437.896,0.0,52951.0474868,188080.265523,2402.442,8.1,19.2,0.0,0.0,0.0,0.0,262503,0.0
